      1      2      1      2 -0.698477000000000     
      1      5      1      2   1.88422500000000     
      1      3      1      3 -0.698477000000000     
      2      5      1      3   1.63178671644573     
      1      6      1      3  0.942112500000000     
      2      3      2      3  -1.97622550000000     
      1      4      2      3   1.27774850000000     
      3      5      2      3  0.942112500000000     
      2      6      2      3  0.942112500000000     
      5      6      2      3   3.11788835669272     
      2      3      1      4   1.27774850000000     
      1      4      1      4  -1.97622550000000     
      3      5      1      4  0.942112500000000     
      2      6      1      4  0.942112500000000     
      5      6      1      4  -3.11788835669272     
      2      4      2      4 -0.698477000000000     
      4      5      2      4  0.942112500000000     
      3      6      2      4   1.63178671644573     
      3      4      3      4 -0.698477000000000     
      4      6      3      4   1.88422500000000     
      1      2      1      5   1.88422500000000     
      1      5      1      5 -0.627344000000000     
      1      3      2      5   1.63178671644573     
      2      5      2      5 -0.193872750000000     
      1      6      2      5 -0.750794228620391     
      2      3      3      5  0.942112500000000     
      1      4      3      5  0.942112500000000     
      3      5      3      5  0.239598500000000     
      2      6      3      5 -0.866942500000001     
      5      6      3      5  0.000000000000000E+000
      2      4      4      5  0.942112500000000     
      4      5      4      5  0.673069750000001     
      3      6      4      5 -0.750794228620391     
      1      3      1      6  0.942112500000000     
      2      5      1      6 -0.750794228620391     
      1      6      1      6  0.673069750000001     
      2      3      2      6  0.942112500000000     
      1      4      2      6  0.942112500000000     
      3      5      2      6 -0.866942500000001     
      2      6      2      6  0.239598500000000     
      5      6      2      6  0.000000000000000E+000
      2      4      3      6   1.63178671644573     
      4      5      3      6 -0.750794228620391     
      3      6      3      6 -0.193872750000000     
      3      4      4      6   1.88422500000000     
      4      6      4      6 -0.627344000000000     
      2      3      5      6   3.11788835669272     
      1      4      5      6  -3.11788835669272     
      3      5      5      6  0.000000000000000E+000
      2      6      5      6  0.000000000000000E+000
      5      6      5      6  0.344810000000000     
      1      7      1      7  -6.13403500000000     
      2      7      2      7  -3.69376300000000     
      5      7      2      7  0.985924500000000     
      1      8      2      7  -2.44027200000000     
      1     11      2      7  -1.00032450000000     
      3      7      3      7  -2.86542850000000     
      6      7      3      7  -1.46805639707305     
      2      8      3      7 -0.956478293108106     
      5      8      3      7   1.98603030698697     
      1      9      3      7  -1.61193750000000     
      2     11      3      7  0.278119483451190     
      5     11      3      7  0.958961964963523     
      1     12      3      7  -2.48236607591227     
      4      7      4      7  -3.15282875000000     
      3      8      4      7  0.287400250000002     
      6      8      4      7  -1.46805639707305     
      2      9      4      7  -1.11573475000000     
      5      9      4      7   2.45398089707305     
      1     10      4      7 -0.496202750000000     
      3     11      4      7   1.48204157591227     
      6     11      4      7 -0.816356370967079     
      2     12      4      7  -2.48236607591227     
      5     12      4      7   2.47732721680999     
      2      7      5      7  0.985924500000000     
      5      7      5      7  -3.68751350000000     
      1      8      5      7 -0.985924500000000     
      1     11      5      7  -2.57901300000000     
      3      7      6      7  -1.46805639707305     
      6      7      6      7  -3.54031925000000     
      2      8      6      7   2.26438928754700     
      5      8      6      7 -8.498263986066479E-002
      1      9      6      7  -2.45398089707305     
      2     11      6      7  0.761293271096821     
      5     11      6      7  -1.70092016603672     
      1     12      6      7  -3.89761162500000     
      2      7      1      8  -2.44027200000000     
      5      7      1      8 -0.985924500000000     
      1      8      1      8  -3.69376300000000     
      1     11      1      8   1.00032450000000     
      3      7      2      8 -0.956478293108106     
      6      7      2      8   2.26438928754700     
      2      8      2      8  -5.02958900000000     
      5      8      2      8  -1.30734576471537     
      1      9      2      8 -0.956478293108106     
      2     11      2      8  -1.32146921727485     
      5     11      2      8  -1.10731389722860     
      1     12      2      8   2.28885182495831     
      4      7      3      8  0.287400250000002     
      3      8      3      8  -4.25727475000000     
      6      8      3      8   1.14663513235768     
      2      9      3      8  -1.60064875000000     
      5      9      3      8 -0.160710632357682     
      1     10      3      8  -1.11573475000000     
      3     11      3      8  -1.16089685863742     
      6     11      3      8   1.37001331958138     
      2     12      3      8  0.160572358637424     
      5     12      3      8  -1.92367026819568     
      4      8      4      8  -2.86542850000000     
      3      9      4      8 -0.956478293108106     
      6      9      4      8 -0.278358980560028     
      2     10      4      8  -1.61193750000000     
      5     10      4      8   2.45398089707305     
      4     11      4      8   1.48204157591227     
      3     12      4      8  -2.01073234150712     
      6     12      4      8  0.958961964963523     
      3      7      5      8   1.98603030698697     
      6      7      5      8 -8.498263986066501E-002
      2      8      5      8  -1.30734576471537     
      5      8      5      8  -3.63844875000000     
      1      9      5      8  0.278358980560028     
      2     11      5      8  -3.01854587500000     
      5     11      5      8  0.982026715731362     
      1     12      5      8  0.761293271096821     
      4      7      6      8  -1.46805639707305     
      3      8      6      8   1.14663513235768     
      6      8      6      8  -3.58938400000000     
      2      9      6      8  0.160710632357682     
      5      9      6      8 -9.812949999999931E-002
      1     10      6      8  -2.45398089707305     
      3     11      6      8  0.879065750000001     
      6     11      6      8 -0.982026715731362     
      2     12      6      8  -3.45807875000000     
      5     12      6      8 -0.982026715731362     
      7      8      7      8  -1.28116900000000     
      7     11      7      8   2.00109900000000     
      3      7      1      9  -1.61193750000000     
      6      7      1      9  -2.45398089707305     
      2      8      1      9 -0.956478293108106     
      5      8      1      9  0.278358980560028     
      1      9      1      9  -2.86542850000000     
      2     11      1      9   2.01073234150712     
      5     11      1      9  0.958961964963523     
      1     12      1      9  -1.48204157591227     
      4      7      2      9  -1.11573475000000     
      3      8      2      9  -1.60064875000000     
      6      8      2      9  0.160710632357682     
      2      9      2      9  -4.25727475000000     
      5      9      2      9  -1.14663513235768     
      1     10      2      9  0.287400250000002     
      3     11      2      9 -0.160572358637424     
      6     11      2      9  -1.92367026819568     
      2     12      2      9   1.16089685863742     
      5     12      2      9   1.37001331958138     
      4      8      3      9 -0.956478293108106     
      3      9      3      9  -5.02958900000000     
      6      9      3      9   1.30734576471537     
      2     10      3      9 -0.956478293108106     
      5     10      3      9  -2.26438928754700     
      4     11      3      9  -2.28885182495831     
      3     12      3      9   1.32146921727485     
      6     12      3      9  -1.10731389722860     
      4      9      4      9  -3.69376300000000     
      3     10      4      9  -2.44027200000000     
      6     10      4      9  0.985924500000000     
      4     12      4      9  -1.00032450000000     
      4      7      5      9   2.45398089707305     
      3      8      5      9 -0.160710632357682     
      6      8      5      9 -9.812949999999931E-002
      2      9      5      9  -1.14663513235768     
      5      9      5      9  -3.58938400000000     
      1     10      5      9   1.46805639707305     
      3     11      5      9  -3.45807875000000     
      6     11      5      9  0.982026715731362     
      2     12      5      9  0.879065750000001     
      5     12      5      9  0.982026715731362     
      4      8      6      9 -0.278358980560028     
      3      9      6      9   1.30734576471537     
      6      9      6      9  -3.63844875000000     
      2     10      6      9  -1.98603030698697     
      5     10      6      9 -8.498263986066501E-002
      4     11      6      9  0.761293271096821     
      3     12      6      9  -3.01854587500000     
      6     12      6      9 -0.982026715731362     
      7      9      7      9  -1.28116900000000     
      8     11      7      9   1.73300256948764     
      7     12      7      9   1.00054950000000     
      8      9      8      9  -2.64539200000000     
      7     10      8      9   1.36422300000000     
      9     11      8      9   1.00054950000000     
      8     12      8      9   1.00054950000000     
     11     12      8      9   3.33329570965914     
      4      7      1     10 -0.496202750000000     
      3      8      1     10  -1.11573475000000     
      6      8      1     10  -2.45398089707305     
      2      9      1     10  0.287400250000002     
      5      9      1     10   1.46805639707305     
      1     10      1     10  -3.15282875000000     
      3     11      1     10   2.48236607591227     
      6     11      1     10   2.47732721680999     
      2     12      1     10  -1.48204157591227     
      5     12      1     10 -0.816356370967079     
      4      8      2     10  -1.61193750000000     
      3      9      2     10 -0.956478293108106     
      6      9      2     10  -1.98603030698697     
      2     10      2     10  -2.86542850000000     
      5     10      2     10   1.46805639707305     
      4     11      2     10   2.48236607591227     
      3     12      2     10 -0.278119483451190     
      6     12      2     10  0.958961964963523     
      4      9      3     10  -2.44027200000000     
      3     10      3     10  -3.69376300000000     
      6     10      3     10 -0.985924500000000     
      4     12      3     10   1.00032450000000     
      4     10      4     10  -6.13403500000000     
      4      8      5     10   2.45398089707305     
      3      9      5     10  -2.26438928754700     
      6      9      5     10 -8.498263986066479E-002
      2     10      5     10   1.46805639707305     
      5     10      5     10  -3.54031925000000     
      4     11      5     10  -3.89761162500000     
      3     12      5     10  0.761293271096821     
      6     12      5     10   1.70092016603672     
      4      9      6     10  0.985924500000000     
      3     10      6     10 -0.985924500000000     
      6     10      6     10  -3.68751350000000     
      4     12      6     10  -2.57901300000000     
      8      9      7     10   1.36422300000000     
      7     10      7     10  -2.64539200000000     
      9     11      7     10   1.00054950000000     
      8     12      7     10   1.00054950000000     
     11     12      7     10  -3.33329570965914     
      8     10      8     10  -1.28116900000000     
     10     11      8     10   1.00054950000000     
      9     12      8     10   1.73300256948764     
      9     10      9     10  -1.28116900000000     
     10     12      9     10   2.00109900000000     
      2      7      1     11  -1.00032450000000     
      5      7      1     11  -2.57901300000000     
      1      8      1     11   1.00032450000000     
      1     11      1     11  -3.80277200000000     
      3      7      2     11  0.278119483451190     
      6      7      2     11  0.761293271096821     
      2      8      2     11  -1.32146921727485     
      5      8      2     11  -3.01854587500000     
      1      9      2     11   2.01073234150712     
      2     11      2     11  -3.76134662500000     
      5     11      2     11   1.00617123032837     
      1     12      2     11 -7.175085422259309E-002
      4      7      3     11   1.48204157591227     
      3      8      3     11  -1.16089685863742     
      6      8      3     11  0.879065750000001     
      2      9      3     11 -0.160572358637424     
      5      9      3     11  -3.45807875000000     
      1     10      3     11   2.48236607591227     
      3     11      3     11  -3.71992125000000     
      6     11      3     11   1.00617123032837     
      2     12      3     11 -8.285074999999931E-002
      5     12      3     11   1.00617123032837     
      4      8      4     11   1.48204157591227     
      3      9      4     11  -2.28885182495831     
      6      9      4     11  0.761293271096821     
      2     10      4     11   2.48236607591227     
      5     10      4     11  -3.89761162500000     
      4     11      4     11  -3.67849587500000     
      3     12      4     11 -7.175085422259309E-002
      6     12      4     11   1.74273969204282     
      3      7      5     11  0.958961964963523     
      6      7      5     11  -1.70092016603672     
      2      8      5     11  -1.10731389722860     
      5      8      5     11  0.982026715731362     
      1      9      5     11  0.958961964963523     
      2     11      5     11   1.00617123032837     
      5     11      5     11  -2.56160700000000     
      1     12      5     11  -1.74273969204282     
      4      7      6     11 -0.816356370967079     
      3      8      6     11   1.37001331958138     
      6      8      6     11 -0.982026715731362     
      2      9      6     11  -1.92367026819568     
      5      9      6     11  0.982026715731362     
      1     10      6     11   2.47732721680999     
      3     11      6     11   1.00617123032837     
      6     11      6     11  -1.38235500000000     
      2     12      6     11  -1.00617123032837     
      5     12      6     11  -1.17925200000000     
      7      8      7     11   2.00109900000000     
      7     11      7     11  -1.15724000000000     
      7      9      8     11   1.73300256948764     
      8     11      8     11 -0.686690250000000     
      7     12      8     11 -0.815016074488834     
      8      9      9     11   1.00054950000000     
      7     10      9     11   1.00054950000000     
      9     11      9     11 -0.216140500000000     
      8     12      9     11 -0.941099500000000     
     11     12      9     11  0.000000000000000E+000
      8     10     10     11   1.00054950000000     
     10     11     10     11  0.254409250000000     
      9     12     10     11 -0.815016074488834     
      3      7      1     12  -2.48236607591227     
      6      7      1     12  -3.89761162500000     
      2      8      1     12   2.28885182495831     
      5      8      1     12  0.761293271096821     
      1      9      1     12  -1.48204157591227     
      2     11      1     12 -7.175085422259309E-002
      5     11      1     12  -1.74273969204282     
      1     12      1     12  -3.67849587500000     
      4      7      2     12  -2.48236607591227     
      3      8      2     12  0.160572358637424     
      6      8      2     12  -3.45807875000000     
      2      9      2     12   1.16089685863742     
      5      9      2     12  0.879065750000001     
      1     10      2     12  -1.48204157591227     
      3     11      2     12 -8.285074999999931E-002
      6     11      2     12  -1.00617123032837     
      2     12      2     12  -3.71992125000000     
      5     12      2     12  -1.00617123032837     
      4      8      3     12  -2.01073234150712     
      3      9      3     12   1.32146921727485     
      6      9      3     12  -3.01854587500000     
      2     10      3     12 -0.278119483451190     
      5     10      3     12  0.761293271096821     
      4     11      3     12 -7.175085422259309E-002
      3     12      3     12  -3.76134662500000     
      6     12      3     12  -1.00617123032837     
      4      9      4     12  -1.00032450000000     
      3     10      4     12   1.00032450000000     
      6     10      4     12  -2.57901300000000     
      4     12      4     12  -3.80277200000000     
      4      7      5     12   2.47732721680999     
      3      8      5     12  -1.92367026819568     
      6      8      5     12 -0.982026715731362     
      2      9      5     12   1.37001331958138     
      5      9      5     12  0.982026715731362     
      1     10      5     12 -0.816356370967079     
      3     11      5     12   1.00617123032837     
      6     11      5     12  -1.17925200000000     
      2     12      5     12  -1.00617123032837     
      5     12      5     12  -1.38235500000000     
      4      8      6     12  0.958961964963523     
      3      9      6     12  -1.10731389722860     
      6      9      6     12 -0.982026715731362     
      2     10      6     12  0.958961964963523     
      5     10      6     12   1.70092016603672     
      4     11      6     12   1.74273969204282     
      3     12      6     12  -1.00617123032837     
      6     12      6     12  -2.56160700000000     
      7      9      7     12   1.00054950000000     
      8     11      7     12 -0.815016074488834     
      7     12      7     12  0.254409250000000     
      8      9      8     12   1.00054950000000     
      7     10      8     12   1.00054950000000     
      9     11      8     12 -0.941099500000000     
      8     12      8     12 -0.216140500000000     
     11     12      8     12  0.000000000000000E+000
      8     10      9     12   1.73300256948764     
     10     11      9     12 -0.815016074488834     
      9     12      9     12 -0.686690250000000     
      9     10     10     12   2.00109900000000     
     10     12     10     12  -1.15724000000000     
      8      9     11     12   3.33329570965914     
      7     10     11     12  -3.33329570965914     
      9     11     11     12  0.000000000000000E+000
      8     12     11     12  0.000000000000000E+000
     11     12     11     12 -5.318899999999999E-002
