      1      3      1      3           6           0   1.31282907636636     
      1      3      1      3           4           0  -6.09926057133980     
      1      3      1      3           2           0   5.64183983939594     
      1      3      1      3           0           0  -15.8460552500000     
      1      3      1      4           4           0  -7.84993078621722     
      1      3      1      4           2           0 -0.879491029375267     
      1      3      2      3           4           0  -7.76016896929405     
      1      3      2      3           2           0 -0.880248385732223     
      1      3      2      4           4           0  -5.53947205929749     
      1      3      2      4           2           0 -0.455008746634005     
      1      4      1      3           4           0   7.84993078621722     
      1      4      1      3           2           0  0.879491029375266     
      1      4      1      4           2           0  0.226896123406107     
      1      4      1      4           0           0  -10.5801104925711     
      1      4      2      3           4           0   8.71532454339342     
      1      4      2      3           2           0  -3.70568827828381     
      1      4      2      4           2           0   3.48547938408564     
      2      3      1      3           4           0   7.76016896929405     
      2      3      1      3           2           0  0.880248385732220     
      2      3      1      4           4           0   8.71532454339342     
      2      3      1      4           2           0  -3.70568827828381     
      2      3      2      3           2           0  0.268738703533518     
      2      3      2      3           0           0  -10.2216991016144     
      2      3      2      4           2           0   3.40184033207344     
      2      4      1      3           4           0  -5.53947205929749     
      2      4      1      3           2           0 -0.455008746634006     
      2      4      1      4           2           0  -3.48547938408564     
      2      4      2      3           2           0  -3.40184033207344     
      2      4      2      4           2           0   2.04252437892721     
      2      4      2      4           0           0  -3.94396200000000     
      3      1      3      1           6           0   1.31282907636636     
      3      1      3      1           4           0  -6.09926057133980     
      3      1      3      1           2           0   5.64183983939594     
      3      1      3      1           0           0  -15.8460552500000     
      3      1      3      2           4           0  -7.76016896929405     
      3      1      3      2           2           0 -0.880248385732223     
      3      1      4      1           4           0  -7.84993078621722     
      3      1      4      1           2           0 -0.879491029375267     
      3      1      4      2           4           0  -5.53947205929749     
      3      1      4      2           2           0 -0.455008746634005     
      3      2      3      1           4           0   7.76016896929405     
      3      2      3      1           2           0  0.880248385732220     
      3      2      3      2           2           0  0.268738703533518     
      3      2      3      2           0           0  -10.2216991016144     
      3      2      4      1           4           0   8.71532454339342     
      3      2      4      1           2           0  -3.70568827828381     
      3      2      4      2           2           0   3.40184033207344     
      4      1      3      1           4           0   7.84993078621722     
      4      1      3      1           2           0  0.879491029375266     
      4      1      3      2           4           0   8.71532454339342     
      4      1      3      2           2           0  -3.70568827828381     
      4      1      4      1           2           0  0.226896123406107     
      4      1      4      1           0           0  -10.5801104925711     
      4      1      4      2           2           0   3.48547938408564     
      4      2      3      1           4           0  -5.53947205929749     
      4      2      3      1           2           0 -0.455008746634006     
      4      2      3      2           2           0  -3.40184033207344     
      4      2      4      1           2           0  -3.48547938408564     
      4      2      4      2           2           0   2.04252437892721     
      4      2      4      2           0           0  -3.94396200000000     
          60           6
   1   1   3   3   0   0   0   0-15.8461   1   1
   1   1   3   3   2   0   0   0  5.6418   1   1
   1   1   3   3   4   0   0   0 -6.0993   1   1
   1   1   3   3   6   0   0   0  1.3128   1   1
   1   1   3   4   2   0   0   0 -0.8795   1   1
   1   1   3   4   4   0   0   0 -7.8499   1   1
   1   1   4   3   2   0   0   0  0.8795   1   1
   1   1   4   3   4   0   0   0  7.8499   1   1
   1   1   4   4   0   0   0   0-10.5801   1   1
   1   1   4   4   2   0   0   0  0.2269   1   1
   1   2   3   3   2   0   0   0 -0.8802   1   1
   1   2   3   3   4   0   0   0 -7.7602   1   1
   1   2   3   4   2   0   0   0 -0.4550   1   1
   1   2   3   4   4   0   0   0 -5.5395   1   1
   1   2   4   3   2   0   0   0 -3.7057   1   1
   1   2   4   3   4   0   0   0  8.7153   1   1
   1   2   4   4   2   0   0   0  3.4855   1   1
   2   1   3   3   2   0   0   0  0.8802   1   1
   2   1   3   3   4   0   0   0  7.7602   1   1
   2   1   3   4   2   0   0   0 -3.7057   1   1
   2   1   3   4   4   0   0   0  8.7153   1   1
   2   1   4   3   2   0   0   0 -0.4550   1   1
   2   1   4   3   4   0   0   0 -5.5395   1   1
   2   1   4   4   2   0   0   0 -3.4855   1   1
   2   2   3   3   0   0   0   0-10.2217   1   1
   2   2   3   3   2   0   0   0  0.2687   1   1
   2   2   3   4   2   0   0   0  3.4018   1   1
   2   2   4   3   2   0   0   0 -3.4018   1   1
   2   2   4   4   0   0   0   0 -3.9440   1   1
   2   2   4   4   2   0   0   0  2.0425   1   1
   3   3   1   1   0   0   0   0-15.8461   1   1
   3   3   1   1   2   0   0   0  5.6418   1   1
   3   3   1   1   4   0   0   0 -6.0993   1   1
   3   3   1   1   6   0   0   0  1.3128   1   1
   3   3   1   2   2   0   0   0 -0.8802   1   1
   3   3   1   2   4   0   0   0 -7.7602   1   1
   3   3   2   1   2   0   0   0  0.8802   1   1
   3   3   2   1   4   0   0   0  7.7602   1   1
   3   3   2   2   0   0   0   0-10.2217   1   1
   3   3   2   2   2   0   0   0  0.2687   1   1
   3   4   1   1   2   0   0   0 -0.8795   1   1
   3   4   1   1   4   0   0   0 -7.8499   1   1
   3   4   1   2   2   0   0   0 -0.4550   1   1
   3   4   1   2   4   0   0   0 -5.5395   1   1
   3   4   2   1   2   0   0   0 -3.7057   1   1
   3   4   2   1   4   0   0   0  8.7153   1   1
   3   4   2   2   2   0   0   0  3.4018   1   1
   4   3   1   1   2   0   0   0  0.8795   1   1
   4   3   1   1   4   0   0   0  7.8499   1   1
   4   3   1   2   2   0   0   0 -3.7057   1   1
   4   3   1   2   4   0   0   0  8.7153   1   1
   4   3   2   1   2   0   0   0 -0.4550   1   1
   4   3   2   1   4   0   0   0 -5.5395   1   1
   4   3   2   2   2   0   0   0 -3.4018   1   1
   4   4   1   1   0   0   0   0-10.5801   1   1
   4   4   1   1   2   0   0   0  0.2269   1   1
   4   4   1   2   2   0   0   0  3.4855   1   1
   4   4   2   1   2   0   0   0 -3.4855   1   1
   4   4   2   2   0   0   0   0 -3.9440   1   1
   4   4   2   2   2   0   0   0  2.0425   1   1
