 ! Total Interaction
  54
   1   3   1   3     0     0   0.0000
   1   3   2   4     0     0   0.0000
   2   4   2   4     0     0   0.0000
   1   3   1   3     1     0  -3.3729
   1   3   2   3     1     0  -5.8466
   2   3   2   3     1     0  -6.9825
   1   4   2   3     1     0   8.6743
   1   3   1   4     1     0   5.9098
   1   4   1   4     1     0  -7.2741
   1   3   2   4     1     0   1.7508
   2   3   2   4     1     0  -2.7776
   1   4   2   4     1     0   2.8459
   2   4   2   4     1     0  -2.5616
   1   3   1   3     2     0   0.0000
   1   3   2   3     2     0   0.0000
   2   3   2   3     2     0   0.0000
   1   4   2   3     2     0   0.0000
   1   3   1   4     2     0   0.0000
   1   4   1   4     2     0   0.0000
   1   3   1   3     3     0  -6.1340
   1   1   1   1     0     1  -3.2540
   1   1   2   2     0     1  -4.4094
   2   2   2   2     0     1   0.3448
   1   3   1   3     0     1  -4.0598
   3   3   3   3     0     1  -4.0096
   1   3   2   4     0     1  -4.6580
   2   4   2   4     0     1  -0.2031
   3   3   4   4     0     1  -4.7140
   4   4   4   4     0     1  -0.0532
   1   2   1   2     1     1   1.1065
   1   3   1   3     1     1   0.0000
   1   3   2   3     1     1   0.0000
   2   3   2   3     1     1   0.0000
   1   4   2   3     1     1   0.0000
   1   3   1   4     1     1   0.0000
   1   4   1   4     1     1   0.0000
   1   3   2   4     1     1   0.0000
   2   3   2   4     1     1   0.0000
   1   4   2   4     1     1   0.0000
   2   4   2   4     1     1   0.0000
   3   4   3   4     1     1   0.7250
   1   1   1   1     2     1  -0.6985
   1   1   1   2     2     1  -1.8842
   1   2   1   2     2     1  -0.6273
   1   3   1   3     2     1  -1.2535
   1   3   2   3     2     1   1.9718
   2   3   2   3     2     1  -7.3750
   1   4   2   3     2     1  -5.1580
   3   3   3   3     2     1  -1.2812
   1   3   1   4     2     1  -2.0006
   1   4   1   4     2     1  -7.6055
   3   3   3   4     2     1  -2.0011
   3   4   3   4     2     1  -1.1572
   1   3   1   3     3     1   0.0000
