############################################################################################################
# initial vector basename: c_100
# final   vector basename: c_100
# Operator file: VCoul.int
# Zero body term: 1.00472
# Jf  nJf     Ji  nJi      Ei          Ef         <Op1b>          <Op2b>         <Op1b+2b>     <Op0b+1b+2b>
###########################################################################################################
 0.0   1     0.0   1    -35.431     -35.431    3.001036e+00    4.026223e+00    7.027259e+00    8.031979e+00
 0.0   1     0.0   2    -35.431     -25.645   -1.020760e-01   -4.303521e-02   -1.451112e-01   -1.451112e-01
 0.0   2     0.0   1    -25.645     -35.431    0.000000e+00    0.000000e+00    0.000000e+00    0.000000e+00
 0.0   2     0.0   2    -25.645     -25.645    2.915472e+00    3.764450e+00    6.679921e+00    7.684641e+00
 1.0   1     1.0   1    -27.600     -27.600    2.933387e+00    3.805028e+00    6.738415e+00    7.743135e+00
 1.0   1     1.0   2    -27.600     -24.983   -6.052086e-02   -1.847251e-01   -2.452460e-01   -2.452460e-01
 1.0   2     1.0   1    -24.983     -27.600    0.000000e+00    0.000000e+00    0.000000e+00    0.000000e+00
 1.0   2     1.0   2    -24.983     -24.983    2.919281e+00    3.680771e+00    6.600052e+00    7.604772e+00
