############################################################################################################
# initial vector basename: be100
# final   vector basename: be100
# Operator file: Rp2.int
# Zero body term: 1.43925
# Jf  nJf     Ji  nJi      Ei          Ef         <Op1b>          <Op2b>         <Op1b+2b>     <Op0b+1b+2b>
###########################################################################################################
 0.0   1     0.0   1    -39.926     -39.926    3.436462e+00   -1.250407e+00    2.186055e+00    3.625305e+00
 0.0   1     0.0   2    -39.926     -30.053   -3.549682e-01    1.343304e-01   -2.206378e-01   -2.206378e-01
 0.0   2     0.0   1    -30.053     -39.926    0.000000e+00    0.000000e+00    0.000000e+00    0.000000e+00
 0.0   2     0.0   2    -30.053     -30.053    4.040413e+00   -1.068792e+00    2.971621e+00    4.410871e+00
 1.0   1     1.0   1    -32.003     -32.003    3.841545e+00   -1.146854e+00    2.694692e+00    4.133942e+00
 1.0   1     1.0   2    -32.003     -29.145    3.098099e-02    1.566492e-01    1.876302e-01    1.876302e-01
 1.0   2     1.0   1    -29.145     -32.003    0.000000e+00    0.000000e+00    0.000000e+00    0.000000e+00
 1.0   2     1.0   2    -29.145     -29.145    3.568133e+00   -1.131442e+00    2.436691e+00    3.875941e+00
