############################################################################################################
# initial vector basename: b_100
# final   vector basename: b_100
# Operator file: Iso2.int
# Zero body term: 0.000280497
# Jf  nJf     Ji  nJi      Ei          Ef         <Op1b>          <Op2b>         <Op1b+2b>     <Op0b+1b+2b>
###########################################################################################################
 0.0   1     0.0   1    -38.158     -38.158    4.499416e+00   -2.500724e+00    1.998692e+00    1.998973e+00
 0.0   1     0.0   2    -38.158     -28.102    5.707106e-05    3.177964e-04    3.748675e-04    3.748675e-04
 0.0   2     0.0   1    -28.102     -38.158    0.000000e+00    0.000000e+00    0.000000e+00    0.000000e+00
 0.0   2     0.0   2    -28.102     -28.102    4.499237e+00   -2.499832e+00    1.999405e+00    1.999685e+00
 1.0   1     1.0   1    -40.262     -40.262    4.499271e+00   -4.498667e+00    6.043324e-04    8.848294e-04
 1.0   1     1.0   2    -40.262     -37.928   -1.614292e-05    1.075359e-05   -5.389335e-06   -5.389335e-06
 1.0   2     1.0   1    -37.928     -40.262    0.000000e+00    0.000000e+00    0.000000e+00    0.000000e+00
 1.0   2     1.0   2    -37.928     -37.928    4.499451e+00   -4.498693e+00    7.576651e-04    1.038162e-03
