############################################################################################################
# initial vector basename: b_100
# final   vector basename: b_100
# Operator file: VCoul.int
# Zero body term: 1.00472
# Jf  nJf     Ji  nJi      Ei          Ef         <Op1b>          <Op2b>         <Op1b+2b>     <Op0b+1b+2b>
###########################################################################################################
 0.0   1     0.0   1    -38.158     -38.158    2.164632e+00    2.414886e+00    4.579517e+00    5.584237e+00
 0.0   1     0.0   2    -38.158     -28.102    2.317845e-02   -2.702560e-02   -3.847150e-03   -3.847150e-03
 0.0   2     0.0   1    -28.102     -38.158    0.000000e+00    0.000000e+00    0.000000e+00    0.000000e+00
 0.0   2     0.0   2    -28.102     -28.102    2.054037e+00    2.203457e+00    4.257495e+00    5.262215e+00
 1.0   1     1.0   1    -40.262     -40.262    2.080460e+00    2.344983e+00    4.425443e+00    5.430163e+00
 1.0   1     1.0   2    -40.262     -37.928   -1.299889e-03   -1.292157e-03   -2.592046e-03   -2.592046e-03
 1.0   2     1.0   1    -37.928     -40.262    0.000000e+00    0.000000e+00    0.000000e+00    0.000000e+00
 1.0   2     1.0   2    -37.928     -37.928    2.179916e+00    2.405870e+00    4.585785e+00    5.590505e+00
