############################################################################################################
# initial vector basename: be100
# final   vector basename: be100
# Operator file: VCoul.int
# Zero body term: 1.00472
# Jf  nJf     Ji  nJi      Ei          Ef         <Op1b>          <Op2b>         <Op1b+2b>     <Op0b+1b+2b>
###########################################################################################################
 0.0   1     0.0   1    -39.926     -39.926    1.333221e+00    1.363637e+00    2.696859e+00    3.701579e+00
 0.0   1     0.0   2    -39.926     -30.053    1.400507e-01   -4.130554e-02    9.874514e-02    9.874514e-02
 0.0   2     0.0   1    -30.053     -39.926    0.000000e+00    0.000000e+00    0.000000e+00    0.000000e+00
 0.0   2     0.0   2    -30.053     -30.053    1.173069e+00    1.040344e+00    2.213413e+00    3.218133e+00
 1.0   1     1.0   1    -32.003     -32.003    1.228167e+00    1.111114e+00    2.339282e+00    3.344002e+00
 1.0   1     1.0   2    -32.003     -29.145   -3.077131e-02   -1.300153e-01   -1.607867e-01   -1.607867e-01
 1.0   2     1.0   1    -29.145     -32.003    0.000000e+00    0.000000e+00    0.000000e+00    0.000000e+00
 1.0   2     1.0   2    -29.145     -29.145    1.330252e+00    1.224495e+00    2.554746e+00    3.559466e+00
