############################################################################################################
# initial vector basename: b_100
# final   vector basename: b_100
# Operator file: Rn2.int
# Zero body term: 1.41404
# Jf  nJf     Ji  nJi      Ei          Ef         <Op1b>          <Op2b>         <Op1b+2b>     <Op0b+1b+2b>
###########################################################################################################
 0.0   1     0.0   1    -38.158     -38.158    5.053580e+00   -1.336933e+00    3.716647e+00    5.130687e+00
 0.0   1     0.0   2    -38.158     -28.102   -9.945192e-02    7.770346e-02   -2.174846e-02   -2.174846e-02
 0.0   2     0.0   1    -28.102     -38.158    0.000000e+00    0.000000e+00    0.000000e+00    0.000000e+00
 0.0   2     0.0   2    -28.102     -28.102    5.508061e+00   -1.220152e+00    4.287910e+00    5.701950e+00
 1.0   1     1.0   1    -40.262     -40.262    5.401520e+00   -1.452541e+00    3.948979e+00    5.363019e+00
 1.0   1     1.0   2    -40.262     -37.928    8.274459e-03    1.814343e-02    2.641789e-02    2.641789e-02
 1.0   2     1.0   1    -37.928     -40.262    0.000000e+00    0.000000e+00    0.000000e+00    0.000000e+00
 1.0   2     1.0   2    -37.928     -37.928    4.988482e+00   -1.319232e+00    3.669249e+00    5.083289e+00
