 ! Total Interaction
 256
   1   4   1   4     0     0   0.0000
   1   4   2   5     0     0   0.0000
   2   5   2   5     0     0   0.0000
   1   4   3   6     0     0   0.0000
   2   5   3   6     0     0   0.0000
   3   6   3   6     0     0   0.0000
   1   4   1   4     1     0  -1.9587
   1   4   2   4     1     0  -3.9019
   2   4   2   4     1     0  -5.9237
   1   5   2   4     1     0   5.9818
   1   4   1   5     1     0   3.8972
   1   5   1   5     1     0  -5.8662
   1   4   2   5     1     0   1.2051
   2   4   2   5     1     0  -0.1323
   1   5   2   5     1     0   0.1750
   2   5   2   5     1     0  -1.5085
   1   4   3   5     1     0  -0.1837
   2   4   3   5     1     0   1.9476
   1   5   3   5     1     0  -2.0112
   2   5   3   5     1     0   1.7635
   3   5   3   5     1     0  -4.0205
   2   6   3   5     1     0   4.1643
   1   4   2   6     1     0   0.1862
   2   4   2   6     1     0  -2.0815
   1   5   2   6     1     0   1.9786
   2   5   2   6     1     0  -1.7491
   2   6   2   6     1     0  -3.9654
   1   4   3   6     1     0  -1.0063
   2   4   3   6     1     0  -2.6102
   1   5   3   6     1     0   2.6051
   2   5   3   6     1     0   0.2273
   3   5   3   6     1     0   0.4937
   2   6   3   6     1     0  -0.4807
   3   6   3   6     1     0  -2.4314
   1   4   1   4     2     0   0.0000
   1   4   2   4     2     0   0.0000
   2   4   2   4     2     0   0.0000
   1   5   2   4     2     0   0.0000
   1   6   2   4     2     0   0.0000
   1   4   3   4     2     0   0.0000
   2   4   3   4     2     0   0.0000
   3   4   3   4     2     0   0.0000
   1   5   3   4     2     0   0.0000
   2   5   3   4     2     0   0.0000
   1   6   3   4     2     0   0.0000
   2   6   3   4     2     0   0.0000
   1   4   1   5     2     0   0.0000
   1   5   1   5     2     0   0.0000
   1   4   2   5     2     0   0.0000
   2   4   2   5     2     0   0.0000
   1   5   2   5     2     0   0.0000
   2   5   2   5     2     0   0.0000
   1   6   2   5     2     0   0.0000
   1   4   3   5     2     0   0.0000
   2   4   3   5     2     0   0.0000
   3   4   3   5     2     0   0.0000
   1   5   3   5     2     0   0.0000
   2   5   3   5     2     0   0.0000
   3   5   3   5     2     0   0.0000
   1   6   3   5     2     0   0.0000
   2   6   3   5     2     0   0.0000
   1   4   1   6     2     0   0.0000
   1   5   1   6     2     0   0.0000
   1   6   1   6     2     0   0.0000
   1   4   2   6     2     0   0.0000
   2   4   2   6     2     0   0.0000
   1   5   2   6     2     0   0.0000
   2   5   2   6     2     0   0.0000
   1   6   2   6     2     0   0.0000
   2   6   2   6     2     0   0.0000
   1   4   1   4     3     0  -1.2540
   1   4   2   4     3     0  -1.6567
   2   4   2   4     3     0  -1.0167
   1   5   2   4     3     0   1.2317
   1   6   2   4     3     0  -1.4424
   1   4   3   4     3     0  -1.8292
   2   4   3   4     3     0  -1.1649
   3   4   3   4     3     0  -3.1380
   1   5   3   4     3     0   1.3982
   2   5   3   4     3     0   0.0330
   1   6   3   4     3     0  -3.8320
   1   4   1   5     3     0   1.6342
   1   5   1   5     3     0  -1.0016
   1   4   2   5     3     0   0.2024
   2   4   2   5     3     0  -1.6497
   1   5   2   5     3     0   1.6332
   2   5   2   5     3     0  -2.9714
   1   6   2   5     3     0  -0.0150
   1   4   1   6     3     0  -1.8801
   1   5   1   6     3     0   1.2053
   1   6   1   6     3     0  -3.1756
   1   4   1   4     4     0   0.0000
   1   4   2   4     4     0   0.0000
   2   4   2   4     4     0   0.0000
   1   5   2   4     4     0   0.0000
   1   4   1   5     4     0   0.0000
   1   5   1   5     4     0   0.0000
   1   4   1   4     5     0  -3.8189
   1   1   1   1     0     1  -1.9173
   1   1   2   2     0     1  -2.9536
   2   2   2   2     0     1  -0.6395
   1   1   3   3     0     1  -1.2126
   2   2   3   3     0     1  -0.9968
   3   3   3   3     0     1  -0.8000
   1   4   1   4     0     1  -2.5389
   4   4   4   4     0     1  -2.4037
   1   4   2   5     0     1  -2.9327
   2   5   2   5     0     1  -1.1309
   4   4   5   5     0     1  -2.7096
   5   5   5   5     0     1  -1.0724
   1   4   3   6     0     1  -1.2925
   2   5   3   6     0     1  -1.0497
   3   6   3   6     0     1  -1.2060
   4   4   6   6     0     1  -1.2560
   5   5   6   6     0     1  -0.9775
   6   6   6   6     0     1  -1.1508
   1   2   1   2     1     1   0.3465
   1   2   2   3     1     1  -0.0356
   2   3   2   3     1     1   0.3804
   1   4   1   4     1     1   0.0000
   1   4   2   4     1     1   0.0000
   2   4   2   4     1     1   0.0000
   1   5   2   4     1     1   0.0000
   1   4   1   5     1     1   0.0000
   1   5   1   5     1     1   0.0000
   1   4   2   5     1     1   0.0000
   2   4   2   5     1     1   0.0000
   1   5   2   5     1     1   0.0000
   2   5   2   5     1     1   0.0000
   1   4   3   5     1     1   0.0000
   2   4   3   5     1     1   0.0000
   1   5   3   5     1     1   0.0000
   2   5   3   5     1     1   0.0000
   3   5   3   5     1     1   0.0000
   2   6   3   5     1     1   0.0000
   4   5   4   5     1     1   0.0000
   1   4   2   6     1     1   0.0000
   2   4   2   6     1     1   0.0000
   1   5   2   6     1     1   0.0000
   2   5   2   6     1     1   0.0000
   2   6   2   6     1     1   0.0000
   1   4   3   6     1     1   0.0000
   2   4   3   6     1     1   0.0000
   1   5   3   6     1     1   0.0000
   2   5   3   6     1     1   0.0000
   3   5   3   6     1     1   0.0000
   2   6   3   6     1     1   0.0000
   3   6   3   6     1     1   0.0000
   4   5   5   6     1     1  -0.0553
   5   6   5   6     1     1   0.0533
   1   1   1   1     2     1  -0.5236
   1   1   1   2     2     1  -0.2445
   1   2   1   2     2     1   0.3635
   1   1   2   2     2     1  -0.6811
   1   2   2   2     2     1  -0.5666
   2   2   2   2     2     1   0.0206
   1   3   2   2     2     1  -0.5933
   1   1   1   3     2     1  -0.7505
   1   2   1   3     2     1  -0.0716
   1   3   1   3     2     1  -0.4822
   1   1   2   3     2     1   0.8000
   1   2   2   3     2     1   0.5507
   2   2   2   3     2     1   0.3137
   1   3   2   3     2     1   1.0362
   2   3   2   3     2     1  -0.1272
   1   4   1   4     2     1  -0.9740
   1   4   2   4     2     1   0.2298
   2   4   2   4     2     1  -3.9567
   1   5   2   4     2     1  -3.8938
   1   6   2   4     2     1  -1.5235
   1   4   3   4     2     1  -0.7784
   2   4   3   4     2     1   1.6936
   3   4   3   4     2     1  -1.4510
   1   5   3   4     2     1   1.4728
   2   5   3   4     2     1  -0.6000
   1   6   3   4     2     1  -0.3257
   2   6   3   4     2     1   3.0199
   4   4   4   4     2     1  -0.9491
   1   4   1   5     2     1  -0.2519
   1   5   1   5     2     1  -3.8845
   1   4   2   5     2     1  -0.6788
   2   4   2   5     2     1   0.5913
   1   5   2   5     2     1  -0.5501
   2   5   2   5     2     1  -0.3366
   1   6   2   5     2     1  -0.5944
   1   4   3   5     2     1  -0.8218
   2   4   3   5     2     1  -1.2864
   3   4   3   5     2     1   0.8779
   1   5   3   5     2     1  -2.3491
   2   5   3   5     2     1  -0.3513
   3   5   3   5     2     1  -2.2509
   1   6   3   5     2     1  -3.0080
   2   6   3   5     2     1  -1.2339
   4   4   4   5     2     1  -0.2056
   4   5   4   5     2     1  -0.0087
   4   4   5   5     2     1  -0.6202
   4   5   5   5     2     1  -0.5341
   5   5   5   5     2     1  -0.3396
   4   6   5   5     2     1  -0.5543
   1   4   1   6     2     1  -0.8180
   1   5   1   6     2     1  -1.7108
   1   6   1   6     2     1  -1.4972
   1   4   2   6     2     1   0.8212
   2   4   2   6     2     1  -2.4048
   1   5   2   6     2     1  -1.3033
   2   5   2   6     2     1   0.3544
   1   6   2   6     2     1  -0.9039
   2   6   2   6     2     1  -2.2046
   4   4   4   6     2     1  -0.7816
   4   5   4   6     2     1  -0.0803
   4   6   4   6     2     1  -0.8719
   4   4   5   6     2     1   0.7939
   4   5   5   6     2     1   0.4911
   5   5   5   6     2     1   0.3185
   4   6   5   6     2     1   1.0119
   5   6   5   6     2     1  -0.4678
   1   2   1   2     3     1   0.4237
   1   2   1   3     3     1  -0.0944
   1   3   1   3     3     1   0.6725
   1   4   1   4     3     1   0.0000
   1   4   2   4     3     1   0.0000
   2   4   2   4     3     1   0.0000
   1   5   2   4     3     1   0.0000
   1   6   2   4     3     1   0.0000
   1   4   3   4     3     1   0.0000
   2   4   3   4     3     1   0.0000
   3   4   3   4     3     1   0.0000
   1   5   3   4     3     1   0.0000
   2   5   3   4     3     1   0.0000
   1   6   3   4     3     1   0.0000
   1   4   1   5     3     1   0.0000
   1   5   1   5     3     1   0.0000
   1   4   2   5     3     1   0.0000
   2   4   2   5     3     1   0.0000
   1   5   2   5     3     1   0.0000
   2   5   2   5     3     1   0.0000
   1   6   2   5     3     1   0.0000
   4   5   4   5     3     1   0.0919
   1   4   1   6     3     1   0.0000
   1   5   1   6     3     1   0.0000
   1   6   1   6     3     1   0.0000
   4   5   4   6     3     1  -0.1062
   4   6   4   6     3     1   0.3181
   1   1   1   1     4     1   0.2388
   1   1   1   2     4     1  -1.1443
   1   2   1   2     4     1  -0.6207
   1   4   1   4     4     1  -0.1627
   1   4   2   4     4     1   1.1415
   2   4   2   4     4     1  -4.8609
   1   5   2   4     4     1  -2.8267
   4   4   4   4     4     1  -0.1418
   1   4   1   5     4     1  -1.1934
   1   5   1   5     4     1  -4.8253
   4   4   4   5     4     1  -1.1256
   4   5   4   5     4     1  -0.9254
   1   4   1   4     5     1   0.0000
