      1      4      1      4          10           0  0.563914631365743     
      1      4      1      4           8           0  -1.99578073809524     
      1      4      1      4           6           0   2.32489001720878     
      1      4      1      4           4           0  -6.52976322692423     
      1      4      1      4           2           0   4.76658473687922     
      1      4      1      4           0           0  -10.9225003333333     
      1      4      1      5           8           0  -4.57619561521425     
      1      4      1      5           6           0  0.187371637520946     
      1      4      1      5           4           0  -4.09711573741829     
      1      4      1      5           2           0 -0.966823491835208     
      1      4      1      6           6           0  0.638628485146665     
      1      4      1      6           4           0  -3.69283267528760     
      1      4      2      4           8           0  -4.56217856151680     
      1      4      2      4           6           0  0.170141913237523     
      1      4      2      4           4           0  -4.05357240952725     
      1      4      2      4           2           0  -1.07970182924072     
      1      4      2      5           8           0  -3.85135361627713     
      1      4      2      5           6           0 -0.179931248287367     
      1      4      2      5           4           0 -0.644066271020834     
      1      4      2      5           2           0 -0.517937438023329     
      1      4      2      6           6           0  0.563427864457321     
      1      4      2      6           4           0  -1.19188202811900     
      1      4      3      4           6           0  0.645149281827680     
      1      4      3      4           4           0  -3.57908108092891     
      1      4      3      5           6           0  0.566489981079959     
      1      4      3      5           4           0  -1.19084769582744     
      1      4      3      6           6           0  0.137963979006390     
      1      4      3      6           4           0  -2.16551160365483     
      1      5      1      4           8           0   4.57619561521425     
      1      5      1      4           6           0 -0.187371637520946     
      1      5      1      4           4           0   4.09711573741829     
      1      5      1      4           2           0  0.966823491835209     
      1      5      1      5           6           0   1.06312239674114     
      1      5      1      5           4           0  -4.23968028316486     
      1      5      1      5           2           0  0.172357119653689     
      1      5      1      5           0           0  -8.92631457813597     
      1      5      1      6           4           0   2.48227995738110     
      1      5      1      6           2           0 -0.197551137872852     
      1      5      2      4           8           0   6.87897731250000     
      1      5      2      4           6           0  -2.01183407030984     
      1      5      2      4           4           0   1.65472734754267     
      1      5      2      4           2           0  -3.50934399466702     
      1      5      2      5           6           0   1.32159984899202     
      1      5      2      5           4           0  -2.24061415199746     
      1      5      2      5           2           0   1.83623799928154     
      1      5      2      6           4           0   2.22623901256473     
      1      5      2      6           2           0  0.321296427441742     
      1      5      3      4           6           0  0.935931860026276     
      1      5      3      4           4           0   2.29271973248793     
      1      5      3      5           6           0 -0.700729441454452     
      1      5      3      5           4           0  -3.07257550776351     
      1      5      3      6           4           0   3.19060980884940     
      1      6      1      4           6           0  0.638628485146665     
      1      6      1      4           4           0  -3.69283267528760     
      1      6      1      5           4           0  -2.48227995738110     
      1      6      1      5           2           0  0.197551137872852     
      1      6      1      6           2           0   1.43322050973324     
      1      6      1      6           0           0  -4.28896656353113     
      1      6      2      4           6           0 -0.969880402295257     
      1      6      2      4           4           0  -2.36672489156188     
      1      6      2      5           4           0 -0.869117483832085     
      1      6      2      5           2           0 -0.358585531759699     
      1      6      2      6           2           0  -1.01054955517345     
      1      6      3      4           6           0  0.485812414779128     
      1      6      3      4           4           0  -5.05904752471584     
      1      6      3      5           4           0  -3.36301716927598     
      2      4      1      4           8           0   4.56217856151680     
      2      4      1      4           6           0 -0.170141913237523     
      2      4      1      4           4           0   4.05357240952725     
      2      4      1      4           2           0   1.07970182924072     
      2      4      1      5           8           0   6.87897731250000     
      2      4      1      5           6           0  -2.01183407030984     
      2      4      1      5           4           0   1.65472734754267     
      2      4      1      5           2           0  -3.50934399466702     
      2      4      1      6           6           0  0.969880402295256     
      2      4      1      6           4           0   2.36672489156188     
      2      4      2      4           6           0   1.09770742165158     
      2      4      2      4           4           0  -4.26572711710562     
      2      4      2      4           2           0  0.144527083182036     
      2      4      2      4           0           0  -9.02424119763161     
      2      4      2      5           6           0   1.32975283300252     
      2      4      2      5           4           0  -2.32353867948870     
      2      4      2      5           2           0   1.80502250541903     
      2      4      2      6           6           0 -0.735669756449440     
      2      4      2      6           4           0  -3.15231410604596     
      2      4      3      4           4           0   2.43577715108533     
      2      4      3      4           2           0 -0.165039673531508     
      2      4      3      5           4           0   2.19431827035900     
      2      4      3      5           2           0  0.313698347287176     
      2      4      3      6           4           0   3.19688295208067     
      2      5      1      4           8           0  -3.85135361627713     
      2      5      1      4           6           0 -0.179931248287368     
      2      5      1      4           4           0 -0.644066271020834     
      2      5      1      4           2           0 -0.517937438023328     
      2      5      1      5           6           0  -1.32159984899202     
      2      5      1      5           4           0   2.24061415199746     
      2      5      1      5           2           0  -1.83623799928154     
      2      5      1      6           4           0 -0.869117483832085     
      2      5      1      6           2           0 -0.358585531759699     
      2      5      2      4           6           0  -1.32975283300252     
      2      5      2      4           4           0   2.32353867948870     
      2      5      2      4           2           0  -1.80502250541903     
      2      5      2      5           6           0   1.21834744502232     
      2      5      2      5           4           0  -2.89911210894777     
      2      5      2      5           2           0   3.33148376755717     
      2      5      2      5           0           0  -7.03477975000000     
      2      5      2      6           4           0   2.13539935174941     
      2      5      2      6           2           0  0.585792135381411     
      2      5      3      4           4           0 -0.909203993023860     
      2      5      3      4           2           0 -0.277610808081148     
      2      5      3      5           4           0   2.14815639121432     
      2      5      3      5           2           0  0.598839124213729     
      2      5      3      6           4           0  -1.07094161748479     
      2      5      3      6           2           0 -0.331571605913492     
      2      6      1      4           6           0 -0.563427864457321     
      2      6      1      4           4           0   1.19188202811900     
      2      6      1      5           4           0   2.22623901256473     
      2      6      1      5           2           0  0.321296427441741     
      2      6      1      6           2           0   1.01054955517345     
      2      6      2      4           6           0 -0.735669756449440     
      2      6      2      4           4           0  -3.15231410604597     
      2      6      2      5           4           0  -2.13539935174941     
      2      6      2      5           2           0 -0.585792135381411     
      2      6      2      6           2           0  -1.20552913323051     
      2      6      2      6           0           0  -4.05162356835633     
      2      6      3      4           4           0   3.37635643279575     
      2      6      3      5           4           0   3.83673487851324     
      2      6      3      5           2           0 -0.434131606713909     
      2      6      3      6           2           0 -0.588789973197149     
      3      4      1      4           6           0  0.645149281827679     
      3      4      1      4           4           0  -3.57908108092891     
      3      4      1      5           6           0 -0.935931860026277     
      3      4      1      5           4           0  -2.29271973248793     
      3      4      1      6           6           0  0.485812414779128     
      3      4      1      6           4           0  -5.05904752471584     
      3      4      2      4           4           0  -2.43577715108533     
      3      4      2      4           2           0  0.165039673531508     
      3      4      2      5           4           0 -0.909203993023860     
      3      4      2      5           2           0 -0.277610808081148     
      3      4      2      6           4           0  -3.37635643279575     
      3      4      3      4           2           0   1.44060002210986     
      3      4      3      4           0           0  -4.21766698071269     
      3      4      3      5           2           0 -0.981516448553589     
      3      5      1      4           6           0 -0.566489981079959     
      3      5      1      4           4           0   1.19084769582744     
      3      5      1      5           6           0 -0.700729441454451     
      3      5      1      5           4           0  -3.07257550776351     
      3      5      1      6           4           0   3.36301716927598     
      3      5      2      4           4           0   2.19431827035900     
      3      5      2      4           2           0  0.313698347287176     
      3      5      2      5           4           0  -2.14815639121432     
      3      5      2      5           2           0 -0.598839124213729     
      3      5      2      6           4           0   3.83673487851324     
      3      5      2      6           2           0 -0.434131606713909     
      3      5      3      4           2           0  0.981516448553589     
      3      5      3      5           2           0  -1.21155065809708     
      3      5      3      5           0           0  -4.12170226978930     
      3      5      3      6           2           0 -0.604704308056012     
      3      6      1      4           6           0  0.137963979006391     
      3      6      1      4           4           0  -2.16551160365483     
      3      6      1      5           4           0  -3.19060980884940     
      3      6      2      4           4           0  -3.19688295208067     
      3      6      2      5           4           0  -1.07094161748479     
      3      6      2      5           2           0 -0.331571605913492     
      3      6      2      6           2           0  0.588789973197149     
      3      6      3      5           2           0  0.604704308056012     
      3      6      3      6           2           0   1.06123185992447     
      3      6      3      6           0           0  -4.25012550000000     
      4      1      4      1          10           0  0.563914631365743     
      4      1      4      1           8           0  -1.99578073809524     
      4      1      4      1           6           0   2.32489001720878     
      4      1      4      1           4           0  -6.52976322692423     
      4      1      4      1           2           0   4.76658473687922     
      4      1      4      1           0           0  -10.9225003333333     
      4      1      4      2           8           0  -4.56217856151680     
      4      1      4      2           6           0  0.170141913237523     
      4      1      4      2           4           0  -4.05357240952726     
      4      1      4      2           2           0  -1.07970182924072     
      4      1      4      3           6           0  0.645149281827680     
      4      1      4      3           4           0  -3.57908108092891     
      4      1      5      1           8           0  -4.57619561521425     
      4      1      5      1           6           0  0.187371637520946     
      4      1      5      1           4           0  -4.09711573741829     
      4      1      5      1           2           0 -0.966823491835209     
      4      1      5      2           8           0  -3.85135361627713     
      4      1      5      2           6           0 -0.179931248287367     
      4      1      5      2           4           0 -0.644066271020834     
      4      1      5      2           2           0 -0.517937438023329     
      4      1      5      3           6           0  0.566489981079959     
      4      1      5      3           4           0  -1.19084769582744     
      4      1      6      1           6           0  0.638628485146665     
      4      1      6      1           4           0  -3.69283267528760     
      4      1      6      2           6           0  0.563427864457321     
      4      1      6      2           4           0  -1.19188202811900     
      4      1      6      3           6           0  0.137963979006390     
      4      1      6      3           4           0  -2.16551160365483     
      4      2      4      1           8           0   4.56217856151680     
      4      2      4      1           6           0 -0.170141913237523     
      4      2      4      1           4           0   4.05357240952725     
      4      2      4      1           2           0   1.07970182924072     
      4      2      4      2           6           0   1.09770742165158     
      4      2      4      2           4           0  -4.26572711710562     
      4      2      4      2           2           0  0.144527083182037     
      4      2      4      2           0           0  -9.02424119763161     
      4      2      4      3           4           0   2.43577715108533     
      4      2      4      3           2           0 -0.165039673531508     
      4      2      5      1           8           0   6.87897731250000     
      4      2      5      1           6           0  -2.01183407030984     
      4      2      5      1           4           0   1.65472734754267     
      4      2      5      1           2           0  -3.50934399466702     
      4      2      5      2           6           0   1.32975283300252     
      4      2      5      2           4           0  -2.32353867948870     
      4      2      5      2           2           0   1.80502250541903     
      4      2      5      3           4           0   2.19431827035900     
      4      2      5      3           2           0  0.313698347287177     
      4      2      6      1           6           0  0.969880402295256     
      4      2      6      1           4           0   2.36672489156188     
      4      2      6      2           6           0 -0.735669756449440     
      4      2      6      2           4           0  -3.15231410604596     
      4      2      6      3           4           0   3.19688295208067     
      4      3      4      1           6           0  0.645149281827679     
      4      3      4      1           4           0  -3.57908108092891     
      4      3      4      2           4           0  -2.43577715108533     
      4      3      4      2           2           0  0.165039673531508     
      4      3      4      3           2           0   1.44060002210986     
      4      3      4      3           0           0  -4.21766698071269     
      4      3      5      1           6           0 -0.935931860026277     
      4      3      5      1           4           0  -2.29271973248793     
      4      3      5      2           4           0 -0.909203993023860     
      4      3      5      2           2           0 -0.277610808081148     
      4      3      5      3           2           0 -0.981516448553589     
      4      3      6      1           6           0  0.485812414779128     
      4      3      6      1           4           0  -5.05904752471584     
      4      3      6      2           4           0  -3.37635643279575     
      5      1      4      1           8           0   4.57619561521425     
      5      1      4      1           6           0 -0.187371637520946     
      5      1      4      1           4           0   4.09711573741829     
      5      1      4      1           2           0  0.966823491835209     
      5      1      4      2           8           0   6.87897731250000     
      5      1      4      2           6           0  -2.01183407030984     
      5      1      4      2           4           0   1.65472734754267     
      5      1      4      2           2           0  -3.50934399466702     
      5      1      4      3           6           0  0.935931860026276     
      5      1      4      3           4           0   2.29271973248793     
      5      1      5      1           6           0   1.06312239674114     
      5      1      5      1           4           0  -4.23968028316486     
      5      1      5      1           2           0  0.172357119653687     
      5      1      5      1           0           0  -8.92631457813597     
      5      1      5      2           6           0   1.32159984899202     
      5      1      5      2           4           0  -2.24061415199746     
      5      1      5      2           2           0   1.83623799928154     
      5      1      5      3           6           0 -0.700729441454452     
      5      1      5      3           4           0  -3.07257550776351     
      5      1      6      1           4           0   2.48227995738109     
      5      1      6      1           2           0 -0.197551137872852     
      5      1      6      2           4           0   2.22623901256473     
      5      1      6      2           2           0  0.321296427441741     
      5      1      6      3           4           0   3.19060980884940     
      5      2      4      1           8           0  -3.85135361627713     
      5      2      4      1           6           0 -0.179931248287368     
      5      2      4      1           4           0 -0.644066271020834     
      5      2      4      1           2           0 -0.517937438023328     
      5      2      4      2           6           0  -1.32975283300252     
      5      2      4      2           4           0   2.32353867948870     
      5      2      4      2           2           0  -1.80502250541903     
      5      2      4      3           4           0 -0.909203993023860     
      5      2      4      3           2           0 -0.277610808081148     
      5      2      5      1           6           0  -1.32159984899202     
      5      2      5      1           4           0   2.24061415199746     
      5      2      5      1           2           0  -1.83623799928154     
      5      2      5      2           6           0   1.21834744502232     
      5      2      5      2           4           0  -2.89911210894777     
      5      2      5      2           2           0   3.33148376755717     
      5      2      5      2           0           0  -7.03477975000000     
      5      2      5      3           4           0   2.14815639121432     
      5      2      5      3           2           0  0.598839124213729     
      5      2      6      1           4           0 -0.869117483832085     
      5      2      6      1           2           0 -0.358585531759699     
      5      2      6      2           4           0   2.13539935174941     
      5      2      6      2           2           0  0.585792135381411     
      5      2      6      3           4           0  -1.07094161748479     
      5      2      6      3           2           0 -0.331571605913492     
      5      3      4      1           6           0 -0.566489981079959     
      5      3      4      1           4           0   1.19084769582744     
      5      3      4      2           4           0   2.19431827035900     
      5      3      4      2           2           0  0.313698347287176     
      5      3      4      3           2           0  0.981516448553589     
      5      3      5      1           6           0 -0.700729441454451     
      5      3      5      1           4           0  -3.07257550776351     
      5      3      5      2           4           0  -2.14815639121432     
      5      3      5      2           2           0 -0.598839124213729     
      5      3      5      3           2           0  -1.21155065809708     
      5      3      5      3           0           0  -4.12170226978930     
      5      3      6      1           4           0   3.36301716927598     
      5      3      6      2           4           0   3.83673487851324     
      5      3      6      2           2           0 -0.434131606713909     
      5      3      6      3           2           0 -0.604704308056012     
      6      1      4      1           6           0  0.638628485146665     
      6      1      4      1           4           0  -3.69283267528760     
      6      1      4      2           6           0 -0.969880402295257     
      6      1      4      2           4           0  -2.36672489156188     
      6      1      4      3           6           0  0.485812414779128     
      6      1      4      3           4           0  -5.05904752471584     
      6      1      5      1           4           0  -2.48227995738110     
      6      1      5      1           2           0  0.197551137872852     
      6      1      5      2           4           0 -0.869117483832085     
      6      1      5      2           2           0 -0.358585531759699     
      6      1      5      3           4           0  -3.36301716927598     
      6      1      6      1           2           0   1.43322050973324     
      6      1      6      1           0           0  -4.28896656353113     
      6      1      6      2           2           0  -1.01054955517345     
      6      2      4      1           6           0 -0.563427864457321     
      6      2      4      1           4           0   1.19188202811900     
      6      2      4      2           6           0 -0.735669756449440     
      6      2      4      2           4           0  -3.15231410604597     
      6      2      4      3           4           0   3.37635643279575     
      6      2      5      1           4           0   2.22623901256473     
      6      2      5      1           2           0  0.321296427441741     
      6      2      5      2           4           0  -2.13539935174941     
      6      2      5      2           2           0 -0.585792135381411     
      6      2      5      3           4           0   3.83673487851324     
      6      2      5      3           2           0 -0.434131606713909     
      6      2      6      1           2           0   1.01054955517345     
      6      2      6      2           2           0  -1.20552913323051     
      6      2      6      2           0           0  -4.05162356835633     
      6      2      6      3           2           0 -0.588789973197149     
      6      3      4      1           6           0  0.137963979006391     
      6      3      4      1           4           0  -2.16551160365483     
      6      3      4      2           4           0  -3.19688295208067     
      6      3      5      1           4           0  -3.19060980884940     
      6      3      5      2           4           0  -1.07094161748479     
      6      3      5      2           2           0 -0.331571605913492     
      6      3      5      3           2           0  0.604704308056012     
      6      3      6      2           2           0  0.588789973197149     
      6      3      6      3           2           0   1.06123185992447     
      6      3      6      3           0           0  -4.25012550000000     
         336          10
   1   1   4   4   0   0   0   0-10.9225   1   1
   1   1   4   4   2   0   0   0  4.7666   1   1
   1   1   4   4   4   0   0   0 -6.5298   1   1
   1   1   4   4   6   0   0   0  2.3249   1   1
   1   1   4   4   8   0   0   0 -1.9958   1   1
   1   1   4   4  10   0   0   0  0.5639   1   1
   1   1   4   5   2   0   0   0 -0.9668   1   1
   1   1   4   5   4   0   0   0 -4.0971   1   1
   1   1   4   5   6   0   0   0  0.1874   1   1
   1   1   4   5   8   0   0   0 -4.5762   1   1
   1   1   4   6   4   0   0   0 -3.6928   1   1
   1   1   4   6   6   0   0   0  0.6386   1   1
   1   1   5   4   2   0   0   0  0.9668   1   1
   1   1   5   4   4   0   0   0  4.0971   1   1
   1   1   5   4   6   0   0   0 -0.1874   1   1
   1   1   5   4   8   0   0   0  4.5762   1   1
   1   1   5   5   0   0   0   0 -8.9263   1   1
   1   1   5   5   2   0   0   0  0.1724   1   1
   1   1   5   5   4   0   0   0 -4.2397   1   1
   1   1   5   5   6   0   0   0  1.0631   1   1
   1   1   5   6   2   0   0   0 -0.1976   1   1
   1   1   5   6   4   0   0   0  2.4823   1   1
   1   1   6   4   4   0   0   0 -3.6928   1   1
   1   1   6   4   6   0   0   0  0.6386   1   1
   1   1   6   5   2   0   0   0  0.1976   1   1
   1   1   6   5   4   0   0   0 -2.4823   1   1
   1   1   6   6   0   0   0   0 -4.2890   1   1
   1   1   6   6   2   0   0   0  1.4332   1   1
   1   2   4   4   2   0   0   0 -1.0797   1   1
   1   2   4   4   4   0   0   0 -4.0536   1   1
   1   2   4   4   6   0   0   0  0.1701   1   1
   1   2   4   4   8   0   0   0 -4.5622   1   1
   1   2   4   5   2   0   0   0 -0.5179   1   1
   1   2   4   5   4   0   0   0 -0.6441   1   1
   1   2   4   5   6   0   0   0 -0.1799   1   1
   1   2   4   5   8   0   0   0 -3.8514   1   1
   1   2   4   6   4   0   0   0 -1.1919   1   1
   1   2   4   6   6   0   0   0  0.5634   1   1
   1   2   5   4   2   0   0   0 -3.5093   1   1
   1   2   5   4   4   0   0   0  1.6547   1   1
   1   2   5   4   6   0   0   0 -2.0118   1   1
   1   2   5   4   8   0   0   0  6.8790   1   1
   1   2   5   5   2   0   0   0  1.8362   1   1
   1   2   5   5   4   0   0   0 -2.2406   1   1
   1   2   5   5   6   0   0   0  1.3216   1   1
   1   2   5   6   2   0   0   0  0.3213   1   1
   1   2   5   6   4   0   0   0  2.2262   1   1
   1   2   6   4   4   0   0   0 -2.3667   1   1
   1   2   6   4   6   0   0   0 -0.9699   1   1
   1   2   6   5   2   0   0   0 -0.3586   1   1
   1   2   6   5   4   0   0   0 -0.8691   1   1
   1   2   6   6   2   0   0   0 -1.0105   1   1
   1   3   4   4   4   0   0   0 -3.5791   1   1
   1   3   4   4   6   0   0   0  0.6451   1   1
   1   3   4   5   4   0   0   0 -1.1908   1   1
   1   3   4   5   6   0   0   0  0.5665   1   1
   1   3   4   6   4   0   0   0 -2.1655   1   1
   1   3   4   6   6   0   0   0  0.1380   1   1
   1   3   5   4   4   0   0   0  2.2927   1   1
   1   3   5   4   6   0   0   0  0.9359   1   1
   1   3   5   5   4   0   0   0 -3.0726   1   1
   1   3   5   5   6   0   0   0 -0.7007   1   1
   1   3   5   6   4   0   0   0  3.1906   1   1
   1   3   6   4   4   0   0   0 -5.0590   1   1
   1   3   6   4   6   0   0   0  0.4858   1   1
   1   3   6   5   4   0   0   0 -3.3630   1   1
   2   1   4   4   2   0   0   0  1.0797   1   1
   2   1   4   4   4   0   0   0  4.0536   1   1
   2   1   4   4   6   0   0   0 -0.1701   1   1
   2   1   4   4   8   0   0   0  4.5622   1   1
   2   1   4   5   2   0   0   0 -3.5093   1   1
   2   1   4   5   4   0   0   0  1.6547   1   1
   2   1   4   5   6   0   0   0 -2.0118   1   1
   2   1   4   5   8   0   0   0  6.8790   1   1
   2   1   4   6   4   0   0   0  2.3667   1   1
   2   1   4   6   6   0   0   0  0.9699   1   1
   2   1   5   4   2   0   0   0 -0.5179   1   1
   2   1   5   4   4   0   0   0 -0.6441   1   1
   2   1   5   4   6   0   0   0 -0.1799   1   1
   2   1   5   4   8   0   0   0 -3.8514   1   1
   2   1   5   5   2   0   0   0 -1.8362   1   1
   2   1   5   5   4   0   0   0  2.2406   1   1
   2   1   5   5   6   0   0   0 -1.3216   1   1
   2   1   5   6   2   0   0   0 -0.3586   1   1
   2   1   5   6   4   0   0   0 -0.8691   1   1
   2   1   6   4   4   0   0   0  1.1919   1   1
   2   1   6   4   6   0   0   0 -0.5634   1   1
   2   1   6   5   2   0   0   0  0.3213   1   1
   2   1   6   5   4   0   0   0  2.2262   1   1
   2   1   6   6   2   0   0   0  1.0105   1   1
   2   2   4   4   0   0   0   0 -9.0242   1   1
   2   2   4   4   2   0   0   0  0.1445   1   1
   2   2   4   4   4   0   0   0 -4.2657   1   1
   2   2   4   4   6   0   0   0  1.0977   1   1
   2   2   4   5   2   0   0   0  1.8050   1   1
   2   2   4   5   4   0   0   0 -2.3235   1   1
   2   2   4   5   6   0   0   0  1.3298   1   1
   2   2   4   6   4   0   0   0 -3.1523   1   1
   2   2   4   6   6   0   0   0 -0.7357   1   1
   2   2   5   4   2   0   0   0 -1.8050   1   1
   2   2   5   4   4   0   0   0  2.3235   1   1
   2   2   5   4   6   0   0   0 -1.3298   1   1
   2   2   5   5   0   0   0   0 -7.0348   1   1
   2   2   5   5   2   0   0   0  3.3315   1   1
   2   2   5   5   4   0   0   0 -2.8991   1   1
   2   2   5   5   6   0   0   0  1.2183   1   1
   2   2   5   6   2   0   0   0  0.5858   1   1
   2   2   5   6   4   0   0   0  2.1354   1   1
   2   2   6   4   4   0   0   0 -3.1523   1   1
   2   2   6   4   6   0   0   0 -0.7357   1   1
   2   2   6   5   2   0   0   0 -0.5858   1   1
   2   2   6   5   4   0   0   0 -2.1354   1   1
   2   2   6   6   0   0   0   0 -4.0516   1   1
   2   2   6   6   2   0   0   0 -1.2055   1   1
   2   3   4   4   2   0   0   0 -0.1650   1   1
   2   3   4   4   4   0   0   0  2.4358   1   1
   2   3   4   5   2   0   0   0  0.3137   1   1
   2   3   4   5   4   0   0   0  2.1943   1   1
   2   3   4   6   4   0   0   0  3.1969   1   1
   2   3   5   4   2   0   0   0 -0.2776   1   1
   2   3   5   4   4   0   0   0 -0.9092   1   1
   2   3   5   5   2   0   0   0  0.5988   1   1
   2   3   5   5   4   0   0   0  2.1482   1   1
   2   3   5   6   2   0   0   0 -0.3316   1   1
   2   3   5   6   4   0   0   0 -1.0709   1   1
   2   3   6   4   4   0   0   0  3.3764   1   1
   2   3   6   5   2   0   0   0 -0.4341   1   1
   2   3   6   5   4   0   0   0  3.8367   1   1
   2   3   6   6   2   0   0   0 -0.5888   1   1
   3   1   4   4   4   0   0   0 -3.5791   1   1
   3   1   4   4   6   0   0   0  0.6451   1   1
   3   1   4   5   4   0   0   0 -2.2927   1   1
   3   1   4   5   6   0   0   0 -0.9359   1   1
   3   1   4   6   4   0   0   0 -5.0590   1   1
   3   1   4   6   6   0   0   0  0.4858   1   1
   3   1   5   4   4   0   0   0  1.1908   1   1
   3   1   5   4   6   0   0   0 -0.5665   1   1
   3   1   5   5   4   0   0   0 -3.0726   1   1
   3   1   5   5   6   0   0   0 -0.7007   1   1
   3   1   5   6   4   0   0   0  3.3630   1   1
   3   1   6   4   4   0   0   0 -2.1655   1   1
   3   1   6   4   6   0   0   0  0.1380   1   1
   3   1   6   5   4   0   0   0 -3.1906   1   1
   3   2   4   4   2   0   0   0  0.1650   1   1
   3   2   4   4   4   0   0   0 -2.4358   1   1
   3   2   4   5   2   0   0   0 -0.2776   1   1
   3   2   4   5   4   0   0   0 -0.9092   1   1
   3   2   4   6   4   0   0   0 -3.3764   1   1
   3   2   5   4   2   0   0   0  0.3137   1   1
   3   2   5   4   4   0   0   0  2.1943   1   1
   3   2   5   5   2   0   0   0 -0.5988   1   1
   3   2   5   5   4   0   0   0 -2.1482   1   1
   3   2   5   6   2   0   0   0 -0.4341   1   1
   3   2   5   6   4   0   0   0  3.8367   1   1
   3   2   6   4   4   0   0   0 -3.1969   1   1
   3   2   6   5   2   0   0   0 -0.3316   1   1
   3   2   6   5   4   0   0   0 -1.0709   1   1
   3   2   6   6   2   0   0   0  0.5888   1   1
   3   3   4   4   0   0   0   0 -4.2177   1   1
   3   3   4   4   2   0   0   0  1.4406   1   1
   3   3   4   5   2   0   0   0 -0.9815   1   1
   3   3   5   4   2   0   0   0  0.9815   1   1
   3   3   5   5   0   0   0   0 -4.1217   1   1
   3   3   5   5   2   0   0   0 -1.2116   1   1
   3   3   5   6   2   0   0   0 -0.6047   1   1
   3   3   6   5   2   0   0   0  0.6047   1   1
   3   3   6   6   0   0   0   0 -4.2501   1   1
   3   3   6   6   2   0   0   0  1.0612   1   1
   4   4   1   1   0   0   0   0-10.9225   1   1
   4   4   1   1   2   0   0   0  4.7666   1   1
   4   4   1   1   4   0   0   0 -6.5298   1   1
   4   4   1   1   6   0   0   0  2.3249   1   1
   4   4   1   1   8   0   0   0 -1.9958   1   1
   4   4   1   1  10   0   0   0  0.5639   1   1
   4   4   1   2   2   0   0   0 -1.0797   1   1
   4   4   1   2   4   0   0   0 -4.0536   1   1
   4   4   1   2   6   0   0   0  0.1701   1   1
   4   4   1   2   8   0   0   0 -4.5622   1   1
   4   4   1   3   4   0   0   0 -3.5791   1   1
   4   4   1   3   6   0   0   0  0.6451   1   1
   4   4   2   1   2   0   0   0  1.0797   1   1
   4   4   2   1   4   0   0   0  4.0536   1   1
   4   4   2   1   6   0   0   0 -0.1701   1   1
   4   4   2   1   8   0   0   0  4.5622   1   1
   4   4   2   2   0   0   0   0 -9.0242   1   1
   4   4   2   2   2   0   0   0  0.1445   1   1
   4   4   2   2   4   0   0   0 -4.2657   1   1
   4   4   2   2   6   0   0   0  1.0977   1   1
   4   4   2   3   2   0   0   0 -0.1650   1   1
   4   4   2   3   4   0   0   0  2.4358   1   1
   4   4   3   1   4   0   0   0 -3.5791   1   1
   4   4   3   1   6   0   0   0  0.6451   1   1
   4   4   3   2   2   0   0   0  0.1650   1   1
   4   4   3   2   4   0   0   0 -2.4358   1   1
   4   4   3   3   0   0   0   0 -4.2177   1   1
   4   4   3   3   2   0   0   0  1.4406   1   1
   4   5   1   1   2   0   0   0 -0.9668   1   1
   4   5   1   1   4   0   0   0 -4.0971   1   1
   4   5   1   1   6   0   0   0  0.1874   1   1
   4   5   1   1   8   0   0   0 -4.5762   1   1
   4   5   1   2   2   0   0   0 -0.5179   1   1
   4   5   1   2   4   0   0   0 -0.6441   1   1
   4   5   1   2   6   0   0   0 -0.1799   1   1
   4   5   1   2   8   0   0   0 -3.8514   1   1
   4   5   1   3   4   0   0   0 -1.1908   1   1
   4   5   1   3   6   0   0   0  0.5665   1   1
   4   5   2   1   2   0   0   0 -3.5093   1   1
   4   5   2   1   4   0   0   0  1.6547   1   1
   4   5   2   1   6   0   0   0 -2.0118   1   1
   4   5   2   1   8   0   0   0  6.8790   1   1
   4   5   2   2   2   0   0   0  1.8050   1   1
   4   5   2   2   4   0   0   0 -2.3235   1   1
   4   5   2   2   6   0   0   0  1.3298   1   1
   4   5   2   3   2   0   0   0  0.3137   1   1
   4   5   2   3   4   0   0   0  2.1943   1   1
   4   5   3   1   4   0   0   0 -2.2927   1   1
   4   5   3   1   6   0   0   0 -0.9359   1   1
   4   5   3   2   2   0   0   0 -0.2776   1   1
   4   5   3   2   4   0   0   0 -0.9092   1   1
   4   5   3   3   2   0   0   0 -0.9815   1   1
   4   6   1   1   4   0   0   0 -3.6928   1   1
   4   6   1   1   6   0   0   0  0.6386   1   1
   4   6   1   2   4   0   0   0 -1.1919   1   1
   4   6   1   2   6   0   0   0  0.5634   1   1
   4   6   1   3   4   0   0   0 -2.1655   1   1
   4   6   1   3   6   0   0   0  0.1380   1   1
   4   6   2   1   4   0   0   0  2.3667   1   1
   4   6   2   1   6   0   0   0  0.9699   1   1
   4   6   2   2   4   0   0   0 -3.1523   1   1
   4   6   2   2   6   0   0   0 -0.7357   1   1
   4   6   2   3   4   0   0   0  3.1969   1   1
   4   6   3   1   4   0   0   0 -5.0590   1   1
   4   6   3   1   6   0   0   0  0.4858   1   1
   4   6   3   2   4   0   0   0 -3.3764   1   1
   5   4   1   1   2   0   0   0  0.9668   1   1
   5   4   1   1   4   0   0   0  4.0971   1   1
   5   4   1   1   6   0   0   0 -0.1874   1   1
   5   4   1   1   8   0   0   0  4.5762   1   1
   5   4   1   2   2   0   0   0 -3.5093   1   1
   5   4   1   2   4   0   0   0  1.6547   1   1
   5   4   1   2   6   0   0   0 -2.0118   1   1
   5   4   1   2   8   0   0   0  6.8790   1   1
   5   4   1   3   4   0   0   0  2.2927   1   1
   5   4   1   3   6   0   0   0  0.9359   1   1
   5   4   2   1   2   0   0   0 -0.5179   1   1
   5   4   2   1   4   0   0   0 -0.6441   1   1
   5   4   2   1   6   0   0   0 -0.1799   1   1
   5   4   2   1   8   0   0   0 -3.8514   1   1
   5   4   2   2   2   0   0   0 -1.8050   1   1
   5   4   2   2   4   0   0   0  2.3235   1   1
   5   4   2   2   6   0   0   0 -1.3298   1   1
   5   4   2   3   2   0   0   0 -0.2776   1   1
   5   4   2   3   4   0   0   0 -0.9092   1   1
   5   4   3   1   4   0   0   0  1.1908   1   1
   5   4   3   1   6   0   0   0 -0.5665   1   1
   5   4   3   2   2   0   0   0  0.3137   1   1
   5   4   3   2   4   0   0   0  2.1943   1   1
   5   4   3   3   2   0   0   0  0.9815   1   1
   5   5   1   1   0   0   0   0 -8.9263   1   1
   5   5   1   1   2   0   0   0  0.1724   1   1
   5   5   1   1   4   0   0   0 -4.2397   1   1
   5   5   1   1   6   0   0   0  1.0631   1   1
   5   5   1   2   2   0   0   0  1.8362   1   1
   5   5   1   2   4   0   0   0 -2.2406   1   1
   5   5   1   2   6   0   0   0  1.3216   1   1
   5   5   1   3   4   0   0   0 -3.0726   1   1
   5   5   1   3   6   0   0   0 -0.7007   1   1
   5   5   2   1   2   0   0   0 -1.8362   1   1
   5   5   2   1   4   0   0   0  2.2406   1   1
   5   5   2   1   6   0   0   0 -1.3216   1   1
   5   5   2   2   0   0   0   0 -7.0348   1   1
   5   5   2   2   2   0   0   0  3.3315   1   1
   5   5   2   2   4   0   0   0 -2.8991   1   1
   5   5   2   2   6   0   0   0  1.2183   1   1
   5   5   2   3   2   0   0   0  0.5988   1   1
   5   5   2   3   4   0   0   0  2.1482   1   1
   5   5   3   1   4   0   0   0 -3.0726   1   1
   5   5   3   1   6   0   0   0 -0.7007   1   1
   5   5   3   2   2   0   0   0 -0.5988   1   1
   5   5   3   2   4   0   0   0 -2.1482   1   1
   5   5   3   3   0   0   0   0 -4.1217   1   1
   5   5   3   3   2   0   0   0 -1.2116   1   1
   5   6   1   1   2   0   0   0 -0.1976   1   1
   5   6   1   1   4   0   0   0  2.4823   1   1
   5   6   1   2   2   0   0   0  0.3213   1   1
   5   6   1   2   4   0   0   0  2.2262   1   1
   5   6   1   3   4   0   0   0  3.1906   1   1
   5   6   2   1   2   0   0   0 -0.3586   1   1
   5   6   2   1   4   0   0   0 -0.8691   1   1
   5   6   2   2   2   0   0   0  0.5858   1   1
   5   6   2   2   4   0   0   0  2.1354   1   1
   5   6   2   3   2   0   0   0 -0.3316   1   1
   5   6   2   3   4   0   0   0 -1.0709   1   1
   5   6   3   1   4   0   0   0  3.3630   1   1
   5   6   3   2   2   0   0   0 -0.4341   1   1
   5   6   3   2   4   0   0   0  3.8367   1   1
   5   6   3   3   2   0   0   0 -0.6047   1   1
   6   4   1   1   4   0   0   0 -3.6928   1   1
   6   4   1   1   6   0   0   0  0.6386   1   1
   6   4   1   2   4   0   0   0 -2.3667   1   1
   6   4   1   2   6   0   0   0 -0.9699   1   1
   6   4   1   3   4   0   0   0 -5.0590   1   1
   6   4   1   3   6   0   0   0  0.4858   1   1
   6   4   2   1   4   0   0   0  1.1919   1   1
   6   4   2   1   6   0   0   0 -0.5634   1   1
   6   4   2   2   4   0   0   0 -3.1523   1   1
   6   4   2   2   6   0   0   0 -0.7357   1   1
   6   4   2   3   4   0   0   0  3.3764   1   1
   6   4   3   1   4   0   0   0 -2.1655   1   1
   6   4   3   1   6   0   0   0  0.1380   1   1
   6   4   3   2   4   0   0   0 -3.1969   1   1
   6   5   1   1   2   0   0   0  0.1976   1   1
   6   5   1   1   4   0   0   0 -2.4823   1   1
   6   5   1   2   2   0   0   0 -0.3586   1   1
   6   5   1   2   4   0   0   0 -0.8691   1   1
   6   5   1   3   4   0   0   0 -3.3630   1   1
   6   5   2   1   2   0   0   0  0.3213   1   1
   6   5   2   1   4   0   0   0  2.2262   1   1
   6   5   2   2   2   0   0   0 -0.5858   1   1
   6   5   2   2   4   0   0   0 -2.1354   1   1
   6   5   2   3   2   0   0   0 -0.4341   1   1
   6   5   2   3   4   0   0   0  3.8367   1   1
   6   5   3   1   4   0   0   0 -3.1906   1   1
   6   5   3   2   2   0   0   0 -0.3316   1   1
   6   5   3   2   4   0   0   0 -1.0709   1   1
   6   5   3   3   2   0   0   0  0.6047   1   1
   6   6   1   1   0   0   0   0 -4.2890   1   1
   6   6   1   1   2   0   0   0  1.4332   1   1
   6   6   1   2   2   0   0   0 -1.0105   1   1
   6   6   2   1   2   0   0   0  1.0105   1   1
   6   6   2   2   0   0   0   0 -4.0516   1   1
   6   6   2   2   2   0   0   0 -1.2055   1   1
   6   6   2   3   2   0   0   0 -0.5888   1   1
   6   6   3   2   2   0   0   0  0.5888   1   1
   6   6   3   3   0   0   0   0 -4.2501   1   1
   6   6   3   3   2   0   0   0  1.0612   1   1
