############################################################################################################
# initial vector basename: f_180
# final   vector basename: f_180
# Operator file: VCoul.int
# Zero body term: 14.3048
# Jf  nJf     Ji  nJi      Ei          Ef         <Op1b>          <Op2b>         <Op1b+2b>     <Op0b+1b+2b>
###########################################################################################################
 0.0   1     0.0   1     -8.708      -8.708    3.346104e+00    3.934355e-02    3.385448e+00    1.769025e+01
 0.0   1     0.0   2     -8.708      -3.017   -1.157011e-01    1.856997e-02   -9.713116e-02   -9.713116e-02
 0.0   2     0.0   1     -3.017      -8.708    0.000000e+00    0.000000e+00    0.000000e+00    0.000000e+00
 0.0   2     0.0   2     -3.017      -3.017    3.002647e+00    2.034037e-02    3.022987e+00    1.732779e+01
 1.0   1     1.0   1    -11.062     -11.062    3.192355e+00    7.480384e-02    3.267159e+00    1.757196e+01
 1.0   1     1.0   2    -11.062      -4.789    1.880334e-01   -3.572248e-02    1.523109e-01    1.523109e-01
 1.0   2     1.0   1     -4.789     -11.062    0.000000e+00    0.000000e+00    0.000000e+00    0.000000e+00
 1.0   2     1.0   2     -4.789      -4.789    3.111858e+00    3.388021e-02    3.145738e+00    1.745054e+01
