############################################################################################################
# initial vector basename: o_180
# final   vector basename: o_180
# Operator file: Rn2.int
# Zero body term: 4.76973
# Jf  nJf     Ji  nJi      Ei          Ef         <Op1b>          <Op2b>         <Op1b+2b>     <Op0b+1b+2b>
###########################################################################################################
 0.0   1     0.0   1    -11.926     -11.926    2.203291e+00   -8.864940e-02    2.114641e+00    6.884371e+00
 0.0   1     0.0   2    -11.926      -6.110    2.479611e-01   -3.920365e-02    2.087575e-01    2.087575e-01
 0.0   2     0.0   1     -6.110     -11.926    0.000000e+00    0.000000e+00    0.000000e+00    0.000000e+00
 0.0   2     0.0   2     -6.110      -6.110    3.043482e+00   -6.331587e-02    2.980166e+00    7.749896e+00
 1.0   1     1.0   1     -1.914      -1.914    2.709216e+00    4.259047e-02    2.751807e+00    7.521537e+00
 1.0   1     1.0   2     -1.914      -0.150    1.581392e-02    4.532128e-03    2.034605e-02    2.034605e-02
 1.0   2     1.0   1     -0.150      -1.914    0.000000e+00    0.000000e+00    0.000000e+00    0.000000e+00
 1.0   2     1.0   2     -0.150      -0.150    3.212493e+00    2.002052e-02    3.232513e+00    8.002243e+00
