############################################################################################################
# initial vector basename: o_180
# final   vector basename: o_180
# Operator file: VCoul.int
# Zero body term: 14.3048
# Jf  nJf     Ji  nJi      Ei          Ef         <Op1b>          <Op2b>         <Op1b+2b>     <Op0b+1b+2b>
###########################################################################################################
 0.0   1     0.0   1    -11.926     -11.926   -1.008816e-01   -1.010702e-02   -1.109886e-01    1.419381e+01
 0.0   1     0.0   2    -11.926      -6.110   -1.420112e-02   -2.434705e-03   -1.663583e-02   -1.663583e-02
 0.0   2     0.0   1     -6.110     -11.926    0.000000e+00    0.000000e+00    0.000000e+00    0.000000e+00
 0.0   2     0.0   2     -6.110      -6.110   -1.387517e-01    2.425591e-03   -1.363261e-01    1.416847e+01
 1.0   1     1.0   1     -1.914      -1.914   -2.302271e-01    2.097749e-03   -2.281294e-01    1.407667e+01
 1.0   1     1.0   2     -1.914      -0.150   -8.431303e-04    8.485381e-04    5.407831e-06    5.407831e-06
 1.0   2     1.0   1     -0.150      -1.914    0.000000e+00    0.000000e+00    0.000000e+00    0.000000e+00
 1.0   2     1.0   2     -0.150      -0.150   -2.570597e-01    3.592250e-03   -2.534674e-01    1.405133e+01
