############################################################################################################
# initial vector basename: f_180
# final   vector basename: f_180
# Operator file: Rn2.int
# Zero body term: 4.76973
# Jf  nJf     Ji  nJi      Ei          Ef         <Op1b>          <Op2b>         <Op1b+2b>     <Op0b+1b+2b>
###########################################################################################################
 0.0   1     0.0   1     -8.708      -8.708    1.162861e+00   -3.708198e-02    1.125779e+00    5.895509e+00
 0.0   1     0.0   2     -8.708      -3.017    1.431808e-01   -1.388202e-02    1.292987e-01    1.292987e-01
 0.0   2     0.0   1     -3.017      -8.708    0.000000e+00    0.000000e+00    0.000000e+00    0.000000e+00
 0.0   2     0.0   2     -3.017      -3.017    1.601380e+00   -2.792330e-02    1.573456e+00    6.343186e+00
 1.0   1     1.0   1    -11.062     -11.062    1.305972e+00   -9.647910e-02    1.209493e+00    5.979223e+00
 1.0   1     1.0   2    -11.062      -4.789   -2.065386e-01    4.951289e-02   -1.570258e-01   -1.570258e-01
 1.0   2     1.0   1     -4.789     -11.062    0.000000e+00    0.000000e+00    0.000000e+00    0.000000e+00
 1.0   2     1.0   2     -4.789      -4.789    1.439740e+00   -5.142346e-02    1.388316e+00    6.158046e+00
