      1      4      1      4          10           0  0.383754625146554     
      1      4      1      4           8           0  -2.02331002380952     
      1      4      1      4           6           0   2.45553253018969     
      1      4      1      4           4           0  -6.45486544854954     
      1      4      1      4           2           0   4.97946564155354     
      1      4      1      4           0           0  -10.5156720000000     
      1      4      1      5           8           0  -4.97350654165391     
      1      4      1      5           6           0  0.282522849898989     
      1      4      1      5           4           0  -4.50362364264112     
      1      4      1      5           2           0  -1.08951847116200     
      1      4      1      6           6           0  0.624553324474434     
      1      4      1      6           4           0  -3.80964315484980     
      1      4      2      4           8           0  -4.73192374922053     
      1      4      2      4           6           0  0.218469550542687     
      1      4      2      4           4           0  -4.33111361815607     
      1      4      2      4           2           0 -0.962530105835364     
      1      4      2      5           8           0  -4.64827721653199     
      1      4      2      5           6           0 -0.190442638275097     
      1      4      2      5           4           0 -0.954292255274338     
      1      4      2      5           2           0 -0.650935775593037     
      1      4      2      6           6           0  0.767685808452645     
      1      4      2      6           4           0  -1.26472808951427     
      1      4      3      4           6           0  0.559465378286787     
      1      4      3      4           4           0  -3.56329180711739     
      1      4      3      5           6           0  0.751783411285851     
      1      4      3      5           4           0  -1.13209338756810     
      1      4      3      6           6           0  8.550616443454384E-002
      1      4      3      6           4           0  -2.12417863323961     
      1      5      1      4           8           0   4.97350654165391     
      1      5      1      4           6           0 -0.282522849898990     
      1      5      1      4           4           0   4.50362364264112     
      1      5      1      4           2           0   1.08951847116200     
      1      5      1      5           6           0   1.22015260334541     
      1      5      1      5           4           0  -4.65085119841864     
      1      5      1      5           2           0  5.568149024827651E-002
      1      5      1      5           0           0  -9.82082393726087     
      1      5      1      6           4           0   2.36300760702557     
      1      5      1      6           2           0 -0.300649549754018     
      1      5      2      4           8           0   7.54218361607143     
      1      5      2      4           6           0  -2.25049277279610     
      1      5      2      4           4           0   1.73777260428542     
      1      5      2      4           2           0  -3.81414115921498     
      1      5      2      5           6           0   1.64509701629798     
      1      5      2      5           4           0  -2.83245002169952     
      1      5      2      5           2           0   2.24708214121255     
      1      5      2      6           4           0   2.23664487978398     
      1      5      2      6           2           0  0.806943136874036     
      1      5      3      4           6           0  0.896217935048312     
      1      5      3      4           4           0   2.35658425581539     
      1      5      3      5           6           0  -1.04475169947076     
      1      5      3      5           4           0  -3.12928240017847     
      1      5      3      6           4           0   3.21240291909094     
      1      6      1      4           6           0  0.624553324474433     
      1      6      1      4           4           0  -3.80964315484980     
      1      6      1      5           4           0  -2.36300760702557     
      1      6      1      5           2           0  0.300649549754018     
      1      6      1      6           2           0   1.55456490070373     
      1      6      1      6           0           0  -4.34126410561486     
      1      6      2      4           6           0 -0.920605417627371     
      1      6      2      4           4           0  -2.42186738619152     
      1      6      2      5           4           0 -0.941970196854636     
      1      6      2      5           2           0 -0.235909269044560     
      1      6      2      6           2           0  -1.08677487645844     
      1      6      3      4           6           0  0.465357890914012     
      1      6      3      4           4           0  -5.11085367931355     
      1      6      3      5           4           0  -3.71795382951446     
      2      4      1      4           8           0   4.73192374922053     
      2      4      1      4           6           0 -0.218469550542687     
      2      4      1      4           4           0   4.33111361815607     
      2      4      1      4           2           0  0.962530105835365     
      2      4      1      5           8           0   7.54218361607143     
      2      4      1      5           6           0  -2.25049277279610     
      2      4      1      5           4           0   1.73777260428542     
      2      4      1      5           2           0  -3.81414115921498     
      2      4      1      6           6           0  0.920605417627370     
      2      4      1      6           4           0   2.42186738619152     
      2      4      2      4           6           0   1.26398039037705     
      2      4      2      4           4           0  -4.19463795686295     
      2      4      2      4           2           0  0.190157114340766     
      2      4      2      4           0           0  -8.46456749251034     
      2      4      2      5           6           0   1.49099536561483     
      2      4      2      5           4           0  -2.59925693503660     
      2      4      2      5           2           0   2.03827416912132     
      2      4      2      6           6           0 -0.865618848454778     
      2      4      2      6           4           0  -3.02062203824673     
      2      4      3      4           4           0   2.01293582959067     
      2      4      3      4           2           0 -0.222488332570725     
      2      4      3      5           4           0   2.03960410203149     
      2      4      3      5           2           0  0.783454657124499     
      2      4      3      6           4           0   2.99390598454494     
      2      5      1      4           8           0  -4.64827721653199     
      2      5      1      4           6           0 -0.190442638275098     
      2      5      1      4           4           0 -0.954292255274339     
      2      5      1      4           2           0 -0.650935775593037     
      2      5      1      5           6           0  -1.64509701629798     
      2      5      1      5           4           0   2.83245002169952     
      2      5      1      5           2           0  -2.24708214121255     
      2      5      1      6           4           0 -0.941970196854636     
      2      5      1      6           2           0 -0.235909269044560     
      2      5      2      4           6           0  -1.49099536561483     
      2      5      2      4           4           0   2.59925693503660     
      2      5      2      4           2           0  -2.03827416912132     
      2      5      2      5           6           0  0.223688087207964     
      2      5      2      5           4           0  -2.39731318722868     
      2      5      2      5           2           0   3.92550981777688     
      2      5      2      5           0           0  -5.56611825000000     
      2      5      2      6           4           0   1.65493834947362     
      2      5      2      6           2           0  0.423006965798467     
      2      5      3      4           4           0 -0.841210964281124     
      2      5      3      4           2           0 -6.638385880409878E-002
      2      5      3      5           4           0   1.60213918128924     
      2      5      3      5           2           0  0.429465412596093     
      2      5      3      6           4           0 -0.814158791930797     
      2      5      3      6           2           0 -0.640280223694896     
      2      6      1      4           6           0 -0.767685808452645     
      2      6      1      4           4           0   1.26472808951427     
      2      6      1      5           4           0   2.23664487978398     
      2      6      1      5           2           0  0.806943136874035     
      2      6      1      6           2           0   1.08677487645844     
      2      6      2      4           6           0 -0.865618848454777     
      2      6      2      4           4           0  -3.02062203824673     
      2      6      2      5           4           0  -1.65493834947362     
      2      6      2      5           2           0 -0.423006965798466     
      2      6      2      6           2           0  -1.13045759484565     
      2      6      2      6           0           0  -3.53903143284918     
      2      6      3      4           4           0   3.52881490160365     
      2      6      3      5           4           0   3.54569553778279     
      2      6      3      5           2           0 -0.483353459576103     
      2      6      3      6           2           0 -0.820821563316900     
      3      4      1      4           6           0  0.559465378286786     
      3      4      1      4           4           0  -3.56329180711739     
      3      4      1      5           6           0 -0.896217935048312     
      3      4      1      5           4           0  -2.35658425581539     
      3      4      1      6           6           0  0.465357890914012     
      3      4      1      6           4           0  -5.11085367931355     
      3      4      2      4           4           0  -2.01293582959068     
      3      4      2      4           2           0  0.222488332570725     
      3      4      2      5           4           0 -0.841210964281124     
      3      4      2      5           2           0 -6.638385880409872E-002
      3      4      2      6           4           0  -3.52881490160365     
      3      4      3      4           2           0   1.37476934082651     
      3      4      3      4           0           0  -3.69946350418776     
      3      4      3      5           2           0  -1.07794017187933     
      3      5      1      4           6           0 -0.751783411285852     
      3      5      1      4           4           0   1.13209338756810     
      3      5      1      5           6           0  -1.04475169947076     
      3      5      1      5           4           0  -3.12928240017847     
      3      5      1      6           4           0   3.71795382951446     
      3      5      2      4           4           0   2.03960410203149     
      3      5      2      4           2           0  0.783454657124498     
      3      5      2      5           4           0  -1.60213918128924     
      3      5      2      5           2           0 -0.429465412596092     
      3      5      2      6           4           0   3.54569553778279     
      3      5      2      6           2           0 -0.483353459576103     
      3      5      3      4           2           0   1.07794017187933     
      3      5      3      5           2           0  -1.11800238388799     
      3      5      3      5           0           0  -3.37152915009459     
      3      5      3      6           2           0 -0.838325617018829     
      3      6      1      4           6           0  8.550616443454406E-002
      3      6      1      4           4           0  -2.12417863323961     
      3      6      1      5           4           0  -3.21240291909094     
      3      6      2      4           4           0  -2.99390598454494     
      3      6      2      5           4           0 -0.814158791930796     
      3      6      2      5           2           0 -0.640280223694896     
      3      6      2      6           2           0  0.820821563316900     
      3      6      3      5           2           0  0.838325617018829     
      3      6      3      6           2           0   1.12616384662402     
      3      6      3      6           0           0  -4.32975100000000     
      4      1      4      1          10           0  0.383754625146554     
      4      1      4      1           8           0  -2.02331002380952     
      4      1      4      1           6           0   2.45553253018969     
      4      1      4      1           4           0  -6.45486544854954     
      4      1      4      1           2           0   4.97946564155354     
      4      1      4      1           0           0  -10.5156720000000     
      4      1      4      2           8           0  -4.73192374922053     
      4      1      4      2           6           0  0.218469550542688     
      4      1      4      2           4           0  -4.33111361815607     
      4      1      4      2           2           0 -0.962530105835364     
      4      1      4      3           6           0  0.559465378286787     
      4      1      4      3           4           0  -3.56329180711739     
      4      1      5      1           8           0  -4.97350654165391     
      4      1      5      1           6           0  0.282522849898989     
      4      1      5      1           4           0  -4.50362364264112     
      4      1      5      1           2           0  -1.08951847116200     
      4      1      5      2           8           0  -4.64827721653199     
      4      1      5      2           6           0 -0.190442638275097     
      4      1      5      2           4           0 -0.954292255274338     
      4      1      5      2           2           0 -0.650935775593037     
      4      1      5      3           6           0  0.751783411285851     
      4      1      5      3           4           0  -1.13209338756810     
      4      1      6      1           6           0  0.624553324474434     
      4      1      6      1           4           0  -3.80964315484980     
      4      1      6      2           6           0  0.767685808452645     
      4      1      6      2           4           0  -1.26472808951427     
      4      1      6      3           6           0  8.550616443454384E-002
      4      1      6      3           4           0  -2.12417863323961     
      4      2      4      1           8           0   4.73192374922053     
      4      2      4      1           6           0 -0.218469550542687     
      4      2      4      1           4           0   4.33111361815607     
      4      2      4      1           2           0  0.962530105835365     
      4      2      4      2           6           0   1.26398039037705     
      4      2      4      2           4           0  -4.19463795686295     
      4      2      4      2           2           0  0.190157114340768     
      4      2      4      2           0           0  -8.46456749251034     
      4      2      4      3           4           0   2.01293582959067     
      4      2      4      3           2           0 -0.222488332570725     
      4      2      5      1           8           0   7.54218361607143     
      4      2      5      1           6           0  -2.25049277279610     
      4      2      5      1           4           0   1.73777260428542     
      4      2      5      1           2           0  -3.81414115921498     
      4      2      5      2           6           0   1.49099536561483     
      4      2      5      2           4           0  -2.59925693503660     
      4      2      5      2           2           0   2.03827416912132     
      4      2      5      3           4           0   2.03960410203149     
      4      2      5      3           2           0  0.783454657124499     
      4      2      6      1           6           0  0.920605417627370     
      4      2      6      1           4           0   2.42186738619152     
      4      2      6      2           6           0 -0.865618848454778     
      4      2      6      2           4           0  -3.02062203824673     
      4      2      6      3           4           0   2.99390598454494     
      4      3      4      1           6           0  0.559465378286786     
      4      3      4      1           4           0  -3.56329180711739     
      4      3      4      2           4           0  -2.01293582959068     
      4      3      4      2           2           0  0.222488332570725     
      4      3      4      3           2           0   1.37476934082651     
      4      3      4      3           0           0  -3.69946350418776     
      4      3      5      1           6           0 -0.896217935048312     
      4      3      5      1           4           0  -2.35658425581539     
      4      3      5      2           4           0 -0.841210964281124     
      4      3      5      2           2           0 -6.638385880409872E-002
      4      3      5      3           2           0  -1.07794017187933     
      4      3      6      1           6           0  0.465357890914012     
      4      3      6      1           4           0  -5.11085367931355     
      4      3      6      2           4           0  -3.52881490160365     
      5      1      4      1           8           0   4.97350654165391     
      5      1      4      1           6           0 -0.282522849898990     
      5      1      4      1           4           0   4.50362364264112     
      5      1      4      1           2           0   1.08951847116200     
      5      1      4      2           8           0   7.54218361607143     
      5      1      4      2           6           0  -2.25049277279610     
      5      1      4      2           4           0   1.73777260428542     
      5      1      4      2           2           0  -3.81414115921498     
      5      1      4      3           6           0  0.896217935048312     
      5      1      4      3           4           0   2.35658425581539     
      5      1      5      1           6           0   1.22015260334541     
      5      1      5      1           4           0  -4.65085119841864     
      5      1      5      1           2           0  5.568149024827473E-002
      5      1      5      1           0           0  -9.82082393726087     
      5      1      5      2           6           0   1.64509701629798     
      5      1      5      2           4           0  -2.83245002169952     
      5      1      5      2           2           0   2.24708214121255     
      5      1      5      3           6           0  -1.04475169947076     
      5      1      5      3           4           0  -3.12928240017847     
      5      1      6      1           4           0   2.36300760702557     
      5      1      6      1           2           0 -0.300649549754018     
      5      1      6      2           4           0   2.23664487978398     
      5      1      6      2           2           0  0.806943136874036     
      5      1      6      3           4           0   3.21240291909094     
      5      2      4      1           8           0  -4.64827721653199     
      5      2      4      1           6           0 -0.190442638275098     
      5      2      4      1           4           0 -0.954292255274339     
      5      2      4      1           2           0 -0.650935775593037     
      5      2      4      2           6           0  -1.49099536561483     
      5      2      4      2           4           0   2.59925693503660     
      5      2      4      2           2           0  -2.03827416912132     
      5      2      4      3           4           0 -0.841210964281124     
      5      2      4      3           2           0 -6.638385880409878E-002
      5      2      5      1           6           0  -1.64509701629798     
      5      2      5      1           4           0   2.83245002169952     
      5      2      5      1           2           0  -2.24708214121255     
      5      2      5      2           6           0  0.223688087207964     
      5      2      5      2           4           0  -2.39731318722868     
      5      2      5      2           2           0   3.92550981777688     
      5      2      5      2           0           0  -5.56611825000000     
      5      2      5      3           4           0   1.60213918128924     
      5      2      5      3           2           0  0.429465412596093     
      5      2      6      1           4           0 -0.941970196854636     
      5      2      6      1           2           0 -0.235909269044560     
      5      2      6      2           4           0   1.65493834947362     
      5      2      6      2           2           0  0.423006965798467     
      5      2      6      3           4           0 -0.814158791930797     
      5      2      6      3           2           0 -0.640280223694896     
      5      3      4      1           6           0 -0.751783411285852     
      5      3      4      1           4           0   1.13209338756810     
      5      3      4      2           4           0   2.03960410203149     
      5      3      4      2           2           0  0.783454657124498     
      5      3      4      3           2           0   1.07794017187933     
      5      3      5      1           6           0  -1.04475169947076     
      5      3      5      1           4           0  -3.12928240017847     
      5      3      5      2           4           0  -1.60213918128924     
      5      3      5      2           2           0 -0.429465412596092     
      5      3      5      3           2           0  -1.11800238388799     
      5      3      5      3           0           0  -3.37152915009459     
      5      3      6      1           4           0   3.71795382951446     
      5      3      6      2           4           0   3.54569553778279     
      5      3      6      2           2           0 -0.483353459576103     
      5      3      6      3           2           0 -0.838325617018829     
      6      1      4      1           6           0  0.624553324474433     
      6      1      4      1           4           0  -3.80964315484980     
      6      1      4      2           6           0 -0.920605417627371     
      6      1      4      2           4           0  -2.42186738619152     
      6      1      4      3           6           0  0.465357890914012     
      6      1      4      3           4           0  -5.11085367931355     
      6      1      5      1           4           0  -2.36300760702557     
      6      1      5      1           2           0  0.300649549754018     
      6      1      5      2           4           0 -0.941970196854636     
      6      1      5      2           2           0 -0.235909269044560     
      6      1      5      3           4           0  -3.71795382951446     
      6      1      6      1           2           0   1.55456490070373     
      6      1      6      1           0           0  -4.34126410561486     
      6      1      6      2           2           0  -1.08677487645844     
      6      2      4      1           6           0 -0.767685808452645     
      6      2      4      1           4           0   1.26472808951427     
      6      2      4      2           6           0 -0.865618848454777     
      6      2      4      2           4           0  -3.02062203824673     
      6      2      4      3           4           0   3.52881490160365     
      6      2      5      1           4           0   2.23664487978398     
      6      2      5      1           2           0  0.806943136874035     
      6      2      5      2           4           0  -1.65493834947362     
      6      2      5      2           2           0 -0.423006965798466     
      6      2      5      3           4           0   3.54569553778279     
      6      2      5      3           2           0 -0.483353459576103     
      6      2      6      1           2           0   1.08677487645844     
      6      2      6      2           2           0  -1.13045759484565     
      6      2      6      2           0           0  -3.53903143284918     
      6      2      6      3           2           0 -0.820821563316900     
      6      3      4      1           6           0  8.550616443454406E-002
      6      3      4      1           4           0  -2.12417863323961     
      6      3      4      2           4           0  -2.99390598454494     
      6      3      5      1           4           0  -3.21240291909094     
      6      3      5      2           4           0 -0.814158791930796     
      6      3      5      2           2           0 -0.640280223694896     
      6      3      5      3           2           0  0.838325617018829     
      6      3      6      2           2           0  0.820821563316900     
      6      3      6      3           2           0   1.12616384662402     
      6      3      6      3           0           0  -4.32975100000000     
         336          10
   1   1   4   4   0   0   0   0-10.5157   1   1
   1   1   4   4   2   0   0   0  4.9795   1   1
   1   1   4   4   4   0   0   0 -6.4549   1   1
   1   1   4   4   6   0   0   0  2.4555   1   1
   1   1   4   4   8   0   0   0 -2.0233   1   1
   1   1   4   4  10   0   0   0  0.3838   1   1
   1   1   4   5   2   0   0   0 -1.0895   1   1
   1   1   4   5   4   0   0   0 -4.5036   1   1
   1   1   4   5   6   0   0   0  0.2825   1   1
   1   1   4   5   8   0   0   0 -4.9735   1   1
   1   1   4   6   4   0   0   0 -3.8096   1   1
   1   1   4   6   6   0   0   0  0.6246   1   1
   1   1   5   4   2   0   0   0  1.0895   1   1
   1   1   5   4   4   0   0   0  4.5036   1   1
   1   1   5   4   6   0   0   0 -0.2825   1   1
   1   1   5   4   8   0   0   0  4.9735   1   1
   1   1   5   5   0   0   0   0 -9.8208   1   1
   1   1   5   5   2   0   0   0  0.0557   1   1
   1   1   5   5   4   0   0   0 -4.6509   1   1
   1   1   5   5   6   0   0   0  1.2202   1   1
   1   1   5   6   2   0   0   0 -0.3006   1   1
   1   1   5   6   4   0   0   0  2.3630   1   1
   1   1   6   4   4   0   0   0 -3.8096   1   1
   1   1   6   4   6   0   0   0  0.6246   1   1
   1   1   6   5   2   0   0   0  0.3006   1   1
   1   1   6   5   4   0   0   0 -2.3630   1   1
   1   1   6   6   0   0   0   0 -4.3413   1   1
   1   1   6   6   2   0   0   0  1.5546   1   1
   1   2   4   4   2   0   0   0 -0.9625   1   1
   1   2   4   4   4   0   0   0 -4.3311   1   1
   1   2   4   4   6   0   0   0  0.2185   1   1
   1   2   4   4   8   0   0   0 -4.7319   1   1
   1   2   4   5   2   0   0   0 -0.6509   1   1
   1   2   4   5   4   0   0   0 -0.9543   1   1
   1   2   4   5   6   0   0   0 -0.1904   1   1
   1   2   4   5   8   0   0   0 -4.6483   1   1
   1   2   4   6   4   0   0   0 -1.2647   1   1
   1   2   4   6   6   0   0   0  0.7677   1   1
   1   2   5   4   2   0   0   0 -3.8141   1   1
   1   2   5   4   4   0   0   0  1.7378   1   1
   1   2   5   4   6   0   0   0 -2.2505   1   1
   1   2   5   4   8   0   0   0  7.5422   1   1
   1   2   5   5   2   0   0   0  2.2471   1   1
   1   2   5   5   4   0   0   0 -2.8325   1   1
   1   2   5   5   6   0   0   0  1.6451   1   1
   1   2   5   6   2   0   0   0  0.8069   1   1
   1   2   5   6   4   0   0   0  2.2366   1   1
   1   2   6   4   4   0   0   0 -2.4219   1   1
   1   2   6   4   6   0   0   0 -0.9206   1   1
   1   2   6   5   2   0   0   0 -0.2359   1   1
   1   2   6   5   4   0   0   0 -0.9420   1   1
   1   2   6   6   2   0   0   0 -1.0868   1   1
   1   3   4   4   4   0   0   0 -3.5633   1   1
   1   3   4   4   6   0   0   0  0.5595   1   1
   1   3   4   5   4   0   0   0 -1.1321   1   1
   1   3   4   5   6   0   0   0  0.7518   1   1
   1   3   4   6   4   0   0   0 -2.1242   1   1
   1   3   4   6   6   0   0   0  0.0855   1   1
   1   3   5   4   4   0   0   0  2.3566   1   1
   1   3   5   4   6   0   0   0  0.8962   1   1
   1   3   5   5   4   0   0   0 -3.1293   1   1
   1   3   5   5   6   0   0   0 -1.0448   1   1
   1   3   5   6   4   0   0   0  3.2124   1   1
   1   3   6   4   4   0   0   0 -5.1109   1   1
   1   3   6   4   6   0   0   0  0.4654   1   1
   1   3   6   5   4   0   0   0 -3.7180   1   1
   2   1   4   4   2   0   0   0  0.9625   1   1
   2   1   4   4   4   0   0   0  4.3311   1   1
   2   1   4   4   6   0   0   0 -0.2185   1   1
   2   1   4   4   8   0   0   0  4.7319   1   1
   2   1   4   5   2   0   0   0 -3.8141   1   1
   2   1   4   5   4   0   0   0  1.7378   1   1
   2   1   4   5   6   0   0   0 -2.2505   1   1
   2   1   4   5   8   0   0   0  7.5422   1   1
   2   1   4   6   4   0   0   0  2.4219   1   1
   2   1   4   6   6   0   0   0  0.9206   1   1
   2   1   5   4   2   0   0   0 -0.6509   1   1
   2   1   5   4   4   0   0   0 -0.9543   1   1
   2   1   5   4   6   0   0   0 -0.1904   1   1
   2   1   5   4   8   0   0   0 -4.6483   1   1
   2   1   5   5   2   0   0   0 -2.2471   1   1
   2   1   5   5   4   0   0   0  2.8325   1   1
   2   1   5   5   6   0   0   0 -1.6451   1   1
   2   1   5   6   2   0   0   0 -0.2359   1   1
   2   1   5   6   4   0   0   0 -0.9420   1   1
   2   1   6   4   4   0   0   0  1.2647   1   1
   2   1   6   4   6   0   0   0 -0.7677   1   1
   2   1   6   5   2   0   0   0  0.8069   1   1
   2   1   6   5   4   0   0   0  2.2366   1   1
   2   1   6   6   2   0   0   0  1.0868   1   1
   2   2   4   4   0   0   0   0 -8.4646   1   1
   2   2   4   4   2   0   0   0  0.1902   1   1
   2   2   4   4   4   0   0   0 -4.1946   1   1
   2   2   4   4   6   0   0   0  1.2640   1   1
   2   2   4   5   2   0   0   0  2.0383   1   1
   2   2   4   5   4   0   0   0 -2.5993   1   1
   2   2   4   5   6   0   0   0  1.4910   1   1
   2   2   4   6   4   0   0   0 -3.0206   1   1
   2   2   4   6   6   0   0   0 -0.8656   1   1
   2   2   5   4   2   0   0   0 -2.0383   1   1
   2   2   5   4   4   0   0   0  2.5993   1   1
   2   2   5   4   6   0   0   0 -1.4910   1   1
   2   2   5   5   0   0   0   0 -5.5661   1   1
   2   2   5   5   2   0   0   0  3.9255   1   1
   2   2   5   5   4   0   0   0 -2.3973   1   1
   2   2   5   5   6   0   0   0  0.2237   1   1
   2   2   5   6   2   0   0   0  0.4230   1   1
   2   2   5   6   4   0   0   0  1.6549   1   1
   2   2   6   4   4   0   0   0 -3.0206   1   1
   2   2   6   4   6   0   0   0 -0.8656   1   1
   2   2   6   5   2   0   0   0 -0.4230   1   1
   2   2   6   5   4   0   0   0 -1.6549   1   1
   2   2   6   6   0   0   0   0 -3.5390   1   1
   2   2   6   6   2   0   0   0 -1.1305   1   1
   2   3   4   4   2   0   0   0 -0.2225   1   1
   2   3   4   4   4   0   0   0  2.0129   1   1
   2   3   4   5   2   0   0   0  0.7835   1   1
   2   3   4   5   4   0   0   0  2.0396   1   1
   2   3   4   6   4   0   0   0  2.9939   1   1
   2   3   5   4   2   0   0   0 -0.0664   1   1
   2   3   5   4   4   0   0   0 -0.8412   1   1
   2   3   5   5   2   0   0   0  0.4295   1   1
   2   3   5   5   4   0   0   0  1.6021   1   1
   2   3   5   6   2   0   0   0 -0.6403   1   1
   2   3   5   6   4   0   0   0 -0.8142   1   1
   2   3   6   4   4   0   0   0  3.5288   1   1
   2   3   6   5   2   0   0   0 -0.4834   1   1
   2   3   6   5   4   0   0   0  3.5457   1   1
   2   3   6   6   2   0   0   0 -0.8208   1   1
   3   1   4   4   4   0   0   0 -3.5633   1   1
   3   1   4   4   6   0   0   0  0.5595   1   1
   3   1   4   5   4   0   0   0 -2.3566   1   1
   3   1   4   5   6   0   0   0 -0.8962   1   1
   3   1   4   6   4   0   0   0 -5.1109   1   1
   3   1   4   6   6   0   0   0  0.4654   1   1
   3   1   5   4   4   0   0   0  1.1321   1   1
   3   1   5   4   6   0   0   0 -0.7518   1   1
   3   1   5   5   4   0   0   0 -3.1293   1   1
   3   1   5   5   6   0   0   0 -1.0448   1   1
   3   1   5   6   4   0   0   0  3.7180   1   1
   3   1   6   4   4   0   0   0 -2.1242   1   1
   3   1   6   4   6   0   0   0  0.0855   1   1
   3   1   6   5   4   0   0   0 -3.2124   1   1
   3   2   4   4   2   0   0   0  0.2225   1   1
   3   2   4   4   4   0   0   0 -2.0129   1   1
   3   2   4   5   2   0   0   0 -0.0664   1   1
   3   2   4   5   4   0   0   0 -0.8412   1   1
   3   2   4   6   4   0   0   0 -3.5288   1   1
   3   2   5   4   2   0   0   0  0.7835   1   1
   3   2   5   4   4   0   0   0  2.0396   1   1
   3   2   5   5   2   0   0   0 -0.4295   1   1
   3   2   5   5   4   0   0   0 -1.6021   1   1
   3   2   5   6   2   0   0   0 -0.4834   1   1
   3   2   5   6   4   0   0   0  3.5457   1   1
   3   2   6   4   4   0   0   0 -2.9939   1   1
   3   2   6   5   2   0   0   0 -0.6403   1   1
   3   2   6   5   4   0   0   0 -0.8142   1   1
   3   2   6   6   2   0   0   0  0.8208   1   1
   3   3   4   4   0   0   0   0 -3.6995   1   1
   3   3   4   4   2   0   0   0  1.3748   1   1
   3   3   4   5   2   0   0   0 -1.0779   1   1
   3   3   5   4   2   0   0   0  1.0779   1   1
   3   3   5   5   0   0   0   0 -3.3715   1   1
   3   3   5   5   2   0   0   0 -1.1180   1   1
   3   3   5   6   2   0   0   0 -0.8383   1   1
   3   3   6   5   2   0   0   0  0.8383   1   1
   3   3   6   6   0   0   0   0 -4.3298   1   1
   3   3   6   6   2   0   0   0  1.1262   1   1
   4   4   1   1   0   0   0   0-10.5157   1   1
   4   4   1   1   2   0   0   0  4.9795   1   1
   4   4   1   1   4   0   0   0 -6.4549   1   1
   4   4   1   1   6   0   0   0  2.4555   1   1
   4   4   1   1   8   0   0   0 -2.0233   1   1
   4   4   1   1  10   0   0   0  0.3838   1   1
   4   4   1   2   2   0   0   0 -0.9625   1   1
   4   4   1   2   4   0   0   0 -4.3311   1   1
   4   4   1   2   6   0   0   0  0.2185   1   1
   4   4   1   2   8   0   0   0 -4.7319   1   1
   4   4   1   3   4   0   0   0 -3.5633   1   1
   4   4   1   3   6   0   0   0  0.5595   1   1
   4   4   2   1   2   0   0   0  0.9625   1   1
   4   4   2   1   4   0   0   0  4.3311   1   1
   4   4   2   1   6   0   0   0 -0.2185   1   1
   4   4   2   1   8   0   0   0  4.7319   1   1
   4   4   2   2   0   0   0   0 -8.4646   1   1
   4   4   2   2   2   0   0   0  0.1902   1   1
   4   4   2   2   4   0   0   0 -4.1946   1   1
   4   4   2   2   6   0   0   0  1.2640   1   1
   4   4   2   3   2   0   0   0 -0.2225   1   1
   4   4   2   3   4   0   0   0  2.0129   1   1
   4   4   3   1   4   0   0   0 -3.5633   1   1
   4   4   3   1   6   0   0   0  0.5595   1   1
   4   4   3   2   2   0   0   0  0.2225   1   1
   4   4   3   2   4   0   0   0 -2.0129   1   1
   4   4   3   3   0   0   0   0 -3.6995   1   1
   4   4   3   3   2   0   0   0  1.3748   1   1
   4   5   1   1   2   0   0   0 -1.0895   1   1
   4   5   1   1   4   0   0   0 -4.5036   1   1
   4   5   1   1   6   0   0   0  0.2825   1   1
   4   5   1   1   8   0   0   0 -4.9735   1   1
   4   5   1   2   2   0   0   0 -0.6509   1   1
   4   5   1   2   4   0   0   0 -0.9543   1   1
   4   5   1   2   6   0   0   0 -0.1904   1   1
   4   5   1   2   8   0   0   0 -4.6483   1   1
   4   5   1   3   4   0   0   0 -1.1321   1   1
   4   5   1   3   6   0   0   0  0.7518   1   1
   4   5   2   1   2   0   0   0 -3.8141   1   1
   4   5   2   1   4   0   0   0  1.7378   1   1
   4   5   2   1   6   0   0   0 -2.2505   1   1
   4   5   2   1   8   0   0   0  7.5422   1   1
   4   5   2   2   2   0   0   0  2.0383   1   1
   4   5   2   2   4   0   0   0 -2.5993   1   1
   4   5   2   2   6   0   0   0  1.4910   1   1
   4   5   2   3   2   0   0   0  0.7835   1   1
   4   5   2   3   4   0   0   0  2.0396   1   1
   4   5   3   1   4   0   0   0 -2.3566   1   1
   4   5   3   1   6   0   0   0 -0.8962   1   1
   4   5   3   2   2   0   0   0 -0.0664   1   1
   4   5   3   2   4   0   0   0 -0.8412   1   1
   4   5   3   3   2   0   0   0 -1.0779   1   1
   4   6   1   1   4   0   0   0 -3.8096   1   1
   4   6   1   1   6   0   0   0  0.6246   1   1
   4   6   1   2   4   0   0   0 -1.2647   1   1
   4   6   1   2   6   0   0   0  0.7677   1   1
   4   6   1   3   4   0   0   0 -2.1242   1   1
   4   6   1   3   6   0   0   0  0.0855   1   1
   4   6   2   1   4   0   0   0  2.4219   1   1
   4   6   2   1   6   0   0   0  0.9206   1   1
   4   6   2   2   4   0   0   0 -3.0206   1   1
   4   6   2   2   6   0   0   0 -0.8656   1   1
   4   6   2   3   4   0   0   0  2.9939   1   1
   4   6   3   1   4   0   0   0 -5.1109   1   1
   4   6   3   1   6   0   0   0  0.4654   1   1
   4   6   3   2   4   0   0   0 -3.5288   1   1
   5   4   1   1   2   0   0   0  1.0895   1   1
   5   4   1   1   4   0   0   0  4.5036   1   1
   5   4   1   1   6   0   0   0 -0.2825   1   1
   5   4   1   1   8   0   0   0  4.9735   1   1
   5   4   1   2   2   0   0   0 -3.8141   1   1
   5   4   1   2   4   0   0   0  1.7378   1   1
   5   4   1   2   6   0   0   0 -2.2505   1   1
   5   4   1   2   8   0   0   0  7.5422   1   1
   5   4   1   3   4   0   0   0  2.3566   1   1
   5   4   1   3   6   0   0   0  0.8962   1   1
   5   4   2   1   2   0   0   0 -0.6509   1   1
   5   4   2   1   4   0   0   0 -0.9543   1   1
   5   4   2   1   6   0   0   0 -0.1904   1   1
   5   4   2   1   8   0   0   0 -4.6483   1   1
   5   4   2   2   2   0   0   0 -2.0383   1   1
   5   4   2   2   4   0   0   0  2.5993   1   1
   5   4   2   2   6   0   0   0 -1.4910   1   1
   5   4   2   3   2   0   0   0 -0.0664   1   1
   5   4   2   3   4   0   0   0 -0.8412   1   1
   5   4   3   1   4   0   0   0  1.1321   1   1
   5   4   3   1   6   0   0   0 -0.7518   1   1
   5   4   3   2   2   0   0   0  0.7835   1   1
   5   4   3   2   4   0   0   0  2.0396   1   1
   5   4   3   3   2   0   0   0  1.0779   1   1
   5   5   1   1   0   0   0   0 -9.8208   1   1
   5   5   1   1   2   0   0   0  0.0557   1   1
   5   5   1   1   4   0   0   0 -4.6509   1   1
   5   5   1   1   6   0   0   0  1.2202   1   1
   5   5   1   2   2   0   0   0  2.2471   1   1
   5   5   1   2   4   0   0   0 -2.8325   1   1
   5   5   1   2   6   0   0   0  1.6451   1   1
   5   5   1   3   4   0   0   0 -3.1293   1   1
   5   5   1   3   6   0   0   0 -1.0448   1   1
   5   5   2   1   2   0   0   0 -2.2471   1   1
   5   5   2   1   4   0   0   0  2.8325   1   1
   5   5   2   1   6   0   0   0 -1.6451   1   1
   5   5   2   2   0   0   0   0 -5.5661   1   1
   5   5   2   2   2   0   0   0  3.9255   1   1
   5   5   2   2   4   0   0   0 -2.3973   1   1
   5   5   2   2   6   0   0   0  0.2237   1   1
   5   5   2   3   2   0   0   0  0.4295   1   1
   5   5   2   3   4   0   0   0  1.6021   1   1
   5   5   3   1   4   0   0   0 -3.1293   1   1
   5   5   3   1   6   0   0   0 -1.0448   1   1
   5   5   3   2   2   0   0   0 -0.4295   1   1
   5   5   3   2   4   0   0   0 -1.6021   1   1
   5   5   3   3   0   0   0   0 -3.3715   1   1
   5   5   3   3   2   0   0   0 -1.1180   1   1
   5   6   1   1   2   0   0   0 -0.3006   1   1
   5   6   1   1   4   0   0   0  2.3630   1   1
   5   6   1   2   2   0   0   0  0.8069   1   1
   5   6   1   2   4   0   0   0  2.2366   1   1
   5   6   1   3   4   0   0   0  3.2124   1   1
   5   6   2   1   2   0   0   0 -0.2359   1   1
   5   6   2   1   4   0   0   0 -0.9420   1   1
   5   6   2   2   2   0   0   0  0.4230   1   1
   5   6   2   2   4   0   0   0  1.6549   1   1
   5   6   2   3   2   0   0   0 -0.6403   1   1
   5   6   2   3   4   0   0   0 -0.8142   1   1
   5   6   3   1   4   0   0   0  3.7180   1   1
   5   6   3   2   2   0   0   0 -0.4834   1   1
   5   6   3   2   4   0   0   0  3.5457   1   1
   5   6   3   3   2   0   0   0 -0.8383   1   1
   6   4   1   1   4   0   0   0 -3.8096   1   1
   6   4   1   1   6   0   0   0  0.6246   1   1
   6   4   1   2   4   0   0   0 -2.4219   1   1
   6   4   1   2   6   0   0   0 -0.9206   1   1
   6   4   1   3   4   0   0   0 -5.1109   1   1
   6   4   1   3   6   0   0   0  0.4654   1   1
   6   4   2   1   4   0   0   0  1.2647   1   1
   6   4   2   1   6   0   0   0 -0.7677   1   1
   6   4   2   2   4   0   0   0 -3.0206   1   1
   6   4   2   2   6   0   0   0 -0.8656   1   1
   6   4   2   3   4   0   0   0  3.5288   1   1
   6   4   3   1   4   0   0   0 -2.1242   1   1
   6   4   3   1   6   0   0   0  0.0855   1   1
   6   4   3   2   4   0   0   0 -2.9939   1   1
   6   5   1   1   2   0   0   0  0.3006   1   1
   6   5   1   1   4   0   0   0 -2.3630   1   1
   6   5   1   2   2   0   0   0 -0.2359   1   1
   6   5   1   2   4   0   0   0 -0.9420   1   1
   6   5   1   3   4   0   0   0 -3.7180   1   1
   6   5   2   1   2   0   0   0  0.8069   1   1
   6   5   2   1   4   0   0   0  2.2366   1   1
   6   5   2   2   2   0   0   0 -0.4230   1   1
   6   5   2   2   4   0   0   0 -1.6549   1   1
   6   5   2   3   2   0   0   0 -0.4834   1   1
   6   5   2   3   4   0   0   0  3.5457   1   1
   6   5   3   1   4   0   0   0 -3.2124   1   1
   6   5   3   2   2   0   0   0 -0.6403   1   1
   6   5   3   2   4   0   0   0 -0.8142   1   1
   6   5   3   3   2   0   0   0  0.8383   1   1
   6   6   1   1   0   0   0   0 -4.3413   1   1
   6   6   1   1   2   0   0   0  1.5546   1   1
   6   6   1   2   2   0   0   0 -1.0868   1   1
   6   6   2   1   2   0   0   0  1.0868   1   1
   6   6   2   2   0   0   0   0 -3.5390   1   1
   6   6   2   2   2   0   0   0 -1.1305   1   1
   6   6   2   3   2   0   0   0 -0.8208   1   1
   6   6   3   2   2   0   0   0  0.8208   1   1
   6   6   3   3   0   0   0   0 -4.3298   1   1
   6   6   3   3   2   0   0   0  1.1262   1   1
