 ! Total Interaction
 256
   1   4   1   4     0     0   0.0000
   1   4   2   5     0     0   0.0000
   2   5   2   5     0     0   0.0000
   1   4   3   6     0     0   0.0000
   2   5   3   6     0     0   0.0000
   3   6   3   6     0     0   0.0000
   1   4   1   4     1     0  -1.7270
   1   4   2   4     1     0  -4.0437
   2   4   2   4     1     0  -5.5291
   1   5   2   4     1     0   6.5197
   1   4   1   5     1     0   4.2205
   1   5   1   5     1     0  -6.5047
   1   4   2   5     1     0   1.4009
   2   4   2   5     1     0  -0.1547
   1   5   2   5     1     0   0.1874
   2   5   2   5     1     0  -0.5018
   1   4   3   5     1     0  -0.0325
   2   4   3   5     1     0   2.2363
   1   5   3   5     1     0  -2.4060
   2   5   3   5     1     0   1.3082
   3   5   3   5     1     0  -3.4046
   2   6   3   5     1     0   3.8247
   1   4   2   6     1     0   0.0844
   2   4   2   6     1     0  -2.1681
   1   5   2   6     1     0   2.4071
   2   5   2   6     1     0  -1.3429
   2   6   2   6     1     0  -3.5344
   1   4   3   6     1     0  -0.9685
   2   4   3   6     1     0  -2.4445
   1   5   3   6     1     0   2.6229
   2   5   3   6     1     0  -0.0044
   3   5   3   6     1     0   0.6845
   2   6   3   6     1     0  -0.6702
   3   6   3   6     1     0  -2.4900
   1   4   1   4     2     0   0.0000
   1   4   2   4     2     0   0.0000
   2   4   2   4     2     0   0.0000
   1   5   2   4     2     0   0.0000
   1   6   2   4     2     0   0.0000
   1   4   3   4     2     0   0.0000
   2   4   3   4     2     0   0.0000
   3   4   3   4     2     0   0.0000
   1   5   3   4     2     0   0.0000
   2   5   3   4     2     0   0.0000
   1   6   3   4     2     0   0.0000
   2   6   3   4     2     0   0.0000
   1   4   1   5     2     0   0.0000
   1   5   1   5     2     0   0.0000
   1   4   2   5     2     0   0.0000
   2   4   2   5     2     0   0.0000
   1   5   2   5     2     0   0.0000
   2   5   2   5     2     0   0.0000
   1   6   2   5     2     0   0.0000
   1   4   3   5     2     0   0.0000
   2   4   3   5     2     0   0.0000
   3   4   3   5     2     0   0.0000
   1   5   3   5     2     0   0.0000
   2   5   3   5     2     0   0.0000
   3   5   3   5     2     0   0.0000
   1   6   3   5     2     0   0.0000
   2   6   3   5     2     0   0.0000
   1   4   1   6     2     0   0.0000
   1   5   1   6     2     0   0.0000
   1   6   1   6     2     0   0.0000
   1   4   2   6     2     0   0.0000
   2   4   2   6     2     0   0.0000
   1   5   2   6     2     0   0.0000
   2   5   2   6     2     0   0.0000
   1   6   2   6     2     0   0.0000
   2   6   2   6     2     0   0.0000
   1   4   1   4     3     0  -1.1945
   1   4   2   4     3     0  -1.6976
   2   4   2   4     3     0  -0.7684
   1   5   2   4     3     0   1.3446
   1   6   2   4     3     0  -1.4941
   1   4   3   4     3     0  -1.7990
   2   4   3   4     3     0  -1.0158
   3   4   3   4     3     0  -2.8067
   1   5   3   4     3     0   1.4537
   2   5   3   4     3     0   0.1258
   1   6   3   4     3     0  -3.8680
   1   4   1   5     3     0   1.8237
   1   5   1   5     3     0  -1.0962
   1   4   2   5     3     0   0.2952
   2   4   2   5     3     0  -1.8534
   1   5   2   5     3     0   2.0322
   2   5   2   5     3     0  -2.6837
   1   6   2   5     3     0   0.0601
   1   4   1   6     3     0  -1.9304
   1   5   1   6     3     0   1.2169
   1   6   1   6     3     0  -3.2650
   1   4   1   4     4     0   0.0000
   1   4   2   4     4     0   0.0000
   2   4   2   4     4     0   0.0000
   1   5   2   4     4     0   0.0000
   1   4   1   5     4     0   0.0000
   1   5   1   5     4     0   0.0000
   1   4   1   4     5     0  -3.7919
   1   1   1   1     0     1  -1.7834
   1   1   2   2     0     1  -3.1079
   2   2   2   2     0     1  -0.4488
   1   1   3   3     0     1  -1.1476
   2   2   3   3     0     1  -0.9022
   3   3   3   3     0     1  -0.7258
   1   4   1   4     0     1  -2.4375
   4   4   4   4     0     1  -2.3594
   1   4   2   5     0     1  -3.6150
   2   5   2   5     0     1  -0.8839
   4   4   5   5     0     1  -3.9653
   5   5   5   5     0     1  -0.6980
   1   4   3   6     0     1  -1.3058
   2   5   3   6     0     1  -1.0357
   3   6   3   6     0     1  -1.1896
   4   4   6   6     0     1  -1.3667
   5   5   6   6     0     1  -1.0901
   6   6   6   6     0     1  -1.2036
   1   2   1   2     1     1   0.4995
   1   2   2   3     1     1  -0.0076
   2   3   2   3     1     1   0.3837
   1   4   1   4     1     1   0.0000
   1   4   2   4     1     1   0.0000
   2   4   2   4     1     1   0.0000
   1   5   2   4     1     1   0.0000
   1   4   1   5     1     1   0.0000
   1   5   1   5     1     1   0.0000
   1   4   2   5     1     1   0.0000
   2   4   2   5     1     1   0.0000
   1   5   2   5     1     1   0.0000
   2   5   2   5     1     1   0.0000
   1   4   3   5     1     1   0.0000
   2   4   3   5     1     1   0.0000
   1   5   3   5     1     1   0.0000
   2   5   3   5     1     1   0.0000
   3   5   3   5     1     1   0.0000
   2   6   3   5     1     1   0.0000
   4   5   4   5     1     1   0.2423
   1   4   2   6     1     1   0.0000
   2   4   2   6     1     1   0.0000
   1   5   2   6     1     1   0.0000
   2   5   2   6     1     1   0.0000
   2   6   2   6     1     1   0.0000
   1   4   3   6     1     1   0.0000
   2   4   3   6     1     1   0.0000
   1   5   3   6     1     1   0.0000
   2   5   3   6     1     1   0.0000
   3   5   3   6     1     1   0.0000
   2   6   3   6     1     1   0.0000
   3   6   3   6     1     1   0.0000
   4   5   5   6     1     1   0.0381
   5   6   5   6     1     1   0.2261
   1   1   1   1     2     1  -0.4535
   1   1   1   2     2     1  -0.2224
   1   2   1   2     2     1   0.4356
   1   1   2   2     2     1  -0.6957
   1   2   2   2     2     1  -0.5813
   2   2   2   2     2     1   0.0664
   1   3   2   2     2     1  -0.4826
   1   1   1   3     2     1  -0.7519
   1   2   1   3     2     1   0.0137
   1   3   1   3     2     1  -0.4162
   1   1   2   3     2     1   0.7847
   1   2   2   3     2     1   0.5465
   2   2   2   3     2     1   0.2261
   1   3   2   3     2     1   0.9822
   2   3   2   3     2     1  -0.0112
   1   4   1   4     2     1  -0.9156
   1   4   2   4     2     1   0.2392
   2   4   2   4     2     1  -3.8299
   1   5   2   4     2     1  -4.3276
   1   6   2   4     2     1  -1.4984
   1   4   3   4     2     1  -0.8204
   2   4   3   4     2     1   1.3551
   3   4   3   4     2     1  -1.1967
   1   5   3   4     2     1   1.4584
   2   5   3   4     2     1  -0.5125
   1   6   3   4     2     1  -0.3515
   2   6   3   4     2     1   3.1563
   4   4   4   4     2     1  -0.9235
   1   4   1   5     2     1  -0.2556
   1   5   1   5     2     1  -4.3632
   1   4   2   5     2     1  -0.8259
   2   4   2   5     2     1   0.6557
   1   5   2   5     2     1  -0.7130
   2   5   2   5     2     1  -0.2179
   1   6   2   5     2     1  -0.6100
   1   4   3   5     2     1  -0.8591
   2   4   3   5     2     1  -0.9047
   3   4   3   5     2     1   0.9641
   1   5   3   5     2     1  -2.2878
   2   5   3   5     2     1  -0.2714
   3   5   3   5     2     1  -1.7717
   1   6   3   5     2     1  -3.3254
   2   6   3   5     2     1  -1.2114
   4   4   4   5     2     1  -0.2328
   4   5   4   5     2     1   0.1808
   4   4   5   5     2     1  -0.8996
   4   5   5   5     2     1  -0.7660
   5   5   5   5     2     1  -0.1343
   4   6   5   5     2     1  -0.6239
   1   4   1   6     2     1  -0.8626
   1   5   1   6     2     1  -1.5704
   1   6   1   6     2     1  -1.4445
   1   4   2   6     2     1   0.9334
   2   4   2   6     2     1  -2.2535
   1   5   2   6     2     1  -1.0230
   2   5   2   6     2     1   0.2916
   1   6   2   6     2     1  -0.9720
   2   6   2   6     2     1  -1.8833
   4   4   4   6     2     1  -0.8834
   4   5   4   6     2     1   0.0496
   4   6   4   6     2     1  -0.8273
   4   4   5   6     2     1   0.9730
   4   5   5   6     2     1   0.7539
   5   5   5   6     2     1   0.2711
   4   6   5   6     2     1   1.2507
   5   6   5   6     2     1  -0.2068
   1   2   1   2     3     1   0.4574
   1   2   1   3     3     1  -0.1418
   1   3   1   3     3     1   0.6742
   1   4   1   4     3     1   0.0000
   1   4   2   4     3     1   0.0000
   2   4   2   4     3     1   0.0000
   1   5   2   4     3     1   0.0000
   1   6   2   4     3     1   0.0000
   1   4   3   4     3     1   0.0000
   2   4   3   4     3     1   0.0000
   3   4   3   4     3     1   0.0000
   1   5   3   4     3     1   0.0000
   2   5   3   4     3     1   0.0000
   1   6   3   4     3     1   0.0000
   1   4   1   5     3     1   0.0000
   1   5   1   5     3     1   0.0000
   1   4   2   5     3     1   0.0000
   2   4   2   5     3     1   0.0000
   1   5   2   5     3     1   0.0000
   2   5   2   5     3     1   0.0000
   1   6   2   5     3     1   0.0000
   4   5   4   5     3     1   0.2305
   1   4   1   6     3     1   0.0000
   1   5   1   6     3     1   0.0000
   1   6   1   6     3     1   0.0000
   4   5   4   6     3     1  -0.1846
   4   6   4   6     3     1   0.4698
   1   1   1   1     4     1   0.3004
   1   1   1   2     4     1  -1.1545
   1   2   1   2     4     1  -0.4860
   1   4   1   4     4     1  -0.0917
   1   4   2   4     4     1   1.2795
   2   4   2   4     4     1  -4.6467
   1   5   2   4     4     1  -3.0596
   4   4   4   4     4     1  -0.0865
   1   4   1   5     4     1  -1.3135
   1   5   1   5     4     1  -5.2467
   4   4   4   5     4     1  -1.3812
   4   5   4   5     4     1  -0.9459
   1   4   1   4     5     1   0.0000
