############################################################################################################
# initial vector basename: ne220
# final   vector basename: ne220
# Operator file: Iso2.int
# Zero body term: 0.0030015
# Jf  nJf     Ji  nJi      Ei          Ef         <Op1b>          <Op2b>         <Op1b+2b>     <Op0b+1b+2b>
###########################################################################################################
 0.0   1     0.0   1    -53.323     -53.323    4.500299e+00   -2.506286e+00    1.994013e+00    1.997015e+00
 0.0   1     0.0   2    -53.323     -46.535    2.298530e-03    2.256453e-03    4.554984e-03    4.554984e-03
 0.0   2     0.0   1    -46.535     -53.323    0.000000e+00    0.000000e+00    0.000000e+00    0.000000e+00
 0.0   2     0.0   2    -46.535     -46.535    4.497153e+00   -2.503495e+00    1.993658e+00    1.996659e+00
 1.0   1     1.0   1    -46.844     -46.844    4.500989e+00   -2.500672e+00    2.000317e+00    2.003318e+00
 1.0   1     1.0   2    -46.844     -45.424    9.797517e-04   -1.649090e-03   -6.693387e-04   -6.693387e-04
 1.0   2     1.0   1    -45.424     -46.844    0.000000e+00    0.000000e+00    0.000000e+00    0.000000e+00
 1.0   2     1.0   2    -45.424     -45.424    4.501810e+00   -2.501442e+00    2.000368e+00    2.003370e+00
