############################################################################################################
# initial vector basename: ne220
# final   vector basename: ne220
# Operator file: Rn2.int
# Zero body term: 4.78829
# Jf  nJf     Ji  nJi      Ei          Ef         <Op1b>          <Op2b>         <Op1b+2b>     <Op0b+1b+2b>
###########################################################################################################
 0.0   1     0.0   1    -53.323     -53.323    4.604226e+00   -3.780672e-01    4.226159e+00    9.014449e+00
 0.0   1     0.0   2    -53.323     -46.535   -7.612711e-02   -1.357776e-02   -8.970487e-02   -8.970487e-02
 0.0   2     0.0   1    -46.535     -53.323    0.000000e+00    0.000000e+00    0.000000e+00    0.000000e+00
 0.0   2     0.0   2    -46.535     -46.535    4.927921e+00   -3.308778e-01    4.597043e+00    9.385333e+00
 1.0   1     1.0   1    -46.844     -46.844    4.633788e+00   -3.118016e-01    4.321987e+00    9.110277e+00
 1.0   1     1.0   2    -46.844     -45.424   -7.933151e-02   -6.216054e-03   -8.554757e-02   -8.554757e-02
 1.0   2     1.0   1    -45.424     -46.844    0.000000e+00    0.000000e+00    0.000000e+00    0.000000e+00
 1.0   2     1.0   2    -45.424     -45.424    4.793844e+00   -3.630531e-01    4.430791e+00    9.219081e+00
