############################################################################################################
# initial vector basename: mg220
# final   vector basename: mg220
# Operator file: Rn2.int
# Zero body term: 4.78829
# Jf  nJf     Ji  nJi      Ei          Ef         <Op1b>          <Op2b>         <Op1b+2b>     <Op0b+1b+2b>
###########################################################################################################
 0.0   1     0.0   1    -43.795     -43.795    2.518891e+00   -2.838037e-01    2.235087e+00    7.023377e+00
 0.0   1     0.0   2    -43.795     -37.380   -8.297415e-02    9.777342e-03   -7.319681e-02   -7.319681e-02
 0.0   2     0.0   1    -37.380     -43.795    0.000000e+00    0.000000e+00    0.000000e+00    0.000000e+00
 0.0   2     0.0   2    -37.380     -37.380    2.573859e+00   -2.753628e-01    2.298496e+00    7.086786e+00
 1.0   1     1.0   1    -37.878     -37.878    2.584809e+00   -2.874207e-01    2.297389e+00    7.085679e+00
 1.0   1     1.0   2    -37.878     -36.595    2.747705e-03    8.055125e-03    1.080283e-02    1.080283e-02
 1.0   2     1.0   1    -36.595     -37.878    0.000000e+00    0.000000e+00    0.000000e+00    0.000000e+00
 1.0   2     1.0   2    -36.595     -36.595    2.650669e+00   -2.836020e-01    2.367067e+00    7.155357e+00
