############################################################################################################
# initial vector basename: na220
# final   vector basename: na220
# Operator file: VCoul.int
# Zero body term: 14.3169
# Jf  nJf     Ji  nJi      Ei          Ef         <Op1b>          <Op2b>         <Op1b+2b>     <Op0b+1b+2b>
###########################################################################################################
 0.0   1     0.0   1    -48.921     -48.921    9.733044e+00    1.958600e+00    1.169164e+01    2.600854e+01
 0.0   1     0.0   2    -48.921     -42.170    2.983722e-03    5.718826e-02    6.017198e-02    6.017198e-02
 0.0   2     0.0   1    -42.170     -48.921    0.000000e+00    0.000000e+00    0.000000e+00    0.000000e+00
 0.0   2     0.0   2    -42.170     -42.170    9.558567e+00    1.771688e+00    1.133025e+01    2.564715e+01
 1.0   1     1.0   1    -49.593     -49.593    9.645029e+00    1.981665e+00    1.162669e+01    2.594359e+01
 1.0   1     1.0   2    -49.593     -48.521    7.957298e-02    1.055407e-02    9.012705e-02    9.012705e-02
 1.0   2     1.0   1    -48.521     -49.593    0.000000e+00    0.000000e+00    0.000000e+00    0.000000e+00
 1.0   2     1.0   2    -48.521     -48.521    9.443542e+00    1.875490e+00    1.131903e+01    2.563593e+01
