############################################################################################################
# initial vector basename: mg220
# final   vector basename: mg220
# Operator file: Iso2.int
# Zero body term: 0.0030015
# Jf  nJf     Ji  nJi      Ei          Ef         <Op1b>          <Op2b>         <Op1b+2b>     <Op0b+1b+2b>
###########################################################################################################
 0.0   1     0.0   1    -43.795     -43.795    4.501557e+00   -2.505814e+00    1.995742e+00    1.998744e+00
 0.0   1     0.0   2    -43.795     -37.380    2.401474e-03   -1.357663e-05    2.387897e-03    2.387897e-03
 0.0   2     0.0   1    -37.380     -43.795    0.000000e+00    0.000000e+00    0.000000e+00    0.000000e+00
 0.0   2     0.0   2    -37.380     -37.380    4.506274e+00   -2.505526e+00    2.000748e+00    2.003750e+00
 1.0   1     1.0   1    -37.878     -37.878    4.501696e+00   -2.506276e+00    1.995420e+00    1.998421e+00
 1.0   1     1.0   2    -37.878     -36.595   -1.951588e-03    2.746729e-03    7.951414e-04    7.951414e-04
 1.0   2     1.0   1    -36.595     -37.878    0.000000e+00    0.000000e+00    0.000000e+00    0.000000e+00
 1.0   2     1.0   2    -36.595     -36.595    4.502564e+00   -2.504558e+00    1.998006e+00    2.001007e+00
