# One and two body transition densities
#
# One-body basis:
# i   n   l   2j  2tz (proton=+1)
  0   0   2   5   1
  1   0   2   3   1
  2   1   0   1   1
  3   0   2   5  -1
  4   0   2   3  -1
  5   1   0   1  -1
# Two-body basis: 
# i   a   b   J
  0   0   0   0
  1   0   0   2
  2   0   0   4
  3   0   1   1
  4   0   1   2
  5   0   1   3
  6   0   1   4
  7   0   2   2
  8   0   2   3
  9   0   3   0
 10   0   3   1
 11   0   3   2
 12   0   3   3
 13   0   3   4
 14   0   3   5
 15   0   4   1
 16   0   4   2
 17   0   4   3
 18   0   4   4
 19   0   5   2
 20   0   5   3
 21   1   1   0
 22   1   1   2
 23   1   2   1
 24   1   2   2
 25   1   3   1
 26   1   3   2
 27   1   3   3
 28   1   3   4
 29   1   4   0
 30   1   4   1
 31   1   4   2
 32   1   4   3
 33   1   5   1
 34   1   5   2
 35   2   2   0
 36   2   3   2
 37   2   3   3
 38   2   4   1
 39   2   4   2
 40   2   5   0
 41   2   5   1
 42   3   3   0
 43   3   3   2
 44   3   3   4
 45   3   4   1
 46   3   4   2
 47   3   4   3
 48   3   4   4
 49   3   5   2
 50   3   5   3
 51   4   4   0
 52   4   4   2
 53   4   5   1
 54   4   5   2
 55   5   5   0

Jf nJf  Ji nJi  Lambda =   0 1      0 1      0
-------------- OBTD ---------------------
  3   0   0.48847344
  4   1   0.10252267
  5   2   0.00804188

-------------- TBTD ---------------------
  9   0   0.57234273
  9  21   0.18473140
  9  35   0.12809664
 10   3  -0.12147103
 10  23   0.02734605
 11   1   0.18678197
 11   4  -0.13541475
 11   7  -0.04183985
 11  22  -0.02429552
 11  24  -0.01373394
 12   5  -0.04301046
 12   8  -0.01878843
 13   2   0.36375567
 13   6   0.06320458
 15   3   0.04480822
 15  23  -0.00385597
 16   1  -0.07559666
 16   4   0.06977738
 16   7  -0.00766401
 16  22   0.00903495
 16  24  -0.00085965
 17   5   0.01341260
 17   8   0.03650494
 18   2   0.09136650
 18   6   0.05942460
 19   1  -0.03500974
 19   4   0.00329826
 19   7  -0.01102124
 19  22  -0.00459433
 19  24   0.00375642
 20   5  -0.00693740
 20   8   0.00423452
 25   3  -0.01921748
 25  23   0.00072943
 26   1   0.11796454
 26   4  -0.07319340
 26   7  -0.00436908
 26  22  -0.01455897
 26  24  -0.01392362
 27   5   0.02490957
 27   8  -0.00065511
 28   2  -0.00152775
 28   6  -0.03784085
 29   0   0.19499652
 29  21   0.06806784
 29  35   0.04747574
 30   3   0.00125056
 30  23  -0.00126255
 31   1  -0.02454234
 31   4   0.01740413
 31   7   0.00762241
 31  22   0.00883344
 31  24   0.00166808
 32   5   0.00486233
 32   8   0.00377025
 33   3  -0.00206380
 33  23  -0.00024806
 34   1   0.01844414
 34   4   0.00262531
 34   7   0.01058195
 34  22   0.00165875
 34  24  -0.00100442
 36   1  -0.02594985
 36   4  -0.00856031
 36   7   0.04892797
 36  22   0.01428199
 36  24   0.00838380
 37   5  -0.04192466
 37   8  -0.08578395
 38   3  -0.00107236
 38  23   0.00624378
 39   1   0.03793459
 39   4  -0.00975503
 39   7   0.00096776
 39  22  -0.00067980
 39  24  -0.01463636
 40   0   0.13417059
 40  21   0.04635500
 40  35   0.03552164
 41   3  -0.03224730
 41  23   0.00379476
 42   9  -0.18373055
 42  29  -0.06498964
 42  40  -0.07198077
 43  11   0.31119820
 43  16  -0.09296214
 43  19   0.04068747
 43  26   0.03853021
 43  31   0.01705832
 43  34  -0.06574422
 43  36   0.03320358
 43  39   0.00384577
 44  13   0.24080493
 44  18   0.00967987
 44  28  -0.09546408
 45  10   0.12346464
 45  15   0.00482178
 45  25   0.06767340
 45  30  -0.00099569
 45  33  -0.00590434
 45  38  -0.00645800
 45  41   0.03463339
 46  11  -0.09083928
 46  16   0.02793924
 46  19  -0.02590171
 46  26  -0.02002906
 46  31  -0.00592313
 46  34   0.01428518
 46  36  -0.01195202
 46  39  -0.00613407
 47  12   0.04419966
 47  17   0.03187534
 47  20   0.03081459
 47  27   0.01708759
 47  32  -0.00556237
 47  37   0.02126221
 48  13   0.07653830
 48  18   0.02922721
 48  28  -0.04744372
 49  11   0.05585872
 49  16  -0.01251642
 49  19   0.07788530
 49  26   0.02413269
 49  31   0.01725367
 49  34  -0.01561391
 49  36   0.01516928
 49  39   0.00336117
 50  12   0.01789106
 50  17  -0.01358807
 50  20   0.08697468
 50  27   0.02283559
 50  32  -0.00387212
 50  37  -0.00335307
 51   9  -0.06400152
 51  29  -0.01964576
 51  40  -0.02268500
 52  11   0.01939114
 52  16  -0.00092575
 52  19   0.02286658
 52  26   0.00707565
 52  31   0.00887297
 52  34  -0.00445042
 52  36   0.00256431
 52  39   0.00324881
 53  10  -0.02611079
 53  15  -0.00442999
 53  25  -0.00693962
 53  30   0.00135015
 53  33   0.00952289
 53  38   0.00170946
 53  41  -0.00338277
 54  11  -0.05059167
 54  16   0.01854714
 54  19  -0.00694680
 54  26  -0.00132775
 54  31  -0.00500866
 54  34   0.01957912
 54  36  -0.01251072
 54  39  -0.00234904
 55   9  -0.06811583
 55  29  -0.02195704
 55  40  -0.01998180

Jf nJf  Ji nJi  Lambda =   0 2      0 1      0
-------------- OBTD ---------------------
  3   0  -0.11009223
  4   1  -0.01911599
  5   2   0.18967801

-------------- TBTD ---------------------
  9   0   0.09101390
  9  21   0.02887223
  9  35   0.02323856
 10   3   0.03132608
 10  23  -0.01319271
 11   1  -0.04758977
 11   4   0.02652280
 11   7   0.02593589
 11  22   0.01321157
 11  24   0.01504431
 12   5   0.01170994
 12   8   0.07252819
 13   2  -0.11475529
 13   6  -0.08014630
 15   3   0.00895620
 15  23  -0.00278393
 16   1   0.02826455
 16   4  -0.03388699
 16   7   0.02720194
 16  22   0.00128398
 16  24  -0.00134341
 17   5  -0.00844415
 17   8  -0.02939277
 18   2  -0.06402088
 18   6  -0.01030431
 19   1   0.03290828
 19   4  -0.01353205
 19   7   0.12119043
 19  22   0.01829180
 19  24  -0.01238050
 20   5   0.02691965
 20   8   0.10392961
 25   3  -0.01952782
 25  23   0.00707684
 26   1  -0.06325034
 26   4   0.02910905
 26   7   0.02338720
 26  22   0.00971444
 26  24   0.00898479
 27   5   0.01689005
 27   8   0.02812913
 28   2   0.04630980
 28   6   0.01384881
 29   0   0.03924178
 29  21   0.01323872
 29  35   0.00854417
 30   3   0.00771800
 30  23  -0.00164482
 31   1   0.00421105
 31   4  -0.00101801
 31   7  -0.00402231
 31  22  -0.00029723
 31  24  -0.00031595
 32   5  -0.00494937
 32   8  -0.00111873
 33   3  -0.00408899
 33  23   0.01614001
 34   1  -0.02817706
 34   4  -0.00308309
 34   7  -0.00828555
 34  22  -0.00182643
 34  24   0.02186550
 36   1  -0.11028826
 36   4  -0.00131425
 36   7  -0.03307006
 36  22  -0.02044107
 36  24   0.02831081
 37   5   0.00923821
 37   8   0.04937934
 38   3   0.00365194
 38  23  -0.00672327
 39   1  -0.03108055
 39   4   0.00470753
 39   7   0.03576191
 39  22   0.00569831
 39  24   0.00327282
 40   0   0.42242283
 40  21   0.13036226
 40  35   0.12864085
 41   3   0.01391867
 41  23  -0.00253329
 42   9  -0.07930548
 42  29  -0.02949809
 42  40  -0.06528299
 43  11  -0.09461683
 43  16   0.04064434
 43  19  -0.08633299
 43  26  -0.03796943
 43  31  -0.01219344
 43  34   0.02481952
 43  36  -0.00282961
 43  39  -0.00457614
 44  13   0.04517006
 44  18   0.01898403
 44  28  -0.00303773
 45  10  -0.04683608
 45  15  -0.01094741
 45  25  -0.01127845
 45  30  -0.00092221
 45  33   0.00825731
 45  38   0.00036273
 45  41  -0.00394785
 46  11   0.09018713
 46  16  -0.01848831
 46  19  -0.02483916
 46  26   0.00033155
 46  31   0.00028484
 46  34  -0.01752975
 46  36   0.00700006
 46  39  -0.00019802
 47  12  -0.00410306
 47  17   0.02243299
 47  20  -0.01160277
 47  27  -0.00305299
 47  32   0.00272877
 47  37  -0.00365948
 48  13  -0.01634058
 48  18   0.00253663
 48  28   0.00115456
 49  11   0.05233683
 49  16  -0.02392158
 49  19  -0.03872443
 49  26  -0.03635831
 49  31  -0.00015135
 49  34  -0.02736226
 49  36   0.07437654
 49  39  -0.00199383
 50  12  -0.11928600
 50  17   0.03194273
 50  20  -0.09059405
 50  27  -0.04280082
 50  32   0.01044818
 50  37  -0.11073032
 51   9  -0.03259991
 51  29  -0.01197908
 51  40  -0.02593599
 52  11   0.01751105
 52  16  -0.00872523
 52  19  -0.02662963
 52  26  -0.00555452
 52  31  -0.00263741
 52  34  -0.00403241
 52  36   0.00213534
 52  39  -0.00376743
 53  10   0.02065691
 53  15   0.01036219
 53  25   0.00932989
 53  30   0.00013672
 53  33  -0.00001835
 53  38   0.00979540
 53  41   0.00364369
 54  11   0.02033088
 54  16  -0.01798721
 54  19   0.03122256
 54  26   0.01216021
 54  31   0.00312933
 54  34  -0.00864627
 54  36  -0.00085900
 54  39  -0.01648271
 55   9   0.04916124
 55  29   0.01538375
 55  40   0.01654061

Jf nJf  Ji nJi  Lambda =   0 1      0 2      0
-------------- OBTD ---------------------
  3   0  -0.09288971
  4   1  -0.01445351
  5   2   0.20930086

-------------- TBTD ---------------------
  9   0   0.09900346
  9  21   0.04328543
  9  35   0.47030296
 10   3   0.04275983
 10  23  -0.01854993
 11   1  -0.04369065
 11   4   0.06063893
 11   7  -0.05597913
 11  22   0.00310617
 11  24  -0.00060381
 12   5   0.00317237
 12   8   0.12326415
 13   2  -0.09986459
 13   6  -0.07303540
 15   3  -0.00420835
 15  23   0.00020357
 16   1   0.02036599
 16   4  -0.02210320
 16   7   0.02404212
 16  22   0.00632982
 16  24  -0.00417012
 17   5  -0.00736448
 17   8  -0.02741725
 18   2  -0.06308155
 18   6  -0.01123960
 19   1   0.05477360
 19   4   0.01627688
 19   7   0.10692534
 19  22   0.00990744
 19  24  -0.03916537
 20   5   0.00613927
 20   8   0.14033615
 25   3  -0.00479914
 25  23  -0.00025668
 26   1  -0.02008259
 26   4   0.03649405
 26   7   0.03711985
 26  22   0.00603627
 26  24   0.00631036
 27   5   0.01653734
 27   8   0.04628498
 28   2   0.04551353
 28   6   0.00811422
 29   0   0.03222888
 29  21   0.01538479
 29  35   0.15195699
 30   3   0.00067013
 30  23  -0.00018171
 31   1   0.01225517
 31   4  -0.00638970
 31   7  -0.00164246
 31  22  -0.00004663
 31  24  -0.00545030
 32   5  -0.00259901
 32   8  -0.01031389
 33   3  -0.00143494
 33  23   0.01015023
 34   1   0.00023401
 34   4   0.00281701
 34   7   0.02333747
 34  22   0.00297015
 34  24   0.02339569
 36   1  -0.02204670
 36   4  -0.01258478
 36   7  -0.00709304
 36  22  -0.01531388
 36  24  -0.00525276
 37   5   0.00656667
 37   8   0.06591422
 38   3   0.00562083
 38  23   0.00127118
 39   1  -0.01949622
 39   4   0.01304299
 39   7   0.00718350
 39  22   0.00371748
 39  24   0.00027548
 40   0   0.02527062
 40  21   0.01046391
 40  35   0.14687062
 41   3   0.00193498
 41  23  -0.00324792
 42   9  -0.07543796
 42  29  -0.03041515
 42  40   0.04416569
 43  11  -0.08367476
 43  16   0.08144184
 43  19  -0.02516499
 43  26  -0.04490501
 43  31   0.01812166
 43  34   0.04045932
 43  36   0.11235186
 43  39   0.01701138
 44  13   0.04463074
 44  18  -0.00605100
 44  28   0.01869982
 45  10  -0.02803255
 45  15  -0.02531929
 45  25   0.00622233
 45  30  -0.00818199
 45  33   0.01436938
 45  38   0.00373473
 45  41  -0.01088824
 46  11   0.05295070
 46  16  -0.00603550
 46  19   0.01165278
 46  26   0.00918966
 46  31  -0.00163870
 46  34  -0.01615779
 46  36   0.00133607
 46  39   0.01271696
 47  12  -0.01132932
 47  17   0.02252097
 47  20  -0.02344293
 47  27  -0.00246710
 47  32   0.00559487
 47  37  -0.00997983
 48  13   0.01360472
 48  18  -0.00273814
 48  28  -0.00347102
 49  11  -0.05763509
 49  16  -0.03152494
 49  19  -0.05197952
 49  26  -0.01837562
 49  31  -0.01482077
 49  34  -0.00053198
 49  36   0.10723843
 49  39  -0.02938842
 50  12  -0.06912549
 50  17   0.02393116
 50  20  -0.05704218
 50  27  -0.03145080
 50  32   0.00170771
 50  37  -0.09581211
 51   9  -0.02890531
 51  29  -0.01115834
 51  40   0.01366923
 52  11  -0.01124039
 52  16  -0.00482779
 52  19  -0.01887428
 52  26  -0.00651716
 52  31  -0.00187579
 52  34  -0.00001996
 52  36   0.02221912
 52  39  -0.00381889
 53  10   0.01228027
 53  15   0.00928446
 53  25  -0.00132826
 53  30   0.00141696
 53  33  -0.00690730
 53  38   0.01950190
 53  41   0.00202922
 54  11   0.01901223
 54  16  -0.01313708
 54  19   0.00721071
 54  26   0.00516128
 54  31  -0.00077028
 54  34  -0.00816280
 54  36  -0.03593436
 54  39  -0.01923076
 55   9  -0.06507685
 55  29  -0.02444076
 55  40   0.01550350

Jf nJf  Ji nJi  Lambda =   0 2      0 2      0
-------------- OBTD ---------------------
  3   0   0.30633736
  4   1   0.01533902
  5   2   0.44427576

-------------- TBTD ---------------------
  9   0   0.02038467
  9  21   0.00580290
  9  35   0.14167007
 10   3  -0.01621543
 10  23   0.00033304
 11   1   0.18539448
 11   4   0.03363141
 11   7   0.01921479
 11  22  -0.00311082
 11  24  -0.04100539
 12   5   0.01724349
 12   8   0.14069896
 13   2   0.24757997
 13   6   0.02237023
 15   3  -0.00227533
 15  23   0.00648350
 16   1  -0.01781043
 16   4   0.00370499
 16   7  -0.01647820
 16  22  -0.01295152
 16  24   0.01049330
 17   5   0.00512464
 17   8   0.00357699
 18   2   0.03490874
 18   6   0.01576118
 19   1   0.00457546
 19   4  -0.01109320
 19   7   0.23336297
 19  22  -0.00636693
 19  24   0.00430099
 20   5   0.01847743
 20   8   0.21648323
 25   3   0.01131810
 25  23  -0.00350644
 26   1  -0.05603461
 26   4  -0.06209117
 26   7   0.00554224
 26  22  -0.00904072
 26  24   0.03249775
 27   5   0.03009495
 27   8   0.03451901
 28   2   0.00048412
 28   6  -0.00677847
 29   0   0.00778407
 29  21   0.00313218
 29  35   0.04717329
 30   3  -0.00487846
 30  23   0.00062981
 31   1  -0.00062729
 31   4  -0.00117448
 31   7  -0.00063399
 31  22   0.00207179
 31  24   0.00032574
 32   5  -0.00062673
 32   8   0.00103059
 33   3   0.00920446
 33  23   0.04801263
 34   1  -0.05128724
 34   4  -0.03447444
 34   7  -0.02100499
 34  22  -0.00897115
 34  24   0.07152815
 36   1   0.00962323
 36   4  -0.01066547
 36   7   0.08933939
 36  22   0.00413573
 36  24  -0.01882414
 37   5  -0.01561103
 37   8  -0.04817120
 38   3  -0.00713323
 38  23   0.00564066
 39   1   0.00968252
 39   4  -0.01132594
 39   7  -0.00191631
 39  22  -0.01040085
 39  24  -0.00272682
 40   0   0.12641701
 40  21   0.04261266
 40  35   0.38694583
 41   3  -0.00037049
 41  23   0.00071403
 42   9   0.09152189
 42  29   0.03034172
 42  40   0.00752374
 43  11   0.12559940
 43  16   0.04271441
 43  19   0.04519896
 43  26   0.03275615
 43  31   0.01003533
 43  34  -0.01797139
 43  36   0.04006767
 43  39   0.06902997
 44  13   0.12013768
 44  18  -0.04178606
 44  28   0.00939498
 45  10   0.01762597
 45  15   0.01432464
 45  25   0.00180560
 45  30   0.00474278
 45  33  -0.00987852
 45  38   0.00880133
 45  41   0.00065278
 46  11   0.00865152
 46  16   0.06720238
 46  19   0.00892039
 46  26  -0.00516412
 46  31   0.01431426
 46  34   0.01567542
 46  36   0.00152915
 46  39   0.03551982
 47  12  -0.01694640
 47  17   0.03218945
 47  20   0.01336207
 47  27   0.00484615
 47  32   0.00057683
 47  37  -0.01940459
 48  13  -0.03575833
 48  18  -0.01767919
 48  28   0.00945660
 49  11   0.06315372
 49  16   0.01335598
 49  19   0.04038058
 49  26  -0.00026638
 49  31   0.01949485
 49  34   0.00837286
 49  36   0.17447544
 49  39   0.01711311
 50  12  -0.12912016
 50  17   0.03036030
 50  20   0.06309219
 50  27   0.00027944
 50  32   0.00061592
 50  37  -0.23203471
 51   9   0.03439408
 51  29   0.01179337
 51  40   0.00340610
 52  11   0.01094777
 52  16   0.02211802
 52  19   0.01951182
 52  26   0.00159982
 52  31   0.00955819
 52  34   0.00437845
 52  36   0.00643593
 52  39   0.01616828
 53  10  -0.00230685
 53  15  -0.00534416
 53  25   0.00287647
 53  30  -0.00189627
 53  33   0.00470799
 53  38   0.05146075
 53  41  -0.00078075
 54  11  -0.05874263
 54  16  -0.03077205
 54  19  -0.01284434
 54  26  -0.01354218
 54  31  -0.00824901
 54  34   0.00320696
 54  36   0.01293357
 54  39  -0.08042590
 55   9   0.02172989
 55  29   0.00845327
 55  40  -0.01160638

Jf nJf  Ji nJi  Lambda =   1 1      1 1      0
-------------- OBTD ---------------------
  3   0   0.00833397
  4   1  -0.01561658
  5   2   0.00692912

-------------- TBTD ---------------------
  9   0  -0.01326971
  9  21  -0.02077895
  9  35  -0.02780379
 10   3   0.00370094
 10  23  -0.00560670
 11   1   0.05527306
 11   4   0.00318790
 11   7   0.04591569
 11  22   0.00788613
 11  24  -0.01753635
 12   5   0.01570441
 12   8   0.03377445
 13   2  -0.03011106
 13   6  -0.00093866
 15   3  -0.00813962
 15  23   0.00183954
 16   1   0.01827324
 16   4  -0.00714602
 16   7  -0.02311368
 16  22  -0.00501463
 16  24   0.00839528
 17   5  -0.00685529
 17   8   0.00466323
 18   2  -0.03003821
 18   6  -0.01222252
 19   1   0.06215344
 19   4  -0.00481929
 19   7   0.00765566
 19  22   0.00107563
 19  24  -0.00462691
 20   5   0.00766518
 20   8   0.00640940
 25   3   0.01129684
 25  23  -0.00216560
 26   1   0.03231395
 26   4  -0.00728988
 26   7   0.00504646
 26  22  -0.00067309
 26  24  -0.00299664
 27   5   0.00209919
 27   8  -0.00683765
 28   2  -0.00147548
 28   6   0.00411412
 29   0  -0.00767658
 29  21  -0.00989415
 29  35  -0.01324329
 30   3  -0.00508890
 30  23   0.00078141
 31   1   0.00960777
 31   4   0.00094801
 31   7  -0.00401639
 31  22   0.00068742
 31  24  -0.00031604
 32   5  -0.00247135
 32   8  -0.00435384
 33   3   0.00153887
 33  23   0.00103570
 34   1  -0.00606987
 34   4  -0.00656987
 34   7  -0.00742680
 34  22  -0.00300642
 34  24   0.00432068
 36   1  -0.01530692
 36   4   0.00449252
 36   7   0.00509664
 36  22   0.00346863
 36  24  -0.00419790
 37   5   0.00544281
 37   8   0.00283685
 38   3  -0.00413180
 38  23  -0.00133767
 39   1   0.02214238
 39   4  -0.00825738
 39   7   0.01128563
 39  22  -0.00027903
 39  24  -0.00237838
 40   0  -0.00667790
 40  21  -0.00910864
 40  35  -0.01140827
 41   3   0.00922929
 41  23   0.00039093
 42   9  -0.01412914
 42  29  -0.02176051
 42  40  -0.02917693
 43  11   0.05497570
 43  16   0.00545901
 43  19   0.03407914
 43  26  -0.00023619
 43  31   0.00827161
 43  34  -0.00861526
 43  36   0.03114752
 43  39   0.01668187
 44  13  -0.02986601
 44  18   0.00298824
 44  28   0.00494749
 45  10   0.00809902
 45  15   0.01027902
 45  25  -0.00635831
 45  30  -0.00189006
 45  33  -0.00953900
 45  38   0.00911138
 45  41  -0.00056122
 46  11  -0.01031317
 46  16   0.01171096
 46  19  -0.00909139
 46  26   0.01098718
 46  31  -0.00305969
 46  34   0.01150146
 46  36  -0.01909303
 46  39  -0.00019037
 47  12  -0.00930533
 47  17  -0.00443471
 47  20  -0.00789812
 47  27  -0.00014531
 47  32  -0.00099423
 47  37  -0.00546056
 48  13  -0.01971784
 48  18  -0.00883343
 48  28   0.00774717
 49  11   0.03190786
 49  16   0.00807328
 49  19   0.00697344
 49  26   0.00650917
 49  31   0.00374743
 49  34   0.00034917
 49  36   0.00759904
 49  39   0.00908879
 50  12   0.00058901
 50  17  -0.00395680
 50  20  -0.00290201
 50  27   0.00580740
 50  32  -0.00055967
 50  37  -0.00536649
 51   9  -0.00831055
 51  29  -0.01072106
 51  40  -0.01438350
 52  11   0.00891797
 52  16   0.00891355
 52  19   0.00143436
 52  26   0.00680839
 52  31   0.00086784
 52  34   0.00471006
 52  36  -0.00645269
 52  39   0.00509478
 53  10  -0.00392941
 53  15  -0.00362859
 53  25   0.00111304
 53  30   0.00058468
 53  33   0.00268432
 53  38  -0.00292821
 53  41  -0.00052956
 54  11  -0.02029978
 54  16  -0.00104195
 54  19  -0.01050827
 54  26  -0.00197519
 54  31  -0.00216559
 54  34   0.00201638
 54  36  -0.00924670
 54  39  -0.00494388
 55   9  -0.00755803
 55  29  -0.00984189
 55  40  -0.01242732

Jf nJf  Ji nJi  Lambda =   1 2      1 1      0
-------------- OBTD ---------------------
  3   0   0.07060904
  4   1  -0.02257349
  5   2  -0.08882402

-------------- TBTD ---------------------
  9   0   0.00710305
  9  21   0.01314454
  9  35   0.02749687
 10   3  -0.00697967
 10  23  -0.02022348
 11   1   0.02935923
 11   4   0.00195279
 11   7  -0.00852491
 11  22   0.00307789
 11  24  -0.00524259
 12   5  -0.01482391
 12   8   0.00325749
 13   2   0.04741119
 13   6   0.00478417
 15   3  -0.01791120
 15  23   0.02231124
 16   1  -0.07674384
 16   4  -0.00011959
 16   7  -0.07410511
 16  22  -0.01046860
 16  24   0.01656200
 17   5  -0.01399278
 17   8   0.09280763
 18   2   0.06515731
 18   6  -0.02847856
 19   1   0.05451533
 19   4  -0.00245539
 19   7  -0.07038016
 19  22  -0.00594965
 19  24   0.01572781
 20   5   0.00322189
 20   8  -0.06090639
 25   3  -0.00509017
 25  23  -0.01850285
 26   1  -0.00031556
 26   4   0.00212583
 26   7   0.00411376
 26  22   0.00236115
 26  24  -0.00080317
 27   5   0.01662904
 27   8  -0.01634800
 28   2  -0.02598003
 28   6  -0.02073729
 29   0   0.00112312
 29  21  -0.00727392
 29  35  -0.01032609
 30   3  -0.01519767
 30  23   0.00169622
 31   1  -0.00333610
 31   4   0.00027399
 31   7   0.01024482
 31  22   0.00242157
 31  24   0.00762199
 32   5   0.02483679
 32   8   0.00173841
 33   3  -0.00634178
 33  23  -0.00996620
 34   1   0.01604209
 34   4   0.00526151
 34   7  -0.00441183
 34  22   0.00251088
 34  24  -0.01215510
 36   1  -0.07088528
 36   4  -0.01960439
 36   7   0.03115830
 36  22  -0.00056759
 36  24  -0.00513124
 37   5  -0.00283996
 37   8  -0.01985152
 38   3  -0.01428129
 38  23   0.01669071
 39   1   0.06692839
 39   4  -0.03698297
 39   7  -0.04485575
 39  22  -0.00698848
 39  24   0.00356578
 40   0   0.00205964
 40  21  -0.00618812
 40  35  -0.00982087
 41   3   0.00862640
 41  23  -0.01210578
 42   9   0.00813683
 42  29   0.01383856
 42  40   0.02812428
 43  11   0.02968885
 43  16  -0.00201721
 43  19  -0.01225185
 43  26  -0.00426869
 43  31   0.00307773
 43  34   0.00014519
 43  36  -0.00150634
 43  39   0.00807348
 44  13   0.04654868
 44  18  -0.00341966
 44  28  -0.01026006
 45  10   0.02856269
 45  15   0.00153407
 45  25  -0.02396260
 45  30   0.00306074
 45  33  -0.00445025
 45  38   0.00883783
 45  41  -0.03910835
 46  11  -0.05290082
 46  16   0.01409266
 46  19  -0.02707535
 46  26   0.01633588
 46  31  -0.00941290
 46  34   0.03057242
 46  36  -0.05087456
 46  39   0.01338748
 47  12   0.01431924
 47  17  -0.01043421
 47  20   0.05712352
 47  27   0.01232283
 47  32  -0.00055419
 47  37  -0.02037747
 48  13   0.06194520
 48  18  -0.00282474
 48  28   0.00461167
 49  11  -0.00642414
 49  16  -0.00226919
 49  19   0.01223306
 49  26   0.01967091
 49  31  -0.00474472
 49  34   0.02313455
 49  36  -0.05297033
 49  39   0.01285881
 50  12  -0.00814041
 50  17   0.00497800
 50  20   0.00664789
 50  27   0.00186918
 50  32  -0.00634966
 50  37   0.04693557
 51   9   0.00132183
 51  29  -0.00745496
 51  40  -0.01078841
 52  11  -0.00138484
 52  16   0.01628559
 52  19   0.03819382
 52  26   0.01504268
 52  31   0.00273320
 52  34   0.01372069
 52  36  -0.02301520
 52  39   0.00258526
 53  10  -0.04331138
 53  15  -0.00560671
 53  25  -0.01567089
 53  30  -0.00481024
 53  33   0.00011013
 53  38   0.00677424
 53  41  -0.00612958
 54  11  -0.03707003
 54  16   0.02163818
 54  19  -0.00261347
 54  26  -0.02131869
 54  31   0.00692012
 54  34  -0.01311252
 54  36   0.04383061
 54  39   0.00283889
 55   9   0.00230549
 55  29  -0.00613878
 55  40  -0.00989420

Jf nJf  Ji nJi  Lambda =   1 1      1 2      0
-------------- OBTD ---------------------
  3   0  -0.03920640
  4   1   0.01536589
  5   2   0.04881932

-------------- TBTD ---------------------
  9   0  -0.03421018
  9  21   0.00212317
  9  35   0.04723580
 10   3  -0.00121149
 10  23  -0.02258181
 11   1   0.00679135
 11   4  -0.00330224
 11   7  -0.01758263
 11  22  -0.00167209
 11  24  -0.00809327
 12   5   0.01352236
 12   8   0.01389014
 13   2  -0.02542514
 13   6  -0.01183800
 15   3   0.01191013
 15  23   0.00576525
 16   1   0.00144509
 16   4   0.01136344
 16   7   0.02820176
 16  22   0.00418366
 16  24  -0.00523810
 17   5   0.00145682
 17   8  -0.01306693
 18   2  -0.01015516
 18   6   0.00784099
 19   1   0.01552409
 19   4   0.01495975
 19   7   0.02806229
 19  22   0.00632672
 19  24  -0.01177470
 20   5   0.00429510
 20   8   0.03914685
 25   3  -0.01172102
 25  23  -0.01419205
 26   1   0.00025015
 26   4   0.00236595
 26   7   0.01272811
 26  22   0.00035007
 26  24  -0.00497751
 27   5  -0.00398920
 27   8   0.02392432
 28   2  -0.00187019
 28   6   0.00518143
 29   0  -0.01384239
 29  21   0.00105847
 29  35   0.02162072
 30   3   0.00421554
 30  23   0.00235444
 31   1   0.01246905
 31   4   0.00548000
 31   7   0.00747488
 31  22   0.00354881
 31  24  -0.00116520
 32   5  -0.00296464
 32   8   0.00147291
 33   3  -0.00390794
 33  23   0.00239624
 34   1  -0.00215701
 34   4   0.00255883
 34   7   0.00766049
 34  22   0.00212406
 34  24   0.00264622
 36   1   0.01338065
 36   4  -0.00040811
 36   7  -0.01989341
 36  22   0.00011353
 36  24   0.00676169
 37   5   0.00360985
 37   8   0.02160420
 38   3   0.00221292
 38  23   0.00053821
 39   1  -0.00144753
 39   4   0.00131521
 39   7   0.00364620
 39  22   0.00068136
 39  24  -0.00229339
 40   0  -0.01415801
 40  21   0.00085957
 40  35   0.02173171
 41   3  -0.00998023
 41  23  -0.00695947
 42   9  -0.03339115
 42  29   0.00191553
 42  40   0.04703778
 43  11   0.00681613
 43  16  -0.00927792
 43  19  -0.00997737
 43  26  -0.00518077
 43  31  -0.00146921
 43  34  -0.00862944
 43  36  -0.01321947
 43  39   0.00350049
 44  13  -0.02517996
 44  18  -0.01912709
 44  28  -0.00233203
 45  10   0.01068157
 45  15  -0.00702060
 45  25   0.00728004
 45  30  -0.00093955
 45  33   0.00234689
 45  38  -0.01086604
 45  41   0.00357293
 46  11   0.00127845
 46  16   0.00972426
 46  19  -0.00524964
 46  26   0.00135827
 46  31   0.00262941
 46  34   0.00182272
 46  36   0.01949627
 46  39   0.00206952
 47  12  -0.00266287
 47  17  -0.00596346
 47  20   0.00368116
 47  27   0.00339255
 47  32   0.00059564
 47  37  -0.00716375
 48  13  -0.00519195
 48  18  -0.00697482
 48  28  -0.00928426
 49  11   0.02073036
 49  16   0.01198420
 49  19  -0.01497260
 49  26  -0.00193151
 49  31   0.00470395
 49  34  -0.00713874
 49  36   0.02198722
 49  39  -0.00105792
 50  12   0.00843888
 50  17   0.00027616
 50  20   0.00038699
 50  27  -0.00007463
 50  32  -0.00505032
 50  37  -0.01592460
 51   9  -0.01403573
 51  29   0.00096284
 51  40   0.02234254
 52  11   0.01258895
 52  16   0.00987074
 52  19  -0.00106298
 52  26   0.00227984
 52  31   0.00370033
 52  34  -0.00089475
 52  36   0.01124584
 52  39   0.00110816
 53  10  -0.00926721
 53  15   0.00493053
 53  25  -0.00675357
 53  30  -0.00032103
 53  33  -0.00142810
 53  38   0.00429044
 53  41  -0.00118244
 54  11  -0.00045305
 54  16   0.00207209
 54  19   0.00763610
 54  26   0.00097606
 54  31   0.00099937
 54  34   0.00200044
 54  36  -0.00302782
 54  39  -0.00347622
 55   9  -0.01408120
 55  29   0.00095563
 55  40   0.02233050

Jf nJf  Ji nJi  Lambda =   1 2      1 2      0
-------------- OBTD ---------------------
  3   0  -0.04635940
  4   1   0.01176177
  5   2   0.05459474

-------------- TBTD ---------------------
  9   0   0.07508060
  9  21   0.01787809
  9  35  -0.04777606
 10   3  -0.01050901
 10  23   0.03453793
 11   1  -0.07615278
 11   4   0.04734091
 11   7  -0.02787660
 11  22  -0.00039332
 11  24   0.03502524
 12   5   0.00692923
 12   8  -0.06301511
 13   2  -0.02716086
 13   6  -0.01294813
 15   3   0.06147530
 15  23  -0.04902091
 16   1  -0.00610507
 16   4   0.00551106
 16   7   0.04973737
 16  22   0.00031288
 16  24   0.01564161
 17   5   0.00813960
 17   8  -0.05681240
 18   2  -0.04550856
 18   6  -0.00194592
 19   1  -0.01301319
 19   4   0.00646642
 19   7   0.06446858
 19  22  -0.00396707
 19  24   0.00888911
 20   5  -0.00113909
 20   8   0.01853734
 25   3  -0.04299194
 25  23   0.03910263
 26   1  -0.02381700
 26   4   0.00226264
 26   7  -0.00331237
 26  22   0.00345243
 26  24  -0.00162117
 27   5  -0.00320412
 27   8   0.00029149
 28   2  -0.05654424
 28   6  -0.00810814
 29   0  -0.01189275
 29  21   0.00143928
 29  35   0.01788486
 30   3   0.01304990
 30  23   0.00586865
 31   1  -0.01810867
 31   4   0.00143210
 31   7   0.01307393
 31  22   0.00068708
 31  24  -0.00294271
 32   5  -0.00004332
 32   8   0.00702710
 33   3  -0.00607682
 33  23   0.01917948
 34   1   0.02488211
 34   4   0.00188439
 34   7   0.02232966
 34  22   0.00375159
 34  24  -0.00063782
 36   1  -0.04727671
 36   4  -0.00099962
 36   7  -0.05988105
 36  22  -0.01645748
 36  24   0.03904603
 37   5   0.01366897
 37   8  -0.04035680
 38   3   0.01133988
 38  23  -0.03072580
 39   1  -0.00639301
 39   4   0.00753202
 39   7   0.07006954
 39  22   0.00128710
 39  24   0.00667154
 40   0  -0.01559258
 40  21  -0.00660153
 40  35   0.00468877
 41   3  -0.02616896
 41  23   0.02136380
 42   9   0.07466955
 42  29   0.01820480
 42  40  -0.04873852
 43  11  -0.07598803
 43  16   0.05613263
 43  19  -0.00101420
 43  26  -0.01088305
 43  31  -0.00061377
 43  34   0.04044750
 43  36  -0.03737134
 43  39  -0.01000427
 44  13  -0.02548172
 44  18  -0.00688105
 44  28   0.01085776
 45  10  -0.06201694
 45  15   0.03146712
 45  25  -0.01331082
 45  30  -0.00004138
 45  33   0.00432309
 45  38  -0.01428230
 45  41   0.07310316
 46  11   0.01284752
 46  16   0.00604554
 46  19  -0.00372737
 46  26   0.00285697
 46  31  -0.00218501
 46  34  -0.00630590
 46  36   0.05730537
 46  39  -0.02331915
 47  12  -0.03362135
 47  17   0.00216876
 47  20  -0.01410654
 47  27   0.00237586
 47  32   0.00182673
 47  37   0.04306427
 48  13   0.00661167
 48  18  -0.01846205
 48  28  -0.02492629
 49  11  -0.04235287
 49  16   0.02083036
 49  19  -0.01214732
 49  26   0.01322502
 49  31  -0.01452120
 49  34   0.03316147
 49  36   0.01995685
 49  39  -0.01366938
 50  12   0.01721791
 50  17  -0.00475979
 50  20   0.00925336
 50  27  -0.00993029
 50  32   0.00845069
 50  37  -0.04989694
 51   9  -0.01132879
 51  29   0.00127249
 51  40   0.01764329
 52  11  -0.01805300
 52  16   0.00331259
 52  19  -0.00259430
 52  26   0.00063690
 52  31   0.00079619
 52  34   0.00483913
 52  36   0.02199139
 52  39   0.00984738
 53  10   0.00080050
 53  15  -0.00071253
 53  25   0.00605218
 53  30   0.00282193
 53  33   0.00671586
 53  38  -0.01832835
 53  41  -0.00071836
 54  11   0.02241485
 54  16  -0.00997336
 54  19   0.00404365
 54  26  -0.00364960
 54  31   0.00188939
 54  34  -0.00917857
 54  36  -0.05306962
 54  39  -0.00178823
 55   9  -0.01560312
 55  29  -0.00723885
 55  40   0.00390643
