############################################################################################################
# initial vector basename: ne220
# final   vector basename: ne220
# Operator file: VCoul.int
# Zero body term: 14.3169
# Jf  nJf     Ji  nJi      Ei          Ef         <Op1b>          <Op2b>         <Op1b+2b>     <Op0b+1b+2b>
###########################################################################################################
 0.0   1     0.0   1    -53.323     -53.323    6.351307e+00    1.095776e+00    7.447082e+00    2.176398e+01
 0.0   1     0.0   2    -53.323     -46.535    7.366671e-02   -2.882267e-02    4.484404e-02    4.484404e-02
 0.0   2     0.0   1    -46.535     -53.323    0.000000e+00    0.000000e+00    0.000000e+00    0.000000e+00
 0.0   2     0.0   2    -46.535     -46.535    6.265264e+00    9.804208e-01    7.245685e+00    2.156259e+01
 1.0   1     1.0   1    -46.844     -46.844    6.287743e+00    1.031395e+00    7.319138e+00    2.163604e+01
 1.0   1     1.0   2    -46.844     -45.424   -1.004432e-02    5.908543e-03   -4.135778e-03   -4.135778e-03
 1.0   2     1.0   1    -45.424     -46.844    0.000000e+00    0.000000e+00    0.000000e+00    0.000000e+00
 1.0   2     1.0   2    -45.424     -45.424    6.073824e+00    9.154952e-01    6.989319e+00    2.130622e+01
