      1      2      1      2 -0.597639000000000     
      1      5      1      2   1.63168900000000     
      1      3      1      3 -0.597639000000000     
      2      5      1      3   1.41308412507563     
      1      6      1      3  0.815844500000000     
      2      3      2      3  -1.81963000000000     
      1      4      2      3   1.22199100000000     
      3      5      2      3  0.815844500000000     
      2      6      2      3  0.815844500000000     
      5      6      2      3   2.60056550004273     
      2      3      1      4   1.22199100000000     
      1      4      1      4  -1.81963000000000     
      3      5      1      4  0.815844500000000     
      2      6      1      4  0.815844500000000     
      5      6      1      4  -2.60056550004273     
      2      4      2      4 -0.597639000000000     
      4      5      2      4  0.815844500000000     
      3      6      2      4   1.41308412507563     
      3      4      3      4 -0.597639000000000     
      4      6      3      4   1.63168900000000     
      1      2      1      5   1.63168900000000     
      1      5      1      5 -0.518130000000000     
      1      3      2      5   1.41308412507563     
      2      5      2      5 -0.140382250000000     
      1      6      2      5 -0.654278295444827     
      2      3      3      5  0.815844500000000     
      1      4      3      5  0.815844500000000     
      3      5      3      5  0.237365500000000     
      2      6      3      5 -0.755495500000000     
      5      6      3      5  0.000000000000000E+000
      2      4      4      5  0.815844500000000     
      4      5      4      5  0.615113250000001     
      3      6      4      5 -0.654278295444827     
      1      3      1      6  0.815844500000000     
      2      5      1      6 -0.654278295444827     
      1      6      1      6  0.615113250000001     
      2      3      2      6  0.815844500000000     
      1      4      2      6  0.815844500000000     
      3      5      2      6 -0.755495500000000     
      2      6      2      6  0.237365500000000     
      5      6      2      6  0.000000000000000E+000
      2      4      3      6   1.41308412507563     
      4      5      3      6 -0.654278295444827     
      3      6      3      6 -0.140382250000000     
      3      4      4      6   1.63168900000000     
      4      6      4      6 -0.518130000000000     
      2      3      5      6   2.60056550004273     
      1      4      5      6  -2.60056550004273     
      3      5      5      6  0.000000000000000E+000
      2      6      5      6  0.000000000000000E+000
      5      6      5      6  0.110310000000000     
      1      7      1      7  -6.09205500000000     
      2      7      2      7  -3.66690650000000     
      5      7      2      7   1.01613050000000     
      1      8      2      7  -2.42514850000000     
      1     11      2      7 -0.963580500000000     
      3      7      3      7  -2.86689440000000     
      6      7      3      7  -1.41220977884823     
      2      8      3      7 -0.923774402579913     
      5      8      3      7   1.98866613138382     
      1      9      3      7  -1.62513640000000     
      2     11      3      7  0.326930530581821     
      5     11      3      7  0.949961240176040     
      1     12      3      7  -2.49342128951317     
      4      7      4      7  -3.18650810000000     
      3      8      4      7  0.319613700000001     
      6      8      4      7  -1.41220977884823     
      2      9      4      7  -1.11962580000000     
      5      9      4      7   2.42834027884823     
      1     10      4      7 -0.505510600000000     
      3     11      4      7   1.52984078951317     
      6     11      4      7 -0.808550330372192     
      2     12      4      7  -2.49342128951317     
      5     12      4      7   2.45393146357824     
      2      7      5      7   1.01613050000000     
      5      7      5      7  -3.42747900000000     
      1      8      5      7  -1.01613050000000     
      1     11      5      7  -2.52489500000000     
      3      7      6      7  -1.41220977884823     
      6      7      6      7  -3.26833612500000     
      2      8      6      7   2.21734260964728     
      5      8      6      7 -9.188118172086068E-002
      1      9      6      7  -2.42834027884823     
      2     11      6      7  0.777367568616464     
      5     11      6      7  -1.60044454627749     
      1     12      6      7  -3.87133512500000     
      2      7      1      8  -2.42514850000000     
      5      7      1      8  -1.01613050000000     
      1      8      1      8  -3.66690650000000     
      1     11      1      8  0.963580500000000     
      3      7      2      8 -0.923774402579913     
      6      7      2      8   2.21734260964728     
      2      8      2      8  -5.02537220000000     
      5      8      2      8  -1.28018335256548     
      1      9      2      8 -0.923774402579913     
      2     11      2      8  -1.34108735967544     
      5     11      2      8  -1.09692075547070     
      1     12      2      8   2.32283144434627     
      4      7      3      8  0.319613700000001     
      3      8      3      8  -4.25319090000000     
      6      8      3      8   1.14815692628274     
      2      9      3      8  -1.57219340000000     
      5      9      3      8 -0.132026426282742     
      1     10      3      8  -1.11962580000000     
      3     11      3      8  -1.15233392983772     
      6     11      3      8   1.35701070810754     
      2     12      3      8  0.188753429837722     
      5     12      3      8  -1.90547108584289     
      4      8      4      8  -2.86689440000000     
      3      9      4      8 -0.923774402579913     
      6      9      4      8 -0.228676478263455     
      2     10      4      8  -1.62513640000000     
      5     10      4      8   2.42834027884823     
      4     11      4      8   1.52984078951316     
      3     12      4      8  -1.99590091376444     
      6     12      4      8  0.949961240176040     
      3      7      5      8   1.98866613138382     
      6      7      5      8 -9.188118172086090E-002
      2      8      5      8  -1.28018335256548     
      5      8      5      8  -3.37443137500000     
      1      9      5      8  0.228676478263455     
      2     11      5      8  -2.97370837500000     
      5     11      5      8  0.924017089616380     
      1     12      5      8  0.777367568616464     
      4      7      6      8  -1.41220977884823     
      3      8      6      8   1.14815692628274     
      6      8      6      8  -3.32138375000000     
      2      9      6      8  0.132026426282742     
      5      9      6      8 -0.106095250000000     
      1     10      6      8  -2.42834027884823     
      3     11      6      8  0.897626750000000     
      6     11      6      8 -0.924017089616380     
      2     12      6      8  -3.42252175000000     
      5     12      6      8 -0.924017089616380     
      7      8      7      8  -1.43377600000000     
      7     11      7      8   2.22265200000000     
      3      7      1      9  -1.62513640000000     
      6      7      1      9  -2.42834027884823     
      2      8      1      9 -0.923774402579913     
      5      8      1      9  0.228676478263455     
      1      9      1      9  -2.86689440000000     
      2     11      1      9   1.99590091376444     
      5     11      1      9  0.949961240176040     
      1     12      1      9  -1.52984078951316     
      4      7      2      9  -1.11962580000000     
      3      8      2      9  -1.57219340000000     
      6      8      2      9  0.132026426282742     
      2      9      2      9  -4.25319090000000     
      5      9      2      9  -1.14815692628274     
      1     10      2      9  0.319613700000001     
      3     11      2      9 -0.188753429837722     
      6     11      2      9  -1.90547108584289     
      2     12      2      9   1.15233392983772     
      5     12      2      9   1.35701070810754     
      4      8      3      9 -0.923774402579913     
      3      9      3      9  -5.02537220000000     
      6      9      3      9   1.28018335256548     
      2     10      3      9 -0.923774402579913     
      5     10      3      9  -2.21734260964728     
      4     11      3      9  -2.32283144434627     
      3     12      3      9   1.34108735967544     
      6     12      3      9  -1.09692075547070     
      4      9      4      9  -3.66690650000000     
      3     10      4      9  -2.42514850000000     
      6     10      4      9   1.01613050000000     
      4     12      4      9 -0.963580500000000     
      4      7      5      9   2.42834027884823     
      3      8      5      9 -0.132026426282742     
      6      8      5      9 -0.106095250000000     
      2      9      5      9  -1.14815692628274     
      5      9      5      9  -3.32138375000000     
      1     10      5      9   1.41220977884823     
      3     11      5      9  -3.42252175000000     
      6     11      5      9  0.924017089616380     
      2     12      5      9  0.897626750000000     
      5     12      5      9  0.924017089616380     
      4      8      6      9 -0.228676478263455     
      3      9      6      9   1.28018335256548     
      6      9      6      9  -3.37443137500000     
      2     10      6      9  -1.98866613138382     
      5     10      6      9 -9.188118172086090E-002
      4     11      6      9  0.777367568616464     
      3     12      6      9  -2.97370837500000     
      6     12      6      9 -0.924017089616380     
      7      9      7      9  -1.43377600000000     
      8     11      7      9   1.92487309577229     
      7     12      7      9   1.11132600000000     
      8      9      8      9  -2.91545950000000     
      7     10      8      9   1.48168350000000     
      9     11      8      9   1.11132600000000     
      8     12      8      9   1.11132600000000     
     11     12      8      9   3.83639016365808     
      4      7      1     10 -0.505510600000000     
      3      8      1     10  -1.11962580000000     
      6      8      1     10  -2.42834027884823     
      2      9      1     10  0.319613700000001     
      5      9      1     10   1.41220977884823     
      1     10      1     10  -3.18650810000000     
      3     11      1     10   2.49342128951317     
      6     11      1     10   2.45393146357824     
      2     12      1     10  -1.52984078951317     
      5     12      1     10 -0.808550330372192     
      4      8      2     10  -1.62513640000000     
      3      9      2     10 -0.923774402579913     
      6      9      2     10  -1.98866613138382     
      2     10      2     10  -2.86689440000000     
      5     10      2     10   1.41220977884823     
      4     11      2     10   2.49342128951317     
      3     12      2     10 -0.326930530581821     
      6     12      2     10  0.949961240176040     
      4      9      3     10  -2.42514850000000     
      3     10      3     10  -3.66690650000000     
      6     10      3     10  -1.01613050000000     
      4     12      3     10  0.963580500000000     
      4     10      4     10  -6.09205500000000     
      4      8      5     10   2.42834027884823     
      3      9      5     10  -2.21734260964728     
      6      9      5     10 -9.188118172086068E-002
      2     10      5     10   1.41220977884823     
      5     10      5     10  -3.26833612500000     
      4     11      5     10  -3.87133512500000     
      3     12      5     10  0.777367568616464     
      6     12      5     10   1.60044454627749     
      4      9      6     10   1.01613050000000     
      3     10      6     10  -1.01613050000000     
      6     10      6     10  -3.42747900000000     
      4     12      6     10  -2.52489500000000     
      8      9      7     10   1.48168350000000     
      7     10      7     10  -2.91545950000000     
      9     11      7     10   1.11132600000000     
      8     12      7     10   1.11132600000000     
     11     12      7     10  -3.83639016365808     
      8     10      8     10  -1.43377600000000     
     10     11      8     10   1.11132600000000     
      9     12      8     10   1.92487309577229     
      9     10      9     10  -1.43377600000000     
     10     12      9     10   2.22265200000000     
      2      7      1     11 -0.963580500000000     
      5      7      1     11  -2.52489500000000     
      1      8      1     11  0.963580500000000     
      1     11      1     11  -3.98276200000000     
      3      7      2     11  0.326930530581821     
      6      7      2     11  0.777367568616464     
      2      8      2     11  -1.34108735967544     
      5      8      2     11  -2.97370837500000     
      1      9      2     11   1.99590091376444     
      2     11      2     11  -3.95738712500000     
      5     11      2     11  0.976036814187931     
      1     12      2     11 -4.395057273570924E-002
      4      7      3     11   1.52984078951317     
      3      8      3     11  -1.15233392983772     
      6      8      3     11  0.897626750000000     
      2      9      3     11 -0.188753429837722     
      5      9      3     11  -3.42252175000000     
      1     10      3     11   2.49342128951317     
      3     11      3     11  -3.93201225000000     
      6     11      3     11  0.976036814187931     
      2     12      3     11 -5.074974999999959E-002
      5     12      3     11  0.976036814187931     
      4      8      4     11   1.52984078951316     
      3      9      4     11  -2.32283144434627     
      6      9      4     11  0.777367568616464     
      2     10      4     11   2.49342128951317     
      5     10      4     11  -3.87133512500000     
      4     11      4     11  -3.90663737500000     
      3     12      4     11 -4.395057273570946E-002
      6     12      4     11   1.69054535223116     
      3      7      5     11  0.949961240176040     
      6      7      5     11  -1.60044454627749     
      2      8      5     11  -1.09692075547070     
      5      8      5     11  0.924017089616380     
      1      9      5     11  0.949961240176040     
      2     11      5     11  0.976036814187931     
      5     11      5     11  -2.53548500000000     
      1     12      5     11  -1.69054535223116     
      4      7      6     11 -0.808550330372192     
      3      8      6     11   1.35701070810754     
      6      8      6     11 -0.924017089616380     
      2      9      6     11  -1.90547108584289     
      5      9      6     11  0.924017089616380     
      1     10      6     11   2.45393146357824     
      3     11      6     11  0.976036814187931     
      6     11      6     11  -1.39855700000000     
      2     12      6     11 -0.976036814187931     
      5     12      6     11  -1.13692800000000     
      7      8      7     11   2.22265200000000     
      7     11      7     11  -1.38619900000000     
      7      9      8     11   1.92487309577229     
      8     11      8     11 -0.860795000000000     
      7     12      8     11 -0.910026422499919     
      8      9      9     11   1.11132600000000     
      7     10      9     11   1.11132600000000     
      9     11      9     11 -0.335391000000000     
      8     12      9     11  -1.05080800000000     
     11     12      9     11  0.000000000000000E+000
      8     10     10     11   1.11132600000000     
     10     11     10     11  0.190013000000000     
      9     12     10     11 -0.910026422499919     
      3      7      1     12  -2.49342128951317     
      6      7      1     12  -3.87133512500000     
      2      8      1     12   2.32283144434627     
      5      8      1     12  0.777367568616464     
      1      9      1     12  -1.52984078951316     
      2     11      1     12 -4.395057273570946E-002
      5     11      1     12  -1.69054535223116     
      1     12      1     12  -3.90663737500000     
      4      7      2     12  -2.49342128951317     
      3      8      2     12  0.188753429837722     
      6      8      2     12  -3.42252175000000     
      2      9      2     12   1.15233392983772     
      5      9      2     12  0.897626750000000     
      1     10      2     12  -1.52984078951317     
      3     11      2     12 -5.074974999999959E-002
      6     11      2     12 -0.976036814187931     
      2     12      2     12  -3.93201225000000     
      5     12      2     12 -0.976036814187931     
      4      8      3     12  -1.99590091376444     
      3      9      3     12   1.34108735967544     
      6      9      3     12  -2.97370837500000     
      2     10      3     12 -0.326930530581821     
      5     10      3     12  0.777367568616464     
      4     11      3     12 -4.395057273570924E-002
      3     12      3     12  -3.95738712500000     
      6     12      3     12 -0.976036814187931     
      4      9      4     12 -0.963580500000000     
      3     10      4     12  0.963580500000000     
      6     10      4     12  -2.52489500000000     
      4     12      4     12  -3.98276200000000     
      4      7      5     12   2.45393146357824     
      3      8      5     12  -1.90547108584289     
      6      8      5     12 -0.924017089616380     
      2      9      5     12   1.35701070810754     
      5      9      5     12  0.924017089616380     
      1     10      5     12 -0.808550330372192     
      3     11      5     12  0.976036814187931     
      6     11      5     12  -1.13692800000000     
      2     12      5     12 -0.976036814187931     
      5     12      5     12  -1.39855700000000     
      4      8      6     12  0.949961240176040     
      3      9      6     12  -1.09692075547070     
      6      9      6     12 -0.924017089616380     
      2     10      6     12  0.949961240176040     
      5     10      6     12   1.60044454627749     
      4     11      6     12   1.69054535223116     
      3     12      6     12 -0.976036814187931     
      6     12      6     12  -2.53548500000000     
      7      9      7     12   1.11132600000000     
      8     11      7     12 -0.910026422499919     
      7     12      7     12  0.190013000000000     
      8      9      8     12   1.11132600000000     
      7     10      8     12   1.11132600000000     
      9     11      8     12  -1.05080800000000     
      8     12      8     12 -0.335391000000000     
     11     12      8     12  0.000000000000000E+000
      8     10      9     12   1.92487309577229     
     10     11      9     12 -0.910026422499919     
      9     12      9     12 -0.860795000000000     
      9     10     10     12   2.22265200000000     
     10     12     10     12  -1.38619900000000     
      8      9     11     12   3.83639016365808     
      7     10     11     12  -3.83639016365808     
      9     11     11     12  0.000000000000000E+000
      8     12     11     12  0.000000000000000E+000
     11     12     11     12  1.589900000000000E-002
