      1      3      1      3           6           0   1.33745533270705     
      1      3      1      3           4           0  -6.13747486127188     
      1      3      1      3           2           0   5.49444205586421     
      1      3      1      3           0           0  -15.8123640000000     
      1      3      1      4           4           0  -7.88489044121571     
      1      3      1      4           2           0  -1.03384511328589     
      1      3      2      3           4           0  -7.67908621508880     
      1      3      2      3           2           0 -0.723138518618506     
      1      3      2      4           4           0  -5.48715756468648     
      1      3      2      4           2           0 -0.450489012505198     
      1      4      1      3           4           0   7.88489044121571     
      1      4      1      3           2           0   1.03384511328589     
      1      4      1      4           2           0  0.138983914313740     
      1      4      1      4           0           0  -11.1572955951028     
      1      4      2      3           4           0   8.65656850318264     
      1      4      2      3           2           0  -3.59587885516016     
      1      4      2      4           2           0   3.38109070446232     
      2      3      1      3           4           0   7.67908621508879     
      2      3      1      3           2           0  0.723138518618504     
      2      3      1      4           4           0   8.65656850318264     
      2      3      1      4           2           0  -3.59587885516016     
      2      3      2      3           2           0  0.290553808345751     
      2      3      2      3           0           0  -9.46931256091790     
      2      3      2      4           2           0   3.20088909255499     
      2      4      1      3           4           0  -5.48715756468648     
      2      4      1      3           2           0 -0.450489012505199     
      2      4      1      4           2           0  -3.38109070446232     
      2      4      2      3           2           0  -3.20088909255499     
      2      4      2      4           2           0   1.96921706054767     
      2      4      2      4           0           0  -3.93404200000000     
      3      1      3      1           6           0   1.33745533270705     
      3      1      3      1           4           0  -6.13747486127188     
      3      1      3      1           2           0   5.49444205586421     
      3      1      3      1           0           0  -15.8123640000000     
      3      1      3      2           4           0  -7.67908621508880     
      3      1      3      2           2           0 -0.723138518618506     
      3      1      4      1           4           0  -7.88489044121571     
      3      1      4      1           2           0  -1.03384511328589     
      3      1      4      2           4           0  -5.48715756468648     
      3      1      4      2           2           0 -0.450489012505198     
      3      2      3      1           4           0   7.67908621508879     
      3      2      3      1           2           0  0.723138518618504     
      3      2      3      2           2           0  0.290553808345751     
      3      2      3      2           0           0  -9.46931256091790     
      3      2      4      1           4           0   8.65656850318264     
      3      2      4      1           2           0  -3.59587885516016     
      3      2      4      2           2           0   3.20088909255499     
      4      1      3      1           4           0   7.88489044121571     
      4      1      3      1           2           0   1.03384511328589     
      4      1      3      2           4           0   8.65656850318264     
      4      1      3      2           2           0  -3.59587885516016     
      4      1      4      1           2           0  0.138983914313740     
      4      1      4      1           0           0  -11.1572955951028     
      4      1      4      2           2           0   3.38109070446232     
      4      2      3      1           4           0  -5.48715756468648     
      4      2      3      1           2           0 -0.450489012505199     
      4      2      3      2           2           0  -3.20088909255499     
      4      2      4      1           2           0  -3.38109070446232     
      4      2      4      2           2           0   1.96921706054767     
      4      2      4      2           0           0  -3.93404200000000     
          60           6
   1   1   3   3   0   0   0   0-15.8124   1   1
   1   1   3   3   2   0   0   0  5.4944   1   1
   1   1   3   3   4   0   0   0 -6.1375   1   1
   1   1   3   3   6   0   0   0  1.3375   1   1
   1   1   3   4   2   0   0   0 -1.0338   1   1
   1   1   3   4   4   0   0   0 -7.8849   1   1
   1   1   4   3   2   0   0   0  1.0338   1   1
   1   1   4   3   4   0   0   0  7.8849   1   1
   1   1   4   4   0   0   0   0-11.1573   1   1
   1   1   4   4   2   0   0   0  0.1390   1   1
   1   2   3   3   2   0   0   0 -0.7231   1   1
   1   2   3   3   4   0   0   0 -7.6791   1   1
   1   2   3   4   2   0   0   0 -0.4505   1   1
   1   2   3   4   4   0   0   0 -5.4872   1   1
   1   2   4   3   2   0   0   0 -3.5959   1   1
   1   2   4   3   4   0   0   0  8.6566   1   1
   1   2   4   4   2   0   0   0  3.3811   1   1
   2   1   3   3   2   0   0   0  0.7231   1   1
   2   1   3   3   4   0   0   0  7.6791   1   1
   2   1   3   4   2   0   0   0 -3.5959   1   1
   2   1   3   4   4   0   0   0  8.6566   1   1
   2   1   4   3   2   0   0   0 -0.4505   1   1
   2   1   4   3   4   0   0   0 -5.4872   1   1
   2   1   4   4   2   0   0   0 -3.3811   1   1
   2   2   3   3   0   0   0   0 -9.4693   1   1
   2   2   3   3   2   0   0   0  0.2906   1   1
   2   2   3   4   2   0   0   0  3.2009   1   1
   2   2   4   3   2   0   0   0 -3.2009   1   1
   2   2   4   4   0   0   0   0 -3.9340   1   1
   2   2   4   4   2   0   0   0  1.9692   1   1
   3   3   1   1   0   0   0   0-15.8124   1   1
   3   3   1   1   2   0   0   0  5.4944   1   1
   3   3   1   1   4   0   0   0 -6.1375   1   1
   3   3   1   1   6   0   0   0  1.3375   1   1
   3   3   1   2   2   0   0   0 -0.7231   1   1
   3   3   1   2   4   0   0   0 -7.6791   1   1
   3   3   2   1   2   0   0   0  0.7231   1   1
   3   3   2   1   4   0   0   0  7.6791   1   1
   3   3   2   2   0   0   0   0 -9.4693   1   1
   3   3   2   2   2   0   0   0  0.2906   1   1
   3   4   1   1   2   0   0   0 -1.0338   1   1
   3   4   1   1   4   0   0   0 -7.8849   1   1
   3   4   1   2   2   0   0   0 -0.4505   1   1
   3   4   1   2   4   0   0   0 -5.4872   1   1
   3   4   2   1   2   0   0   0 -3.5959   1   1
   3   4   2   1   4   0   0   0  8.6566   1   1
   3   4   2   2   2   0   0   0  3.2009   1   1
   4   3   1   1   2   0   0   0  1.0338   1   1
   4   3   1   1   4   0   0   0  7.8849   1   1
   4   3   1   2   2   0   0   0 -3.5959   1   1
   4   3   1   2   4   0   0   0  8.6566   1   1
   4   3   2   1   2   0   0   0 -0.4505   1   1
   4   3   2   1   4   0   0   0 -5.4872   1   1
   4   3   2   2   2   0   0   0 -3.2009   1   1
   4   4   1   1   0   0   0   0-11.1573   1   1
   4   4   1   1   2   0   0   0  0.1390   1   1
   4   4   1   2   2   0   0   0  3.3811   1   1
   4   4   2   1   2   0   0   0 -3.3811   1   1
   4   4   2   2   0   0   0   0 -3.9340   1   1
   4   4   2   2   2   0   0   0  1.9692   1   1
