 ! Total Interaction
  54
   1   3   1   3     0     0   0.0000
   1   3   2   4     0     0   0.0000
   2   4   2   4     0     0   0.0000
   1   3   1   3     1     0  -3.4253
   1   3   2   3     1     0  -5.7252
   2   3   2   3     1     0  -6.4306
   1   4   2   3     1     0   8.6403
   1   3   1   4     1     0   5.9975
   1   4   1   4     1     0  -7.7625
   1   3   2   4     1     0   1.7344
   2   3   2   4     1     0  -2.6135
   1   4   2   4     1     0   2.7606
   2   4   2   4     1     0  -2.5355
   1   3   1   3     2     0   0.0000
   1   3   2   3     2     0   0.0000
   2   3   2   3     2     0   0.0000
   1   4   2   3     2     0   0.0000
   1   3   1   4     2     0   0.0000
   1   4   1   4     2     0   0.0000
   1   3   1   3     3     0  -6.0921
   1   1   1   1     0     1  -3.0416
   1   1   2   2     0     1  -3.6778
   2   2   2   2     0     1   0.1103
   1   3   1   3     0     1  -4.1202
   3   3   3   3     0     1  -4.3971
   1   3   2   4     0     1  -4.6138
   2   4   2   4     0     1  -0.2616
   3   3   4   4     0     1  -5.4255
   4   4   4   4     0     1   0.0159
   1   2   1   2     1     1   0.9929
   1   3   1   3     1     1   0.0000
   1   3   2   3     1     1   0.0000
   2   3   2   3     1     1   0.0000
   1   4   2   3     1     1   0.0000
   1   3   1   4     1     1   0.0000
   1   4   1   4     1     1   0.0000
   1   3   2   4     1     1   0.0000
   2   3   2   4     1     1   0.0000
   1   4   2   4     1     1   0.0000
   2   4   2   4     1     1   0.0000
   3   4   3   4     1     1   0.7154
   1   1   1   1     2     1  -0.5976
   1   1   1   2     2     1  -1.6317
   1   2   1   2     2     1  -0.5181
   1   3   1   3     2     1  -1.2418
   1   3   2   3     2     1   2.0323
   2   3   2   3     2     1  -6.8550
   1   4   2   3     2     1  -5.0498
   3   3   3   3     2     1  -1.4338
   1   3   1   4     2     1  -1.9272
   1   4   1   4     2     1  -7.9655
   3   3   3   4     2     1  -2.2227
   3   4   3   4     2     1  -1.3862
   1   3   1   3     3     1   0.0000
