############################################################################################################
# initial vector basename: c_100
# final   vector basename: c_100
# Operator file: VCoul.int
# Zero body term: 1.14642
# Jf  nJf     Ji  nJi      Ei          Ef         <Op1b>          <Op2b>         <Op1b+2b>     <Op0b+1b+2b>
###########################################################################################################
 0.0   1     0.0   1    -35.731     -35.731    2.661682e+00    4.239976e+00    6.901657e+00    8.048077e+00
 0.0   1     0.0   2    -35.731     -26.052   -1.410161e-01   -7.181528e-02   -2.128314e-01   -2.128314e-01
 0.0   2     0.0   1    -26.052     -35.731    0.000000e+00    0.000000e+00    0.000000e+00    0.000000e+00
 0.0   2     0.0   2    -26.052     -26.052    2.521422e+00    3.766805e+00    6.288228e+00    7.434648e+00
 1.0   1     1.0   1    -28.058     -28.058    2.574661e+00    3.870058e+00    6.444719e+00    7.591139e+00
 1.0   1     1.0   2    -28.058     -25.414   -5.567790e-02   -2.270904e-01   -2.827683e-01   -2.827683e-01
 1.0   2     1.0   1    -25.414     -28.058    0.000000e+00    0.000000e+00    0.000000e+00    0.000000e+00
 1.0   2     1.0   2    -25.414     -25.414    2.617175e+00    3.963875e+00    6.581051e+00    7.727471e+00
