############################################################################################################
# initial vector basename: be100
# final   vector basename: be100
# Operator file: Rp2.int
# Zero body term: 1.28354
# Jf  nJf     Ji  nJi      Ei          Ef         <Op1b>          <Op2b>         <Op1b+2b>     <Op0b+1b+2b>
###########################################################################################################
 0.0   1     0.0   1    -39.972     -39.972    2.780547e+00   -1.097712e+00    1.682835e+00    2.966375e+00
 0.0   1     0.0   2    -39.972     -30.041    3.273566e-01   -2.207635e-01    1.065932e-01    1.065932e-01
 0.0   2     0.0   1    -30.041     -39.972    0.000000e+00    0.000000e+00    0.000000e+00    0.000000e+00
 0.0   2     0.0   2    -30.041     -30.041    3.472294e+00   -9.392903e-01    2.533004e+00    3.816544e+00
 1.0   1     1.0   1    -31.990     -31.990    3.206896e+00   -9.431596e-01    2.263736e+00    3.547276e+00
 1.0   1     1.0   2    -31.990     -28.473   -4.760849e-03   -1.735757e-01   -1.783366e-01   -1.783366e-01
 1.0   2     1.0   1    -28.473     -31.990    0.000000e+00    0.000000e+00    0.000000e+00    0.000000e+00
 1.0   2     1.0   2    -28.473     -28.473    2.919635e+00   -1.073526e+00    1.846109e+00    3.129649e+00
