############################################################################################################
# initial vector basename: b_100
# final   vector basename: b_100
# Operator file: Iso2.int
# Zero body term: -0.00485538
# Jf  nJf     Ji  nJi      Ei          Ef         <Op1b>          <Op2b>         <Op1b+2b>     <Op0b+1b+2b>
###########################################################################################################
 0.0   1     0.0   1    -38.242     -38.242    4.520186e+00   -2.517937e+00    2.002249e+00    1.997393e+00
 0.0   1     0.0   2    -38.242     -28.000   -1.013830e-04   -6.627243e-03   -6.728626e-03   -6.728626e-03
 0.0   2     0.0   1    -28.000     -38.242    0.000000e+00    0.000000e+00    0.000000e+00    0.000000e+00
 0.0   2     0.0   2    -28.000     -28.000    4.521301e+00   -2.515239e+00    2.006061e+00    2.001206e+00
 1.0   1     1.0   1    -40.242     -40.242    4.521058e+00   -4.512816e+00    8.241250e-03    3.385870e-03
 1.0   1     1.0   2    -40.242     -38.009   -1.391482e-04    2.084117e-04    6.926356e-05    6.926356e-05
 1.0   2     1.0   1    -38.009     -40.242    0.000000e+00    0.000000e+00    0.000000e+00    0.000000e+00
 1.0   2     1.0   2    -38.009     -38.009    4.520162e+00   -4.513712e+00    6.450266e-03    1.594886e-03
