# One and two body transition densities
#
# One-body basis:
# i   n   l   2j  2tz (proton=+1)
  0   0   1   3   1
  1   0   1   1   1
  2   0   1   3  -1
  3   0   1   1  -1
# Two-body basis: 
# i   a   b   J
  0   0   0   0
  1   0   0   2
  2   0   1   1
  3   0   1   2
  4   0   2   0
  5   0   2   1
  6   0   2   2
  7   0   2   3
  8   0   3   1
  9   0   3   2
 10   1   1   0
 11   1   2   1
 12   1   2   2
 13   1   3   0
 14   1   3   1
 15   2   2   0
 16   2   2   2
 17   2   3   1
 18   2   3   2
 19   3   3   0

Jf nJf  Ji nJi  Lambda =   0 1      0 1      0
-------------- OBTD ---------------------
  2   0   0.61148471
  3   1   0.13412600

-------------- TBTD ---------------------
  4   0   0.52758329
  4  10   0.20613972
  5   2  -0.21148908
  6   1   0.77264831
  6   3  -0.08052088
  8   2   0.06877090
  9   1   0.04420526
  9   3   0.12225355
 11   2   0.04831258
 12   1   0.15438550
 12   3  -0.17700021
 13   0   0.21628230
 13  10   0.12485136
 14   2   0.00605932
 15   4  -0.29511683
 15  13  -0.17355840
 16   6   0.72755067
 16   9  -0.07016939
 16  12  -0.14111393
 17   5   0.21495137
 17   8   0.11819368
 17  11   0.13555875
 17  14  -0.00837722
 18   6   0.05937401
 18   9   0.16004092
 18  12  -0.10016160
 19   4  -0.15713867
 19  13  -0.05614226

Jf nJf  Ji nJi  Lambda =   0 2      0 1      0
-------------- OBTD ---------------------
  2   0  -0.31594335
  3   1   0.40339781

-------------- TBTD ---------------------
  4   0  -0.20232996
  4  10  -0.03478532
  5   2  -0.07035761
  6   1  -0.34517462
  6   3  -0.01957683
  8   2   0.26201547
  9   1  -0.07332111
  9   3   0.41380535
 11   2  -0.20167778
 12   1   0.05568813
 12   3   0.07543071
 13   0   0.39505000
 13  10   0.23500762
 14   2  -0.05901297
 15   4   0.00571854
 15  13  -0.10095997
 16   6  -0.11879935
 16   9  -0.09179693
 16  12  -0.03737531
 17   5   0.19168914
 17   8  -0.16987630
 17  11   0.27512898
 17  14  -0.02010459
 18   6   0.23591197
 18   9  -0.26920010
 18  12  -0.23514710
 19   4   0.20774254
 19  13   0.09803261

Jf nJf  Ji nJi  Lambda =   0 1      0 2      0
-------------- OBTD ---------------------
  2   0  -0.28972730
  3   1   0.44558760

-------------- TBTD ---------------------
  4   0  -0.15141446
  4  10   0.55802390
  5   2  -0.14644934
  6   1  -0.38189598
  6   3  -0.04525583
  8   2   0.27373441
  9   1   0.01723380
  9   3   0.43450551
 11   2  -0.13017227
 12   1   0.03171937
 12   3   0.04074354
 13   0  -0.06293004
 13  10   0.31449446
 14   2   0.01472977
 15   4   0.02125124
 15  13   0.11420058
 16   6  -0.18133254
 16   9   0.18185487
 16  12  -0.10734683
 17   5  -0.00536776
 17   8  -0.11402623
 17  11   0.30095121
 17  14   0.06025754
 18   6  -0.03284991
 18   9  -0.18695314
 18  12  -0.27750636
 19   4  -0.09051856
 19  13   0.08381067

Jf nJf  Ji nJi  Lambda =   0 2      0 2      0
-------------- OBTD ---------------------
  2   0   0.56914803
  3   1   0.12179125

-------------- TBTD ---------------------
  4   0   0.04741212
  4  10   0.01902903
  5   2  -0.05659692
  6   1   0.74522292
  6   3  -0.09768683
  8   2   0.00657139
  9   1  -0.05686304
  9   3   0.10615600
 11   2   0.14357815
 12   1  -0.05609867
 12   3  -0.33207886
 13   0  -0.04095931
 13  10   0.18947812
 14   2  -0.03642445
 15   4   0.37525540
 15  13  -0.07245100
 16   6   0.17301282
 16   9   0.11707978
 16  12  -0.09709346
 17   5  -0.00971135
 17   8   0.28706925
 17  11   0.17335081
 17  14   0.01902734
 18   6   0.08810997
 18   9   0.31375064
 18  12  -0.09435482
 19   4   0.03853054
 19  13  -0.11791608

Jf nJf  Ji nJi  Lambda =   1 1      1 1      0
-------------- OBTD ---------------------
  2   0  -0.29827356
  3   1   0.40411368

-------------- TBTD ---------------------
  4   0  -0.04595044
  4  10  -0.01560115
  5   2  -0.11606936
  6   1  -0.29803417
  6   3  -0.03450221
  8   2   0.46759192
  9   1   0.00429707
  9   3   0.32373459
 11   2  -0.29824944
 12   1  -0.02982801
 12   3   0.11878335
 13   0  -0.01241706
 13  10   0.12779092
 14   2  -0.00672284
 15   4  -0.04013830
 15  13  -0.01746510
 16   6  -0.29885040
 16   9  -0.00494676
 16  12   0.04396678
 17   5  -0.11066312
 17   8   0.02121703
 17  11   0.15287652
 17  14  -0.02905350
 18   6   0.01453023
 18   9  -0.10197862
 18  12  -0.31437100
 19   4  -0.00999286
 19  13   0.12392844

Jf nJf  Ji nJi  Lambda =   1 2      1 1      0
-------------- OBTD ---------------------
  2   0  -0.03916936
  3   1   0.06780612

-------------- TBTD ---------------------
  4   0  -0.06868865
  4  10   0.14723827
  5   2   0.01294375
  6   1   0.00112432
  6   3  -0.15694791
  8   2  -0.02685787
  9   1   0.02537869
  9   3   0.11856382
 11   2  -0.03538861
 12   1  -0.05296033
 12   3   0.03583803
 13   0  -0.01141659
 13  10   0.04884654
 14   2   0.01801391
 15   4  -0.06956918
 15  13   0.14529558
 16   6   0.00209096
 16   9  -0.26526901
 16  12  -0.06052028
 17   5   0.05914754
 17   8  -0.11772000
 17  11   0.05803864
 17  14   0.09332921
 18   6   0.05674110
 18   9   0.06215959
 18  12  -0.00849793
 19   4  -0.01073986
 19  13   0.05109331

Jf nJf  Ji nJi  Lambda =   1 1      1 2      0
-------------- OBTD ---------------------
  2   0  -0.11489399
  3   1   0.14927933

-------------- TBTD ---------------------
  4   0   0.20409047
  4  10  -0.07426485
  5   2   0.11763476
  6   1  -0.25760210
  6   3   0.06026222
  8   2   0.25896169
  9   1  -0.15597109
  9   3   0.11266414
 11   2  -0.11098659
 12   1  -0.13970524
 12   3  -0.01290317
 13   0  -0.10834031
 13  10  -0.04746166
 14   2  -0.04297989
 15   4   0.19358823
 15  13  -0.07393117
 16   6  -0.24998020
 16   9   0.16807287
 16  12   0.08125569
 17   5  -0.19302486
 17   8   0.00904498
 17  11   0.14921791
 17  14   0.09796803
 18   6  -0.00725988
 18   9   0.01855462
 18  12  -0.10244679
 19   4  -0.10914250
 19  13  -0.04617781

Jf nJf  Ji nJi  Lambda =   1 2      1 2      0
-------------- OBTD ---------------------
  2   0   0.11119675
  3   1  -0.14941168

-------------- TBTD ---------------------
  4   0  -0.02743540
  4  10   0.02330884
  5   2   0.07774910
  6   1   0.15203296
  6   3   0.04738751
  8   2  -0.09683769
  9   1   0.01968135
  9   3  -0.20740993
 11   2   0.06597796
 12   1   0.00213065
 12   3  -0.04961049
 13   0  -0.00324897
 13  10  -0.00168966
 14   2   0.05246392
 15   4  -0.02350674
 15  13   0.02525137
 16   6   0.14900277
 16   9   0.26579967
 16  12   0.21294757
 17   5   0.06031296
 17   8   0.12160711
 17  11  -0.16356779
 17  14  -0.08804525
 18   6   0.01409522
 18   9  -0.09113643
 18  12   0.06171060
 19   4  -0.00288226
 19  13  -0.00092151
