      1      3      1      3           6           0   1.05510379540424     
      1      3      1      3           4           0  -5.93030327495992     
      1      3      1      3           2           0   5.86012847062304     
      1      3      1      3           0           0  -14.6566212500000     
      1      3      1      4           4           0  -8.49117114492936     
      1      3      1      4           2           0 -0.735861754285783     
      1      3      2      3           4           0  -8.69140382558647     
      1      3      2      3           2           0  -1.16201935924358     
      1      3      2      4           4           0  -6.21741039173218     
      1      3      2      4           2           0 -0.876924682152767     
      1      4      1      3           4           0   8.49117114492936     
      1      4      1      3           2           0  0.735861754285782     
      1      4      1      4           2           0 -5.160299610215091E-002
      1      4      1      4           0           0  -9.54927502416160     
      1      4      2      3           4           0   9.61338646289076     
      1      4      2      3           2           0  -3.96313251609221     
      1      4      2      4           2           0   4.01337504227720     
      2      3      1      3           4           0   8.69140382558647     
      2      3      1      3           2           0   1.16201935924358     
      2      3      1      4           4           0   9.61338646289076     
      2      3      1      4           2           0  -3.96313251609221     
      2      3      2      3           2           0  0.293827135280041     
      2      3      2      3           0           0  -9.27265785656524     
      2      3      2      4           2           0   4.33206835475175     
      2      4      1      3           4           0  -6.21741039173218     
      2      4      1      3           2           0 -0.876924682152768     
      2      4      1      4           2           0  -4.01337504227720     
      2      4      2      3           2           0  -4.33206835475175     
      2      4      2      4           2           0   2.06839602183987     
      2      4      2      4           0           0  -3.08099100000000     
      3      1      3      1           6           0   1.05510379540424     
      3      1      3      1           4           0  -5.93030327495992     
      3      1      3      1           2           0   5.86012847062304     
      3      1      3      1           0           0  -14.6566212500000     
      3      1      3      2           4           0  -8.69140382558647     
      3      1      3      2           2           0  -1.16201935924358     
      3      1      4      1           4           0  -8.49117114492936     
      3      1      4      1           2           0 -0.735861754285783     
      3      1      4      2           4           0  -6.21741039173218     
      3      1      4      2           2           0 -0.876924682152767     
      3      2      3      1           4           0   8.69140382558647     
      3      2      3      1           2           0   1.16201935924358     
      3      2      3      2           2           0  0.293827135280041     
      3      2      3      2           0           0  -9.27265785656524     
      3      2      4      1           4           0   9.61338646289076     
      3      2      4      1           2           0  -3.96313251609221     
      3      2      4      2           2           0   4.33206835475175     
      4      1      3      1           4           0   8.49117114492936     
      4      1      3      1           2           0  0.735861754285782     
      4      1      3      2           4           0   9.61338646289076     
      4      1      3      2           2           0  -3.96313251609221     
      4      1      4      1           2           0 -5.160299610215091E-002
      4      1      4      1           0           0  -9.54927502416160     
      4      1      4      2           2           0   4.01337504227720     
      4      2      3      1           4           0  -6.21741039173218     
      4      2      3      1           2           0 -0.876924682152768     
      4      2      3      2           2           0  -4.33206835475175     
      4      2      4      1           2           0  -4.01337504227720     
      4      2      4      2           2           0   2.06839602183987     
      4      2      4      2           0           0  -3.08099100000000     
          60           6
   1   1   3   3   0   0   0   0-14.6566   1   1
   1   1   3   3   2   0   0   0  5.8601   1   1
   1   1   3   3   4   0   0   0 -5.9303   1   1
   1   1   3   3   6   0   0   0  1.0551   1   1
   1   1   3   4   2   0   0   0 -0.7359   1   1
   1   1   3   4   4   0   0   0 -8.4912   1   1
   1   1   4   3   2   0   0   0  0.7359   1   1
   1   1   4   3   4   0   0   0  8.4912   1   1
   1   1   4   4   0   0   0   0 -9.5493   1   1
   1   1   4   4   2   0   0   0 -0.0516   1   1
   1   2   3   3   2   0   0   0 -1.1620   1   1
   1   2   3   3   4   0   0   0 -8.6914   1   1
   1   2   3   4   2   0   0   0 -0.8769   1   1
   1   2   3   4   4   0   0   0 -6.2174   1   1
   1   2   4   3   2   0   0   0 -3.9631   1   1
   1   2   4   3   4   0   0   0  9.6134   1   1
   1   2   4   4   2   0   0   0  4.0134   1   1
   2   1   3   3   2   0   0   0  1.1620   1   1
   2   1   3   3   4   0   0   0  8.6914   1   1
   2   1   3   4   2   0   0   0 -3.9631   1   1
   2   1   3   4   4   0   0   0  9.6134   1   1
   2   1   4   3   2   0   0   0 -0.8769   1   1
   2   1   4   3   4   0   0   0 -6.2174   1   1
   2   1   4   4   2   0   0   0 -4.0134   1   1
   2   2   3   3   0   0   0   0 -9.2727   1   1
   2   2   3   3   2   0   0   0  0.2938   1   1
   2   2   3   4   2   0   0   0  4.3321   1   1
   2   2   4   3   2   0   0   0 -4.3321   1   1
   2   2   4   4   0   0   0   0 -3.0810   1   1
   2   2   4   4   2   0   0   0  2.0684   1   1
   3   3   1   1   0   0   0   0-14.6566   1   1
   3   3   1   1   2   0   0   0  5.8601   1   1
   3   3   1   1   4   0   0   0 -5.9303   1   1
   3   3   1   1   6   0   0   0  1.0551   1   1
   3   3   1   2   2   0   0   0 -1.1620   1   1
   3   3   1   2   4   0   0   0 -8.6914   1   1
   3   3   2   1   2   0   0   0  1.1620   1   1
   3   3   2   1   4   0   0   0  8.6914   1   1
   3   3   2   2   0   0   0   0 -9.2727   1   1
   3   3   2   2   2   0   0   0  0.2938   1   1
   3   4   1   1   2   0   0   0 -0.7359   1   1
   3   4   1   1   4   0   0   0 -8.4912   1   1
   3   4   1   2   2   0   0   0 -0.8769   1   1
   3   4   1   2   4   0   0   0 -6.2174   1   1
   3   4   2   1   2   0   0   0 -3.9631   1   1
   3   4   2   1   4   0   0   0  9.6134   1   1
   3   4   2   2   2   0   0   0  4.3321   1   1
   4   3   1   1   2   0   0   0  0.7359   1   1
   4   3   1   1   4   0   0   0  8.4912   1   1
   4   3   1   2   2   0   0   0 -3.9631   1   1
   4   3   1   2   4   0   0   0  9.6134   1   1
   4   3   2   1   2   0   0   0 -0.8769   1   1
   4   3   2   1   4   0   0   0 -6.2174   1   1
   4   3   2   2   2   0   0   0 -4.3321   1   1
   4   4   1   1   0   0   0   0 -9.5493   1   1
   4   4   1   1   2   0   0   0 -0.0516   1   1
   4   4   1   2   2   0   0   0  4.0134   1   1
   4   4   2   1   2   0   0   0 -4.0134   1   1
   4   4   2   2   0   0   0   0 -3.0810   1   1
   4   4   2   2   2   0   0   0  2.0684   1   1
