      1      2      1      2 -0.351190000000000     
      1      5      1      2   1.99492100000000     
      1      3      1      3 -0.351190000000000     
      2      5      1      3   1.72765226454306     
      1      6      1      3  0.997460500000000     
      2      3      2      3  -1.40199150000000     
      1      4      2      3   1.05080150000000     
      3      5      2      3  0.997460500000000     
      2      6      2      3  0.997460500000000     
      5      6      2      3   3.69497446427502     
      2      3      1      4   1.05080150000000     
      1      4      1      4  -1.40199150000000     
      3      5      1      4  0.997460500000000     
      2      6      1      4  0.997460500000000     
      5      6      1      4  -3.69497446427502     
      2      4      2      4 -0.351190000000000     
      4      5      2      4  0.997460500000000     
      3      6      2      4   1.72765226454306     
      3      4      3      4 -0.351190000000000     
      4      6      3      4   1.99492100000000     
      1      2      1      5   1.99492100000000     
      1      5      1      5 -0.251916000000000     
      1      3      2      5   1.72765226454306     
      2      5      2      5  0.218103250000000     
      1      6      2      5 -0.814097221535419     
      2      3      3      5  0.997460500000000     
      1      4      3      5  0.997460500000000     
      3      5      3      5  0.688122500000001     
      2      6      3      5 -0.940038500000001     
      5      6      3      5  0.000000000000000E+000
      2      4      4      5  0.997460500000000     
      4      5      4      5   1.15814175000000     
      3      6      4      5 -0.814097221535419     
      1      3      1      6  0.997460500000000     
      2      5      1      6 -0.814097221535419     
      1      6      1      6   1.15814175000000     
      2      3      2      6  0.997460500000000     
      1      4      2      6  0.997460500000000     
      3      5      2      6 -0.940038500000001     
      2      6      2      6  0.688122500000001     
      5      6      2      6  0.000000000000000E+000
      2      4      3      6   1.72765226454306     
      4      5      3      6 -0.814097221535419     
      3      6      3      6  0.218103250000000     
      3      4      4      6   1.99492100000000     
      4      6      4      6 -0.251916000000000     
      2      3      5      6   3.69497446427502     
      1      4      5      6  -3.69497446427502     
      3      5      5      6  0.000000000000000E+000
      2      6      5      6  0.000000000000000E+000
      5      6      5      6   1.15481200000000     
      1      7      1      7  -5.86962900000000     
      2      7      2      7  -3.44881050000000     
      5      7      2      7   1.05599950000000     
      1      8      2      7  -2.42081850000000     
      1     11      2      7  -1.14104800000000     
      3      7      3      7  -2.55344400000000     
      6      7      3      7  -1.69246371531541     
      2      8      3      7  -1.03388017959674     
      5      8      3      7   2.19650757280925     
      1      9      3      7  -1.52545200000000     
      2     11      3      7  0.232699918655024     
      5     11      3      7  0.984765174647591     
      1     12      3      7  -2.68514408202765     
      4      7      4      7  -2.78473775000000     
      3      8      4      7  0.231293750000002     
      6      8      4      7  -1.69246371531541     
      2      9      4      7  -1.12666025000000     
      5      9      4      7   2.74846321531541     
      1     10      4      7 -0.398791750000000     
      3     11      4      7   1.54409608202765     
      6     11      4      7  -1.07484713997128     
      2     12      4      7  -2.68514408202765     
      5     12      4      7   2.78051045598535     
      2      7      5      7   1.05599950000000     
      5      7      5      7  -3.35884750000000     
      1      8      5      7  -1.05599950000000     
      1     11      5      7  -2.79089600000000     
      3      7      6      7  -1.69246371531541     
      6      7      6      7  -3.19791175000000     
      2      8      6      7   2.56397035885116     
      5      8      6      7 -9.291629858473383E-002
      1      9      6      7  -2.74846321531541     
      2     11      6      7  0.870841154548534     
      5     11      6      7  -2.16603417737587     
      1     12      6      7  -4.29923712500000     
      2      7      1      8  -2.42081850000000     
      5      7      1      8  -1.05599950000000     
      1      8      1      8  -3.44881050000000     
      1     11      1      8   1.14104800000000     
      3      7      2      8  -1.03388017959674     
      6      7      2      8   2.56397035885116     
      2      8      2      8  -4.67580700000000     
      5      8      2      8  -1.48030897687694     
      1      9      2      8  -1.03388017959674     
      2     11      2      8  -1.40974672135177     
      5     11      2      8  -1.13710887734271     
      1     12      2      8   2.44175294718490     
      4      7      3      8  0.231293750000002     
      3      8      3      8  -3.97855975000000     
      6      8      3      8   1.26815423843847     
      2      9      3      8  -1.59261375000000     
      5      9      3      8 -0.212154738438470     
      1     10      3      8  -1.12666025000000     
      3     11      3      8  -1.27539736067588     
      6     11      3      8   1.64340157864264     
      2     12      3      8  0.134349360675882     
      5     12      3      8  -2.21195601731399     
      4      8      4      8  -2.55344400000000     
      3      9      4      8  -1.03388017959674     
      6      9      4      8 -0.367462786041915     
      2     10      4      8  -1.52545200000000     
      5     10      4      8   2.74846321531541     
      4     11      4      8   1.54409608202765     
      3     12      4      8  -2.20905302852988     
      6     12      4      8  0.984765174647591     
      3      7      5      8   2.19650757280925     
      6      7      5      8 -9.291629858473405E-002
      2      8      5      8  -1.48030897687694     
      5      8      5      8  -3.30520225000000     
      1      9      5      8  0.367462786041915     
      2     11      5      8  -3.29367637500000     
      5     11      5      8   1.25056041538189     
      1     12      5      8  0.870841154548534     
      4      7      6      8  -1.69246371531541     
      3      8      6      8   1.26815423843847     
      6      8      6      8  -3.25155700000000     
      2      9      6      8  0.212154738438470     
      5      9      6      8 -0.107290500000000     
      1     10      6      8  -2.74846321531541     
      3     11      6      8   1.00556075000000     
      6     11      6      8  -1.25056041538189     
      2     12      6      8  -3.79645675000000     
      5     12      6      8  -1.25056041538189     
      7      8      7      8  -1.23635800000000     
      7     11      7      8   2.31095900000000     
      3      7      1      9  -1.52545200000000     
      6      7      1      9  -2.74846321531541     
      2      8      1      9  -1.03388017959674     
      5      8      1      9  0.367462786041915     
      1      9      1      9  -2.55344400000000     
      2     11      1      9   2.20905302852988     
      5     11      1      9  0.984765174647591     
      1     12      1      9  -1.54409608202765     
      4      7      2      9  -1.12666025000000     
      3      8      2      9  -1.59261375000000     
      6      8      2      9  0.212154738438470     
      2      9      2      9  -3.97855975000000     
      5      9      2      9  -1.26815423843847     
      1     10      2      9  0.231293750000002     
      3     11      2      9 -0.134349360675882     
      6     11      2      9  -2.21195601731399     
      2     12      2      9   1.27539736067588     
      5     12      2      9   1.64340157864264     
      4      8      3      9  -1.03388017959674     
      3      9      3      9  -4.67580700000000     
      6      9      3      9   1.48030897687694     
      2     10      3      9  -1.03388017959674     
      5     10      3      9  -2.56397035885116     
      4     11      3      9  -2.44175294718490     
      3     12      3      9   1.40974672135177     
      6     12      3      9  -1.13710887734271     
      4      9      4      9  -3.44881050000000     
      3     10      4      9  -2.42081850000000     
      6     10      4      9   1.05599950000000     
      4     12      4      9  -1.14104800000000     
      4      7      5      9   2.74846321531541     
      3      8      5      9 -0.212154738438470     
      6      8      5      9 -0.107290500000000     
      2      9      5      9  -1.26815423843847     
      5      9      5      9  -3.25155700000000     
      1     10      5      9   1.69246371531541     
      3     11      5      9  -3.79645675000000     
      6     11      5      9   1.25056041538189     
      2     12      5      9   1.00556075000000     
      5     12      5      9   1.25056041538189     
      4      8      6      9 -0.367462786041915     
      3      9      6      9   1.48030897687694     
      6      9      6      9  -3.30520225000000     
      2     10      6      9  -2.19650757280925     
      5     10      6      9 -9.291629858473405E-002
      4     11      6      9  0.870841154548534     
      3     12      6      9  -3.29367637500000     
      6     12      6      9  -1.25056041538189     
      7      9      7      9  -1.23635800000000     
      8     11      7      9   2.00134920110428     
      7     12      7      9   1.15547950000000     
      8      9      8      9  -2.79340100000000     
      7     10      8      9   1.55704300000000     
      9     11      8      9   1.15547950000000     
      8     12      8      9   1.15547950000000     
     11     12      8      9   3.81023994067624     
      4      7      1     10 -0.398791750000000     
      3      8      1     10  -1.12666025000000     
      6      8      1     10  -2.74846321531541     
      2      9      1     10  0.231293750000002     
      5      9      1     10   1.69246371531541     
      1     10      1     10  -2.78473775000000     
      3     11      1     10   2.68514408202765     
      6     11      1     10   2.78051045598535     
      2     12      1     10  -1.54409608202765     
      5     12      1     10  -1.07484713997128     
      4      8      2     10  -1.52545200000000     
      3      9      2     10  -1.03388017959674     
      6      9      2     10  -2.19650757280925     
      2     10      2     10  -2.55344400000000     
      5     10      2     10   1.69246371531541     
      4     11      2     10   2.68514408202765     
      3     12      2     10 -0.232699918655024     
      6     12      2     10  0.984765174647591     
      4      9      3     10  -2.42081850000000     
      3     10      3     10  -3.44881050000000     
      6     10      3     10  -1.05599950000000     
      4     12      3     10   1.14104800000000     
      4     10      4     10  -5.86962900000000     
      4      8      5     10   2.74846321531541     
      3      9      5     10  -2.56397035885116     
      6      9      5     10 -9.291629858473383E-002
      2     10      5     10   1.69246371531541     
      5     10      5     10  -3.19791175000000     
      4     11      5     10  -4.29923712500000     
      3     12      5     10  0.870841154548534     
      6     12      5     10   2.16603417737587     
      4      9      6     10   1.05599950000000     
      3     10      6     10  -1.05599950000000     
      6     10      6     10  -3.35884750000000     
      4     12      6     10  -2.79089600000000     
      8      9      7     10   1.55704300000000     
      7     10      7     10  -2.79340100000000     
      9     11      7     10   1.15547950000000     
      8     12      7     10   1.15547950000000     
     11     12      7     10  -3.81023994067624     
      8     10      8     10  -1.23635800000000     
     10     11      8     10   1.15547950000000     
      9     12      8     10   2.00134920110428     
      9     10      9     10  -1.23635800000000     
     10     12      9     10   2.31095900000000     
      2      7      1     11  -1.14104800000000     
      5      7      1     11  -2.79089600000000     
      1      8      1     11   1.14104800000000     
      1     11      1     11  -3.36204650000000     
      3      7      2     11  0.232699918655025     
      6      7      2     11  0.870841154548534     
      2      8      2     11  -1.40974672135177     
      5      8      2     11  -3.29367637500000     
      1      9      2     11   2.20905302852988     
      2     11      2     11  -3.37146787500000     
      5     11      2     11   1.15856158050883     
      1     12      2     11  1.631830017715941E-002
      4      7      3     11   1.54409608202765     
      3      8      3     11  -1.27539736067588     
      6      8      3     11   1.00556075000000     
      2      9      3     11 -0.134349360675883     
      5      9      3     11  -3.79645675000000     
      1     10      3     11   2.68514408202765     
      3     11      3     11  -3.38088925000000     
      6     11      3     11   1.15856158050883     
      2     12      3     11  1.884275000000057E-002
      5     12      3     11   1.15856158050883     
      4      8      4     11   1.54409608202765     
      3      9      4     11  -2.44175294718490     
      6      9      4     11  0.870841154548534     
      2     10      4     11   2.68514408202765     
      5     10      4     11  -4.29923712500000     
      4     11      4     11  -3.39031062500000     
      3     12      4     11  1.631830017715941E-002
      6     12      4     11   2.00668752113860     
      3      7      5     11  0.984765174647591     
      6      7      5     11  -2.16603417737587     
      2      8      5     11  -1.13710887734271     
      5      8      5     11   1.25056041538189     
      1      9      5     11  0.984765174647591     
      2     11      5     11   1.15856158050883     
      5     11      5     11  -2.13759000000000     
      1     12      5     11  -2.00668752113860     
      4      7      6     11  -1.07484713997128     
      3      8      6     11   1.64340157864264     
      6      8      6     11  -1.25056041538189     
      2      9      6     11  -2.21195601731399     
      5      9      6     11   1.25056041538189     
      1     10      6     11   2.78051045598535     
      3     11      6     11   1.15856158050883     
      6     11      6     11 -0.943401000000000     
      2     12      6     11  -1.15856158050883     
      5     12      6     11  -1.19418900000000     
      7      8      7     11   2.31095900000000     
      7     11      7     11 -0.229871000000000     
      7      9      8     11   2.00134920110428     
      8     11      8     11  0.263110750000000     
      7     12      8     11 -0.853869438204219     
      8      9      9     11   1.15547950000000     
      7     10      9     11   1.15547950000000     
      9     11      9     11  0.756092500000001     
      8     12      9     11 -0.985963500000001     
     11     12      9     11  0.000000000000000E+000
      8     10     10     11   1.15547950000000     
     10     11     10     11   1.24907425000000     
      9     12     10     11 -0.853869438204219     
      3      7      1     12  -2.68514408202765     
      6      7      1     12  -4.29923712500000     
      2      8      1     12   2.44175294718490     
      5      8      1     12  0.870841154548534     
      1      9      1     12  -1.54409608202765     
      2     11      1     12  1.631830017715941E-002
      5     11      1     12  -2.00668752113860     
      1     12      1     12  -3.39031062500000     
      4      7      2     12  -2.68514408202765     
      3      8      2     12  0.134349360675883     
      6      8      2     12  -3.79645675000000     
      2      9      2     12   1.27539736067588     
      5      9      2     12   1.00556075000000     
      1     10      2     12  -1.54409608202765     
      3     11      2     12  1.884275000000057E-002
      6     11      2     12  -1.15856158050883     
      2     12      2     12  -3.38088925000000     
      5     12      2     12  -1.15856158050883     
      4      8      3     12  -2.20905302852988     
      3      9      3     12   1.40974672135177     
      6      9      3     12  -3.29367637500000     
      2     10      3     12 -0.232699918655025     
      5     10      3     12  0.870841154548534     
      4     11      3     12  1.631830017715941E-002
      3     12      3     12  -3.37146787500000     
      6     12      3     12  -1.15856158050883     
      4      9      4     12  -1.14104800000000     
      3     10      4     12   1.14104800000000     
      6     10      4     12  -2.79089600000000     
      4     12      4     12  -3.36204650000000     
      4      7      5     12   2.78051045598535     
      3      8      5     12  -2.21195601731399     
      6      8      5     12  -1.25056041538189     
      2      9      5     12   1.64340157864264     
      5      9      5     12   1.25056041538189     
      1     10      5     12  -1.07484713997128     
      3     11      5     12   1.15856158050883     
      6     11      5     12  -1.19418900000000     
      2     12      5     12  -1.15856158050883     
      5     12      5     12 -0.943401000000000     
      4      8      6     12  0.984765174647591     
      3      9      6     12  -1.13710887734271     
      6      9      6     12  -1.25056041538189     
      2     10      6     12  0.984765174647591     
      5     10      6     12   2.16603417737587     
      4     11      6     12   2.00668752113860     
      3     12      6     12  -1.15856158050883     
      6     12      6     12  -2.13759000000000     
      7      9      7     12   1.15547950000000     
      8     11      7     12 -0.853869438204219     
      7     12      7     12   1.24907425000000     
      8      9      8     12   1.15547950000000     
      7     10      8     12   1.15547950000000     
      9     11      8     12 -0.985963500000001     
      8     12      8     12  0.756092500000001     
     11     12      8     12  0.000000000000000E+000
      8     10      9     12   2.00134920110428     
     10     11      9     12 -0.853869438204219     
      9     12      9     12  0.263110750000000     
      9     10     10     12   2.31095900000000     
     10     12     10     12 -0.229871000000000     
      8      9     11     12   3.81023994067624     
      7     10     11     12  -3.81023994067624     
      9     11     11     12  0.000000000000000E+000
      8     12     11     12  0.000000000000000E+000
     11     12     11     12  0.173746000000000     
