############################################################################################################
# initial vector basename: o_140
# final   vector basename: o_140
# Operator file: VCoul.int
# Zero body term: 1.61677
# Jf  nJf     Ji  nJi      Ei          Ef         <Op1b>          <Op2b>         <Op1b+2b>     <Op0b+1b+2b>
###########################################################################################################
 0.0   1     0.0   1    -84.854     -84.854    3.205804e+00    9.108266e+00    1.231407e+01    1.393084e+01
 0.0   1     0.0   2    -84.854     -69.728    1.179988e-01   -1.905482e-01   -7.254935e-02   -7.254935e-02
 0.0   2     0.0   1    -69.728     -84.854    0.000000e+00    0.000000e+00    0.000000e+00    0.000000e+00
 0.0   2     0.0   2    -69.728     -69.728    3.438231e+00    8.751584e+00    1.218982e+01    1.380659e+01
 1.0   1     1.0   1    -73.460     -73.460    3.322017e+00    8.945101e+00    1.226712e+01    1.388389e+01
 1.0   1     1.0   2    -73.460       0.000    0.000000e+00    0.000000e+00    0.000000e+00    0.000000e+00
 1.0   2     1.0   1      0.000     -73.460    0.000000e+00    0.000000e+00    0.000000e+00    0.000000e+00
 1.0   2     1.0   2      0.000       0.000    0.000000e+00    0.000000e+00    0.000000e+00    1.616770e+00
