############################################################################################################
# initial vector basename: n_140
# final   vector basename: n_140
# Operator file: Rn2.int
# Zero body term: 1.11481
# Jf  nJf     Ji  nJi      Ei          Ef         <Op1b>          <Op2b>         <Op1b+2b>     <Op0b+1b+2b>
###########################################################################################################
 0.0   1     0.0   1    -88.476     -88.476    6.521937e+00   -1.291465e+00    5.230472e+00    6.345282e+00
 0.0   1     0.0   2    -88.476     -71.740    1.859634e-01    5.427778e-02    2.402412e-01    2.402412e-01
 0.0   2     0.0   1    -71.740     -88.476    0.000000e+00    0.000000e+00    0.000000e+00    0.000000e+00
 0.0   2     0.0   2    -71.740     -71.740    6.954934e+00   -9.546572e-01    6.000277e+00    7.115087e+00
 1.0   1     1.0   1    -91.654     -91.654    6.607733e+00   -1.371041e+00    5.236691e+00    6.351501e+00
 1.0   1     1.0   2    -91.654     -86.713   -1.648798e-01   -3.511643e-02   -1.999962e-01   -1.999962e-01
 1.0   2     1.0   1    -86.713     -91.654    0.000000e+00    0.000000e+00    0.000000e+00    0.000000e+00
 1.0   2     1.0   2    -86.713     -86.713    6.655649e+00   -1.184165e+00    5.471484e+00    6.586294e+00
