############################################################################################################
# initial vector basename: n_140
# final   vector basename: n_140
# Operator file: VCoul.int
# Zero body term: 1.61677
# Jf  nJf     Ji  nJi      Ei          Ef         <Op1b>          <Op2b>         <Op1b+2b>     <Op0b+1b+2b>
###########################################################################################################
 0.0   1     0.0   1    -88.476     -88.476    2.546549e+00    6.992117e+00    9.538666e+00    1.115544e+01
 0.0   1     0.0   2    -88.476     -71.740    8.886637e-03   -1.990603e-01   -1.901737e-01   -1.901737e-01
 0.0   2     0.0   1    -71.740     -88.476    0.000000e+00    0.000000e+00    0.000000e+00    0.000000e+00
 0.0   2     0.0   2    -71.740     -71.740    2.567240e+00    6.227613e+00    8.794853e+00    1.041162e+01
 1.0   1     1.0   1    -91.654     -91.654    2.558001e+00    6.988596e+00    9.546596e+00    1.116337e+01
 1.0   1     1.0   2    -91.654     -86.713   -1.499950e-02    1.799580e-01    1.649585e-01    1.649585e-01
 1.0   2     1.0   1    -86.713     -91.654    0.000000e+00    0.000000e+00    0.000000e+00    0.000000e+00
 1.0   2     1.0   2    -86.713     -86.713    2.559822e+00    6.796266e+00    9.356089e+00    1.097286e+01
