 ! Total Interaction
  54
   1   3   1   3     0     0   0.0000
   1   3   2   4     0     0   0.0000
   2   4   2   4     0     0   0.0000
   1   3   1   3     1     0  -2.8851
   1   3   2   3     1     0  -6.6201
   2   3   2   3     1     0  -6.2885
   1   4   2   3     1     0   9.6040
   1   3   1   4     1     0   6.3046
   1   4   1   4     1     0  -6.7995
   1   3   2   4     1     0   1.7979
   2   3   2   4     1     0  -3.5371
   1   4   2   4     1     0   3.2769
   2   4   2   4     1     0  -2.1376
   1   3   1   3     2     0   0.0000
   1   3   2   3     2     0   0.0000
   2   3   2   3     2     0   0.0000
   1   4   2   3     2     0   0.0000
   1   3   1   4     2     0   0.0000
   1   4   1   4     2     0   0.0000
   1   3   1   3     3     0  -5.8696
   1   1   1   1     0     1  -2.4528
   1   1   2   2     0     1  -5.2255
   2   2   2   2     0     1   1.1548
   1   3   1   3     0     1  -3.7439
   3   3   3   3     0     1  -4.3504
   1   3   2   4     0     1  -5.4523
   2   4   2   4     0     1   0.2508
   3   3   4   4     0     1  -5.3885
   4   4   4   4     0     1   0.1737
   1   2   1   2     1     1   1.6282
   1   3   1   3     1     1   0.0000
   1   3   2   3     1     1   0.0000
   2   3   2   3     1     1   0.0000
   1   4   2   3     1     1   0.0000
   1   3   1   4     1     1   0.0000
   1   4   1   4     1     1   0.0000
   1   3   2   4     1     1   0.0000
   2   3   2   4     1     1   0.0000
   1   4   2   4     1     1   0.0000
   2   4   2   4     1     1   0.0000
   3   4   3   4     1     1   1.7421
   1   1   1   1     2     1  -0.3512
   1   1   1   2     2     1  -1.9949
   1   2   1   2     2     1  -0.2519
   1   3   1   3     2     1  -1.0280
   1   3   2   3     2     1   2.1120
   2   3   2   3     2     1  -6.7177
   1   4   2   3     2     1  -5.5818
   3   3   3   3     2     1  -1.2364
   1   3   1   4     2     1  -2.2821
   1   4   1   4     2     1  -6.7241
   3   3   3   4     2     1  -2.3110
   3   4   3   4     2     1  -0.2299
   1   3   1   3     3     1   0.0000
