      1      4      1      4          10           0  0.592381616777647     
      1      4      1      4           8           0  -1.99522238095238     
      1      4      1      4           6           0   2.30408248082528     
      1      4      1      4           4           0  -6.52856875135447     
      1      4      1      4           2           0   4.69472989156332     
      1      4      1      4           0           0  -10.8508188333333     
      1      4      1      5           8           0  -4.72805163679885     
      1      4      1      5           6           0  0.188743445308882     
      1      4      1      5           4           0  -4.18404473141494     
      1      4      1      5           2           0  -1.10722349387624     
      1      4      1      6           6           0  0.682290959371014     
      1      4      1      6           4           0  -3.75994228528951     
      1      4      2      4           8           0  -4.38155106645016     
      1      4      2      4           6           0  0.146907352106231     
      1      4      2      4           4           0  -3.91721431547659     
      1      4      2      4           2           0 -0.928294843835978     
      1      4      2      5           8           0  -3.83860941712376     
      1      4      2      5           6           0 -0.175286309031238     
      1      4      2      5           4           0 -0.633478988529905     
      1      4      2      5           2           0 -0.529692837621111     
      1      4      2      6           6           0  0.549465299999941     
      1      4      2      6           4           0  -1.23443915858821     
      1      4      3      4           6           0  0.609960020171753     
      1      4      3      4           4           0  -3.50768648874847     
      1      4      3      5           6           0  0.566226999320907     
      1      4      3      5           4           0  -1.13520266058534     
      1      4      3      6           6           0  0.154733254529534     
      1      4      3      6           4           0  -2.17833698140478     
      1      5      1      4           8           0   4.72805163679885     
      1      5      1      4           6           0 -0.188743445308881     
      1      5      1      4           4           0   4.18404473141494     
      1      5      1      4           2           0   1.10722349387624     
      1      5      1      5           6           0   1.02017317867791     
      1      5      1      5           4           0  -4.57240753323873     
      1      5      1      5           2           0  2.091569564468365E-002
      1      5      1      5           0           0  -9.74706306500887     
      1      5      1      6           4           0   2.68716157337448     
      1      5      1      6           2           0 -0.239240660533716     
      1      5      2      4           8           0   6.82159682142857     
      1      5      2      4           6           0  -1.96427085251720     
      1      5      2      4           4           0   1.64629787172081     
      1      5      2      4           2           0  -3.44700246315527     
      1      5      2      5           6           0   1.36445867593064     
      1      5      2      5           4           0  -2.33625965252994     
      1      5      2      5           2           0   1.92824079424635     
      1      5      2      6           4           0   2.31103945211472     
      1      5      2      6           2           0  0.306576991408812     
      1      5      3      4           6           0  0.942516634265466     
      1      5      3      4           4           0   2.31491459934873     
      1      5      3      5           6           0 -0.839933025211709     
      1      5      3      5           4           0  -3.20371125565815     
      1      5      3      6           4           0   3.32034335884130     
      1      6      1      4           6           0  0.682290959371014     
      1      6      1      4           4           0  -3.75994228528951     
      1      6      1      5           4           0  -2.68716157337448     
      1      6      1      5           2           0  0.239240660533715     
      1      6      1      6           2           0   1.52236300400914     
      1      6      1      6           0           0  -4.56399357077500     
      1      6      2      4           6           0 -0.945760359203898     
      1      6      2      4           4           0  -2.30732980407966     
      1      6      2      5           4           0 -0.909606016376015     
      1      6      2      5           2           0 -0.420898758625583     
      1      6      2      6           2           0 -0.977130401215723     
      1      6      3      4           6           0  0.483659214170474     
      1      6      3      4           4           0  -5.02303825868418     
      1      6      3      5           4           0  -3.44997449881898     
      2      4      1      4           8           0   4.38155106645016     
      2      4      1      4           6           0 -0.146907352106232     
      2      4      1      4           4           0   3.91721431547658     
      2      4      1      4           2           0  0.928294843835979     
      2      4      1      5           8           0   6.82159682142857     
      2      4      1      5           6           0  -1.96427085251720     
      2      4      1      5           4           0   1.64629787172081     
      2      4      1      5           2           0  -3.44700246315527     
      2      4      1      6           6           0  0.945760359203898     
      2      4      1      6           4           0   2.30732980407966     
      2      4      2      4           6           0   1.08529933935650     
      2      4      2      4           4           0  -3.93235609015113     
      2      4      2      4           2           0  0.242564318363516     
      2      4      2      4           0           0  -8.07438888375484     
      2      4      2      5           6           0   1.22595943565651     
      2      4      2      5           4           0  -2.13191762866881     
      2      4      2      5           2           0   1.62498930409202     
      2      4      2      6           6           0 -0.567000849229485     
      2      4      2      6           4           0  -2.98035561972666     
      2      4      3      4           4           0   2.25309145374688     
      2      4      3      4           2           0 -0.126199905783573     
      2      4      3      5           4           0   2.09676310363408     
      2      4      3      5           2           0  0.282862057083513     
      2      4      3      6           4           0   3.03263119263347     
      2      5      1      4           8           0  -3.83860941712376     
      2      5      1      4           6           0 -0.175286309031239     
      2      5      1      4           4           0 -0.633478988529905     
      2      5      1      4           2           0 -0.529692837621111     
      2      5      1      5           6           0  -1.36445867593064     
      2      5      1      5           4           0   2.33625965252994     
      2      5      1      5           2           0  -1.92824079424635     
      2      5      1      6           4           0 -0.909606016376015     
      2      5      1      6           2           0 -0.420898758625583     
      2      5      2      4           6           0  -1.22595943565651     
      2      5      2      4           4           0   2.13191762866881     
      2      5      2      4           2           0  -1.62498930409202     
      2      5      2      5           6           0   1.12744577977729     
      2      5      2      5           4           0  -2.85237784100443     
      2      5      2      5           2           0   3.20575489225607     
      2      5      2      5           0           0  -6.86897675000000     
      2      5      2      6           4           0   2.14382333676360     
      2      5      2      6           2           0  0.569606747512081     
      2      5      3      4           4           0 -0.858944200302380     
      2      5      3      4           2           0 -0.236096392011621     
      2      5      3      5           4           0   2.09071395114521     
      2      5      3      5           2           0  0.584249813643777     
      2      5      3      6           4           0  -1.05563466589129     
      2      5      3      6           2           0 -0.317675173388772     
      2      6      1      4           6           0 -0.549465299999941     
      2      6      1      4           4           0   1.23443915858821     
      2      6      1      5           4           0   2.31103945211472     
      2      6      1      5           2           0  0.306576991408811     
      2      6      1      6           2           0  0.977130401215723     
      2      6      2      4           6           0 -0.567000849229484     
      2      6      2      4           4           0  -2.98035561972666     
      2      6      2      5           4           0  -2.14382333676360     
      2      6      2      5           2           0 -0.569606747512080     
      2      6      2      6           2           0  -1.14467099521291     
      2      6      2      6           0           0  -4.07588104326163     
      2      6      3      4           4           0   3.21287638492675     
      2      6      3      5           4           0   3.76862424791859     
      2      6      3      5           2           0 -0.426132996084555     
      2      6      3      6           2           0 -0.557769635094543     
      3      4      1      4           6           0  0.609960020171753     
      3      4      1      4           4           0  -3.50768648874847     
      3      4      1      5           6           0 -0.942516634265466     
      3      4      1      5           4           0  -2.31491459934873     
      3      4      1      6           6           0  0.483659214170474     
      3      4      1      6           4           0  -5.02303825868418     
      3      4      2      4           4           0  -2.25309145374688     
      3      4      2      4           2           0  0.126199905783573     
      3      4      2      5           4           0 -0.858944200302380     
      3      4      2      5           2           0 -0.236096392011621     
      3      4      2      6           4           0  -3.21287638492675     
      3      4      3      4           2           0   1.32700830330637     
      3      4      3      4           0           0  -3.88385936521235     
      3      4      3      5           2           0 -0.981735583215384     
      3      5      1      4           6           0 -0.566226999320907     
      3      5      1      4           4           0   1.13520266058534     
      3      5      1      5           6           0 -0.839933025211708     
      3      5      1      5           4           0  -3.20371125565815     
      3      5      1      6           4           0   3.44997449881898     
      3      5      2      4           4           0   2.09676310363408     
      3      5      2      4           2           0  0.282862057083512     
      3      5      2      5           4           0  -2.09071395114521     
      3      5      2      5           2           0 -0.584249813643776     
      3      5      2      6           4           0   3.76862424791859     
      3      5      2      6           2           0 -0.426132996084555     
      3      5      3      4           2           0  0.981735583215384     
      3      5      3      5           2           0  -1.20712095191326     
      3      5      3      5           0           0  -3.94938565051500     
      3      5      3      6           2           0 -0.609466116115982     
      3      6      1      4           6           0  0.154733254529534     
      3      6      1      4           4           0  -2.17833698140478     
      3      6      1      5           4           0  -3.32034335884130     
      3      6      2      4           4           0  -3.03263119263347     
      3      6      2      5           4           0  -1.05563466589129     
      3      6      2      5           2           0 -0.317675173388772     
      3      6      2      6           2           0  0.557769635094543     
      3      6      3      5           2           0  0.609466116115982     
      3      6      3      6           2           0   1.04144924162582     
      3      6      3      6           0           0  -4.17988500000000     
      4      1      4      1          10           0  0.592381616777647     
      4      1      4      1           8           0  -1.99522238095238     
      4      1      4      1           6           0   2.30408248082528     
      4      1      4      1           4           0  -6.52856875135447     
      4      1      4      1           2           0   4.69472989156332     
      4      1      4      1           0           0  -10.8508188333333     
      4      1      4      2           8           0  -4.38155106645016     
      4      1      4      2           6           0  0.146907352106231     
      4      1      4      2           4           0  -3.91721431547659     
      4      1      4      2           2           0 -0.928294843835977     
      4      1      4      3           6           0  0.609960020171753     
      4      1      4      3           4           0  -3.50768648874847     
      4      1      5      1           8           0  -4.72805163679885     
      4      1      5      1           6           0  0.188743445308881     
      4      1      5      1           4           0  -4.18404473141494     
      4      1      5      1           2           0  -1.10722349387624     
      4      1      5      2           8           0  -3.83860941712376     
      4      1      5      2           6           0 -0.175286309031238     
      4      1      5      2           4           0 -0.633478988529905     
      4      1      5      2           2           0 -0.529692837621111     
      4      1      5      3           6           0  0.566226999320907     
      4      1      5      3           4           0  -1.13520266058534     
      4      1      6      1           6           0  0.682290959371014     
      4      1      6      1           4           0  -3.75994228528951     
      4      1      6      2           6           0  0.549465299999941     
      4      1      6      2           4           0  -1.23443915858821     
      4      1      6      3           6           0  0.154733254529534     
      4      1      6      3           4           0  -2.17833698140478     
      4      2      4      1           8           0   4.38155106645016     
      4      2      4      1           6           0 -0.146907352106231     
      4      2      4      1           4           0   3.91721431547658     
      4      2      4      1           2           0  0.928294843835979     
      4      2      4      2           6           0   1.08529933935650     
      4      2      4      2           4           0  -3.93235609015113     
      4      2      4      2           2           0  0.242564318363517     
      4      2      4      2           0           0  -8.07438888375484     
      4      2      4      3           4           0   2.25309145374688     
      4      2      4      3           2           0 -0.126199905783573     
      4      2      5      1           8           0   6.82159682142857     
      4      2      5      1           6           0  -1.96427085251720     
      4      2      5      1           4           0   1.64629787172081     
      4      2      5      1           2           0  -3.44700246315527     
      4      2      5      2           6           0   1.22595943565651     
      4      2      5      2           4           0  -2.13191762866881     
      4      2      5      2           2           0   1.62498930409202     
      4      2      5      3           4           0   2.09676310363408     
      4      2      5      3           2           0  0.282862057083513     
      4      2      6      1           6           0  0.945760359203898     
      4      2      6      1           4           0   2.30732980407966     
      4      2      6      2           6           0 -0.567000849229485     
      4      2      6      2           4           0  -2.98035561972666     
      4      2      6      3           4           0   3.03263119263347     
      4      3      4      1           6           0  0.609960020171753     
      4      3      4      1           4           0  -3.50768648874847     
      4      3      4      2           4           0  -2.25309145374688     
      4      3      4      2           2           0  0.126199905783573     
      4      3      4      3           2           0   1.32700830330637     
      4      3      4      3           0           0  -3.88385936521235     
      4      3      5      1           6           0 -0.942516634265466     
      4      3      5      1           4           0  -2.31491459934873     
      4      3      5      2           4           0 -0.858944200302380     
      4      3      5      2           2           0 -0.236096392011621     
      4      3      5      3           2           0 -0.981735583215384     
      4      3      6      1           6           0  0.483659214170474     
      4      3      6      1           4           0  -5.02303825868418     
      4      3      6      2           4           0  -3.21287638492675     
      5      1      4      1           8           0   4.72805163679885     
      5      1      4      1           6           0 -0.188743445308881     
      5      1      4      1           4           0   4.18404473141494     
      5      1      4      1           2           0   1.10722349387624     
      5      1      4      2           8           0   6.82159682142857     
      5      1      4      2           6           0  -1.96427085251720     
      5      1      4      2           4           0   1.64629787172081     
      5      1      4      2           2           0  -3.44700246315527     
      5      1      4      3           6           0  0.942516634265466     
      5      1      4      3           4           0   2.31491459934873     
      5      1      5      1           6           0   1.02017317867791     
      5      1      5      1           4           0  -4.57240753323873     
      5      1      5      1           2           0  2.091569564468099E-002
      5      1      5      1           0           0  -9.74706306500887     
      5      1      5      2           6           0   1.36445867593064     
      5      1      5      2           4           0  -2.33625965252994     
      5      1      5      2           2           0   1.92824079424635     
      5      1      5      3           6           0 -0.839933025211709     
      5      1      5      3           4           0  -3.20371125565815     
      5      1      6      1           4           0   2.68716157337448     
      5      1      6      1           2           0 -0.239240660533716     
      5      1      6      2           4           0   2.31103945211472     
      5      1      6      2           2           0  0.306576991408812     
      5      1      6      3           4           0   3.32034335884130     
      5      2      4      1           8           0  -3.83860941712376     
      5      2      4      1           6           0 -0.175286309031239     
      5      2      4      1           4           0 -0.633478988529905     
      5      2      4      1           2           0 -0.529692837621111     
      5      2      4      2           6           0  -1.22595943565651     
      5      2      4      2           4           0   2.13191762866881     
      5      2      4      2           2           0  -1.62498930409202     
      5      2      4      3           4           0 -0.858944200302380     
      5      2      4      3           2           0 -0.236096392011621     
      5      2      5      1           6           0  -1.36445867593064     
      5      2      5      1           4           0   2.33625965252994     
      5      2      5      1           2           0  -1.92824079424635     
      5      2      5      2           6           0   1.12744577977729     
      5      2      5      2           4           0  -2.85237784100443     
      5      2      5      2           2           0   3.20575489225607     
      5      2      5      2           0           0  -6.86897675000000     
      5      2      5      3           4           0   2.09071395114521     
      5      2      5      3           2           0  0.584249813643777     
      5      2      6      1           4           0 -0.909606016376015     
      5      2      6      1           2           0 -0.420898758625583     
      5      2      6      2           4           0   2.14382333676360     
      5      2      6      2           2           0  0.569606747512081     
      5      2      6      3           4           0  -1.05563466589129     
      5      2      6      3           2           0 -0.317675173388772     
      5      3      4      1           6           0 -0.566226999320907     
      5      3      4      1           4           0   1.13520266058534     
      5      3      4      2           4           0   2.09676310363408     
      5      3      4      2           2           0  0.282862057083512     
      5      3      4      3           2           0  0.981735583215384     
      5      3      5      1           6           0 -0.839933025211708     
      5      3      5      1           4           0  -3.20371125565815     
      5      3      5      2           4           0  -2.09071395114521     
      5      3      5      2           2           0 -0.584249813643776     
      5      3      5      3           2           0  -1.20712095191326     
      5      3      5      3           0           0  -3.94938565051500     
      5      3      6      1           4           0   3.44997449881898     
      5      3      6      2           4           0   3.76862424791859     
      5      3      6      2           2           0 -0.426132996084555     
      5      3      6      3           2           0 -0.609466116115982     
      6      1      4      1           6           0  0.682290959371014     
      6      1      4      1           4           0  -3.75994228528951     
      6      1      4      2           6           0 -0.945760359203898     
      6      1      4      2           4           0  -2.30732980407966     
      6      1      4      3           6           0  0.483659214170474     
      6      1      4      3           4           0  -5.02303825868418     
      6      1      5      1           4           0  -2.68716157337448     
      6      1      5      1           2           0  0.239240660533715     
      6      1      5      2           4           0 -0.909606016376015     
      6      1      5      2           2           0 -0.420898758625583     
      6      1      5      3           4           0  -3.44997449881898     
      6      1      6      1           2           0   1.52236300400914     
      6      1      6      1           0           0  -4.56399357077500     
      6      1      6      2           2           0 -0.977130401215723     
      6      2      4      1           6           0 -0.549465299999941     
      6      2      4      1           4           0   1.23443915858821     
      6      2      4      2           6           0 -0.567000849229484     
      6      2      4      2           4           0  -2.98035561972666     
      6      2      4      3           4           0   3.21287638492675     
      6      2      5      1           4           0   2.31103945211472     
      6      2      5      1           2           0  0.306576991408811     
      6      2      5      2           4           0  -2.14382333676360     
      6      2      5      2           2           0 -0.569606747512080     
      6      2      5      3           4           0   3.76862424791859     
      6      2      5      3           2           0 -0.426132996084555     
      6      2      6      1           2           0  0.977130401215723     
      6      2      6      2           2           0  -1.14467099521291     
      6      2      6      2           0           0  -4.07588104326163     
      6      2      6      3           2           0 -0.557769635094543     
      6      3      4      1           6           0  0.154733254529534     
      6      3      4      1           4           0  -2.17833698140478     
      6      3      4      2           4           0  -3.03263119263347     
      6      3      5      1           4           0  -3.32034335884130     
      6      3      5      2           4           0  -1.05563466589129     
      6      3      5      2           2           0 -0.317675173388772     
      6      3      5      3           2           0  0.609466116115982     
      6      3      6      2           2           0  0.557769635094543     
      6      3      6      3           2           0   1.04144924162582     
      6      3      6      3           0           0  -4.17988500000000     
         336          10
   1   1   4   4   0   0   0   0-10.8508   1   1
   1   1   4   4   2   0   0   0  4.6947   1   1
   1   1   4   4   4   0   0   0 -6.5286   1   1
   1   1   4   4   6   0   0   0  2.3041   1   1
   1   1   4   4   8   0   0   0 -1.9952   1   1
   1   1   4   4  10   0   0   0  0.5924   1   1
   1   1   4   5   2   0   0   0 -1.1072   1   1
   1   1   4   5   4   0   0   0 -4.1840   1   1
   1   1   4   5   6   0   0   0  0.1887   1   1
   1   1   4   5   8   0   0   0 -4.7281   1   1
   1   1   4   6   4   0   0   0 -3.7599   1   1
   1   1   4   6   6   0   0   0  0.6823   1   1
   1   1   5   4   2   0   0   0  1.1072   1   1
   1   1   5   4   4   0   0   0  4.1840   1   1
   1   1   5   4   6   0   0   0 -0.1887   1   1
   1   1   5   4   8   0   0   0  4.7281   1   1
   1   1   5   5   0   0   0   0 -9.7471   1   1
   1   1   5   5   2   0   0   0  0.0209   1   1
   1   1   5   5   4   0   0   0 -4.5724   1   1
   1   1   5   5   6   0   0   0  1.0202   1   1
   1   1   5   6   2   0   0   0 -0.2392   1   1
   1   1   5   6   4   0   0   0  2.6872   1   1
   1   1   6   4   4   0   0   0 -3.7599   1   1
   1   1   6   4   6   0   0   0  0.6823   1   1
   1   1   6   5   2   0   0   0  0.2392   1   1
   1   1   6   5   4   0   0   0 -2.6872   1   1
   1   1   6   6   0   0   0   0 -4.5640   1   1
   1   1   6   6   2   0   0   0  1.5224   1   1
   1   2   4   4   2   0   0   0 -0.9283   1   1
   1   2   4   4   4   0   0   0 -3.9172   1   1
   1   2   4   4   6   0   0   0  0.1469   1   1
   1   2   4   4   8   0   0   0 -4.3816   1   1
   1   2   4   5   2   0   0   0 -0.5297   1   1
   1   2   4   5   4   0   0   0 -0.6335   1   1
   1   2   4   5   6   0   0   0 -0.1753   1   1
   1   2   4   5   8   0   0   0 -3.8386   1   1
   1   2   4   6   4   0   0   0 -1.2344   1   1
   1   2   4   6   6   0   0   0  0.5495   1   1
   1   2   5   4   2   0   0   0 -3.4470   1   1
   1   2   5   4   4   0   0   0  1.6463   1   1
   1   2   5   4   6   0   0   0 -1.9643   1   1
   1   2   5   4   8   0   0   0  6.8216   1   1
   1   2   5   5   2   0   0   0  1.9282   1   1
   1   2   5   5   4   0   0   0 -2.3363   1   1
   1   2   5   5   6   0   0   0  1.3645   1   1
   1   2   5   6   2   0   0   0  0.3066   1   1
   1   2   5   6   4   0   0   0  2.3110   1   1
   1   2   6   4   4   0   0   0 -2.3073   1   1
   1   2   6   4   6   0   0   0 -0.9458   1   1
   1   2   6   5   2   0   0   0 -0.4209   1   1
   1   2   6   5   4   0   0   0 -0.9096   1   1
   1   2   6   6   2   0   0   0 -0.9771   1   1
   1   3   4   4   4   0   0   0 -3.5077   1   1
   1   3   4   4   6   0   0   0  0.6100   1   1
   1   3   4   5   4   0   0   0 -1.1352   1   1
   1   3   4   5   6   0   0   0  0.5662   1   1
   1   3   4   6   4   0   0   0 -2.1783   1   1
   1   3   4   6   6   0   0   0  0.1547   1   1
   1   3   5   4   4   0   0   0  2.3149   1   1
   1   3   5   4   6   0   0   0  0.9425   1   1
   1   3   5   5   4   0   0   0 -3.2037   1   1
   1   3   5   5   6   0   0   0 -0.8399   1   1
   1   3   5   6   4   0   0   0  3.3203   1   1
   1   3   6   4   4   0   0   0 -5.0230   1   1
   1   3   6   4   6   0   0   0  0.4837   1   1
   1   3   6   5   4   0   0   0 -3.4500   1   1
   2   1   4   4   2   0   0   0  0.9283   1   1
   2   1   4   4   4   0   0   0  3.9172   1   1
   2   1   4   4   6   0   0   0 -0.1469   1   1
   2   1   4   4   8   0   0   0  4.3816   1   1
   2   1   4   5   2   0   0   0 -3.4470   1   1
   2   1   4   5   4   0   0   0  1.6463   1   1
   2   1   4   5   6   0   0   0 -1.9643   1   1
   2   1   4   5   8   0   0   0  6.8216   1   1
   2   1   4   6   4   0   0   0  2.3073   1   1
   2   1   4   6   6   0   0   0  0.9458   1   1
   2   1   5   4   2   0   0   0 -0.5297   1   1
   2   1   5   4   4   0   0   0 -0.6335   1   1
   2   1   5   4   6   0   0   0 -0.1753   1   1
   2   1   5   4   8   0   0   0 -3.8386   1   1
   2   1   5   5   2   0   0   0 -1.9282   1   1
   2   1   5   5   4   0   0   0  2.3363   1   1
   2   1   5   5   6   0   0   0 -1.3645   1   1
   2   1   5   6   2   0   0   0 -0.4209   1   1
   2   1   5   6   4   0   0   0 -0.9096   1   1
   2   1   6   4   4   0   0   0  1.2344   1   1
   2   1   6   4   6   0   0   0 -0.5495   1   1
   2   1   6   5   2   0   0   0  0.3066   1   1
   2   1   6   5   4   0   0   0  2.3110   1   1
   2   1   6   6   2   0   0   0  0.9771   1   1
   2   2   4   4   0   0   0   0 -8.0744   1   1
   2   2   4   4   2   0   0   0  0.2426   1   1
   2   2   4   4   4   0   0   0 -3.9324   1   1
   2   2   4   4   6   0   0   0  1.0853   1   1
   2   2   4   5   2   0   0   0  1.6250   1   1
   2   2   4   5   4   0   0   0 -2.1319   1   1
   2   2   4   5   6   0   0   0  1.2260   1   1
   2   2   4   6   4   0   0   0 -2.9804   1   1
   2   2   4   6   6   0   0   0 -0.5670   1   1
   2   2   5   4   2   0   0   0 -1.6250   1   1
   2   2   5   4   4   0   0   0  2.1319   1   1
   2   2   5   4   6   0   0   0 -1.2260   1   1
   2   2   5   5   0   0   0   0 -6.8690   1   1
   2   2   5   5   2   0   0   0  3.2058   1   1
   2   2   5   5   4   0   0   0 -2.8524   1   1
   2   2   5   5   6   0   0   0  1.1274   1   1
   2   2   5   6   2   0   0   0  0.5696   1   1
   2   2   5   6   4   0   0   0  2.1438   1   1
   2   2   6   4   4   0   0   0 -2.9804   1   1
   2   2   6   4   6   0   0   0 -0.5670   1   1
   2   2   6   5   2   0   0   0 -0.5696   1   1
   2   2   6   5   4   0   0   0 -2.1438   1   1
   2   2   6   6   0   0   0   0 -4.0759   1   1
   2   2   6   6   2   0   0   0 -1.1447   1   1
   2   3   4   4   2   0   0   0 -0.1262   1   1
   2   3   4   4   4   0   0   0  2.2531   1   1
   2   3   4   5   2   0   0   0  0.2829   1   1
   2   3   4   5   4   0   0   0  2.0968   1   1
   2   3   4   6   4   0   0   0  3.0326   1   1
   2   3   5   4   2   0   0   0 -0.2361   1   1
   2   3   5   4   4   0   0   0 -0.8589   1   1
   2   3   5   5   2   0   0   0  0.5842   1   1
   2   3   5   5   4   0   0   0  2.0907   1   1
   2   3   5   6   2   0   0   0 -0.3177   1   1
   2   3   5   6   4   0   0   0 -1.0556   1   1
   2   3   6   4   4   0   0   0  3.2129   1   1
   2   3   6   5   2   0   0   0 -0.4261   1   1
   2   3   6   5   4   0   0   0  3.7686   1   1
   2   3   6   6   2   0   0   0 -0.5578   1   1
   3   1   4   4   4   0   0   0 -3.5077   1   1
   3   1   4   4   6   0   0   0  0.6100   1   1
   3   1   4   5   4   0   0   0 -2.3149   1   1
   3   1   4   5   6   0   0   0 -0.9425   1   1
   3   1   4   6   4   0   0   0 -5.0230   1   1
   3   1   4   6   6   0   0   0  0.4837   1   1
   3   1   5   4   4   0   0   0  1.1352   1   1
   3   1   5   4   6   0   0   0 -0.5662   1   1
   3   1   5   5   4   0   0   0 -3.2037   1   1
   3   1   5   5   6   0   0   0 -0.8399   1   1
   3   1   5   6   4   0   0   0  3.4500   1   1
   3   1   6   4   4   0   0   0 -2.1783   1   1
   3   1   6   4   6   0   0   0  0.1547   1   1
   3   1   6   5   4   0   0   0 -3.3203   1   1
   3   2   4   4   2   0   0   0  0.1262   1   1
   3   2   4   4   4   0   0   0 -2.2531   1   1
   3   2   4   5   2   0   0   0 -0.2361   1   1
   3   2   4   5   4   0   0   0 -0.8589   1   1
   3   2   4   6   4   0   0   0 -3.2129   1   1
   3   2   5   4   2   0   0   0  0.2829   1   1
   3   2   5   4   4   0   0   0  2.0968   1   1
   3   2   5   5   2   0   0   0 -0.5842   1   1
   3   2   5   5   4   0   0   0 -2.0907   1   1
   3   2   5   6   2   0   0   0 -0.4261   1   1
   3   2   5   6   4   0   0   0  3.7686   1   1
   3   2   6   4   4   0   0   0 -3.0326   1   1
   3   2   6   5   2   0   0   0 -0.3177   1   1
   3   2   6   5   4   0   0   0 -1.0556   1   1
   3   2   6   6   2   0   0   0  0.5578   1   1
   3   3   4   4   0   0   0   0 -3.8839   1   1
   3   3   4   4   2   0   0   0  1.3270   1   1
   3   3   4   5   2   0   0   0 -0.9817   1   1
   3   3   5   4   2   0   0   0  0.9817   1   1
   3   3   5   5   0   0   0   0 -3.9494   1   1
   3   3   5   5   2   0   0   0 -1.2071   1   1
   3   3   5   6   2   0   0   0 -0.6095   1   1
   3   3   6   5   2   0   0   0  0.6095   1   1
   3   3   6   6   0   0   0   0 -4.1799   1   1
   3   3   6   6   2   0   0   0  1.0414   1   1
   4   4   1   1   0   0   0   0-10.8508   1   1
   4   4   1   1   2   0   0   0  4.6947   1   1
   4   4   1   1   4   0   0   0 -6.5286   1   1
   4   4   1   1   6   0   0   0  2.3041   1   1
   4   4   1   1   8   0   0   0 -1.9952   1   1
   4   4   1   1  10   0   0   0  0.5924   1   1
   4   4   1   2   2   0   0   0 -0.9283   1   1
   4   4   1   2   4   0   0   0 -3.9172   1   1
   4   4   1   2   6   0   0   0  0.1469   1   1
   4   4   1   2   8   0   0   0 -4.3816   1   1
   4   4   1   3   4   0   0   0 -3.5077   1   1
   4   4   1   3   6   0   0   0  0.6100   1   1
   4   4   2   1   2   0   0   0  0.9283   1   1
   4   4   2   1   4   0   0   0  3.9172   1   1
   4   4   2   1   6   0   0   0 -0.1469   1   1
   4   4   2   1   8   0   0   0  4.3816   1   1
   4   4   2   2   0   0   0   0 -8.0744   1   1
   4   4   2   2   2   0   0   0  0.2426   1   1
   4   4   2   2   4   0   0   0 -3.9324   1   1
   4   4   2   2   6   0   0   0  1.0853   1   1
   4   4   2   3   2   0   0   0 -0.1262   1   1
   4   4   2   3   4   0   0   0  2.2531   1   1
   4   4   3   1   4   0   0   0 -3.5077   1   1
   4   4   3   1   6   0   0   0  0.6100   1   1
   4   4   3   2   2   0   0   0  0.1262   1   1
   4   4   3   2   4   0   0   0 -2.2531   1   1
   4   4   3   3   0   0   0   0 -3.8839   1   1
   4   4   3   3   2   0   0   0  1.3270   1   1
   4   5   1   1   2   0   0   0 -1.1072   1   1
   4   5   1   1   4   0   0   0 -4.1840   1   1
   4   5   1   1   6   0   0   0  0.1887   1   1
   4   5   1   1   8   0   0   0 -4.7281   1   1
   4   5   1   2   2   0   0   0 -0.5297   1   1
   4   5   1   2   4   0   0   0 -0.6335   1   1
   4   5   1   2   6   0   0   0 -0.1753   1   1
   4   5   1   2   8   0   0   0 -3.8386   1   1
   4   5   1   3   4   0   0   0 -1.1352   1   1
   4   5   1   3   6   0   0   0  0.5662   1   1
   4   5   2   1   2   0   0   0 -3.4470   1   1
   4   5   2   1   4   0   0   0  1.6463   1   1
   4   5   2   1   6   0   0   0 -1.9643   1   1
   4   5   2   1   8   0   0   0  6.8216   1   1
   4   5   2   2   2   0   0   0  1.6250   1   1
   4   5   2   2   4   0   0   0 -2.1319   1   1
   4   5   2   2   6   0   0   0  1.2260   1   1
   4   5   2   3   2   0   0   0  0.2829   1   1
   4   5   2   3   4   0   0   0  2.0968   1   1
   4   5   3   1   4   0   0   0 -2.3149   1   1
   4   5   3   1   6   0   0   0 -0.9425   1   1
   4   5   3   2   2   0   0   0 -0.2361   1   1
   4   5   3   2   4   0   0   0 -0.8589   1   1
   4   5   3   3   2   0   0   0 -0.9817   1   1
   4   6   1   1   4   0   0   0 -3.7599   1   1
   4   6   1   1   6   0   0   0  0.6823   1   1
   4   6   1   2   4   0   0   0 -1.2344   1   1
   4   6   1   2   6   0   0   0  0.5495   1   1
   4   6   1   3   4   0   0   0 -2.1783   1   1
   4   6   1   3   6   0   0   0  0.1547   1   1
   4   6   2   1   4   0   0   0  2.3073   1   1
   4   6   2   1   6   0   0   0  0.9458   1   1
   4   6   2   2   4   0   0   0 -2.9804   1   1
   4   6   2   2   6   0   0   0 -0.5670   1   1
   4   6   2   3   4   0   0   0  3.0326   1   1
   4   6   3   1   4   0   0   0 -5.0230   1   1
   4   6   3   1   6   0   0   0  0.4837   1   1
   4   6   3   2   4   0   0   0 -3.2129   1   1
   5   4   1   1   2   0   0   0  1.1072   1   1
   5   4   1   1   4   0   0   0  4.1840   1   1
   5   4   1   1   6   0   0   0 -0.1887   1   1
   5   4   1   1   8   0   0   0  4.7281   1   1
   5   4   1   2   2   0   0   0 -3.4470   1   1
   5   4   1   2   4   0   0   0  1.6463   1   1
   5   4   1   2   6   0   0   0 -1.9643   1   1
   5   4   1   2   8   0   0   0  6.8216   1   1
   5   4   1   3   4   0   0   0  2.3149   1   1
   5   4   1   3   6   0   0   0  0.9425   1   1
   5   4   2   1   2   0   0   0 -0.5297   1   1
   5   4   2   1   4   0   0   0 -0.6335   1   1
   5   4   2   1   6   0   0   0 -0.1753   1   1
   5   4   2   1   8   0   0   0 -3.8386   1   1
   5   4   2   2   2   0   0   0 -1.6250   1   1
   5   4   2   2   4   0   0   0  2.1319   1   1
   5   4   2   2   6   0   0   0 -1.2260   1   1
   5   4   2   3   2   0   0   0 -0.2361   1   1
   5   4   2   3   4   0   0   0 -0.8589   1   1
   5   4   3   1   4   0   0   0  1.1352   1   1
   5   4   3   1   6   0   0   0 -0.5662   1   1
   5   4   3   2   2   0   0   0  0.2829   1   1
   5   4   3   2   4   0   0   0  2.0968   1   1
   5   4   3   3   2   0   0   0  0.9817   1   1
   5   5   1   1   0   0   0   0 -9.7471   1   1
   5   5   1   1   2   0   0   0  0.0209   1   1
   5   5   1   1   4   0   0   0 -4.5724   1   1
   5   5   1   1   6   0   0   0  1.0202   1   1
   5   5   1   2   2   0   0   0  1.9282   1   1
   5   5   1   2   4   0   0   0 -2.3363   1   1
   5   5   1   2   6   0   0   0  1.3645   1   1
   5   5   1   3   4   0   0   0 -3.2037   1   1
   5   5   1   3   6   0   0   0 -0.8399   1   1
   5   5   2   1   2   0   0   0 -1.9282   1   1
   5   5   2   1   4   0   0   0  2.3363   1   1
   5   5   2   1   6   0   0   0 -1.3645   1   1
   5   5   2   2   0   0   0   0 -6.8690   1   1
   5   5   2   2   2   0   0   0  3.2058   1   1
   5   5   2   2   4   0   0   0 -2.8524   1   1
   5   5   2   2   6   0   0   0  1.1274   1   1
   5   5   2   3   2   0   0   0  0.5842   1   1
   5   5   2   3   4   0   0   0  2.0907   1   1
   5   5   3   1   4   0   0   0 -3.2037   1   1
   5   5   3   1   6   0   0   0 -0.8399   1   1
   5   5   3   2   2   0   0   0 -0.5842   1   1
   5   5   3   2   4   0   0   0 -2.0907   1   1
   5   5   3   3   0   0   0   0 -3.9494   1   1
   5   5   3   3   2   0   0   0 -1.2071   1   1
   5   6   1   1   2   0   0   0 -0.2392   1   1
   5   6   1   1   4   0   0   0  2.6872   1   1
   5   6   1   2   2   0   0   0  0.3066   1   1
   5   6   1   2   4   0   0   0  2.3110   1   1
   5   6   1   3   4   0   0   0  3.3203   1   1
   5   6   2   1   2   0   0   0 -0.4209   1   1
   5   6   2   1   4   0   0   0 -0.9096   1   1
   5   6   2   2   2   0   0   0  0.5696   1   1
   5   6   2   2   4   0   0   0  2.1438   1   1
   5   6   2   3   2   0   0   0 -0.3177   1   1
   5   6   2   3   4   0   0   0 -1.0556   1   1
   5   6   3   1   4   0   0   0  3.4500   1   1
   5   6   3   2   2   0   0   0 -0.4261   1   1
   5   6   3   2   4   0   0   0  3.7686   1   1
   5   6   3   3   2   0   0   0 -0.6095   1   1
   6   4   1   1   4   0   0   0 -3.7599   1   1
   6   4   1   1   6   0   0   0  0.6823   1   1
   6   4   1   2   4   0   0   0 -2.3073   1   1
   6   4   1   2   6   0   0   0 -0.9458   1   1
   6   4   1   3   4   0   0   0 -5.0230   1   1
   6   4   1   3   6   0   0   0  0.4837   1   1
   6   4   2   1   4   0   0   0  1.2344   1   1
   6   4   2   1   6   0   0   0 -0.5495   1   1
   6   4   2   2   4   0   0   0 -2.9804   1   1
   6   4   2   2   6   0   0   0 -0.5670   1   1
   6   4   2   3   4   0   0   0  3.2129   1   1
   6   4   3   1   4   0   0   0 -2.1783   1   1
   6   4   3   1   6   0   0   0  0.1547   1   1
   6   4   3   2   4   0   0   0 -3.0326   1   1
   6   5   1   1   2   0   0   0  0.2392   1   1
   6   5   1   1   4   0   0   0 -2.6872   1   1
   6   5   1   2   2   0   0   0 -0.4209   1   1
   6   5   1   2   4   0   0   0 -0.9096   1   1
   6   5   1   3   4   0   0   0 -3.4500   1   1
   6   5   2   1   2   0   0   0  0.3066   1   1
   6   5   2   1   4   0   0   0  2.3110   1   1
   6   5   2   2   2   0   0   0 -0.5696   1   1
   6   5   2   2   4   0   0   0 -2.1438   1   1
   6   5   2   3   2   0   0   0 -0.4261   1   1
   6   5   2   3   4   0   0   0  3.7686   1   1
   6   5   3   1   4   0   0   0 -3.3203   1   1
   6   5   3   2   2   0   0   0 -0.3177   1   1
   6   5   3   2   4   0   0   0 -1.0556   1   1
   6   5   3   3   2   0   0   0  0.6095   1   1
   6   6   1   1   0   0   0   0 -4.5640   1   1
   6   6   1   1   2   0   0   0  1.5224   1   1
   6   6   1   2   2   0   0   0 -0.9771   1   1
   6   6   2   1   2   0   0   0  0.9771   1   1
   6   6   2   2   0   0   0   0 -4.0759   1   1
   6   6   2   2   2   0   0   0 -1.1447   1   1
   6   6   2   3   2   0   0   0 -0.5578   1   1
   6   6   3   2   2   0   0   0  0.5578   1   1
   6   6   3   3   0   0   0   0 -4.1799   1   1
   6   6   3   3   2   0   0   0  1.0414   1   1
