 ! Total Interaction
 256
   1   4   1   4     0     0   0.0000
   1   4   2   5     0     0   0.0000
   2   5   2   5     0     0   0.0000
   1   4   3   6     0     0   0.0000
   2   5   3   6     0     0   0.0000
   3   6   3   6     0     0   0.0000
   1   4   1   4     1     0  -1.9790
   1   4   2   4     1     0  -3.7459
   2   4   2   4     1     0  -5.2512
   1   5   2   4     1     0   5.9513
   1   4   1   5     1     0   4.0301
   1   5   1   5     1     0  -6.5494
   1   4   2   5     1     0   1.1990
   2   4   2   5     1     0  -0.1173
   1   5   2   5     1     0   0.1775
   2   5   2   5     1     0  -1.4656
   1   4   3   5     1     0  -0.1577
   2   4   3   5     1     0   1.8464
   1   5   3   5     1     0  -2.2151
   2   5   3   5     1     0   1.7169
   3   5   3   5     1     0  -3.8946
   2   6   3   5     1     0   4.0904
   1   4   2   6     1     0   0.2156
   2   4   2   6     1     0  -1.8292
   1   5   2   6     1     0   2.0306
   2   5   2   6     1     0  -1.7485
   2   6   2   6     1     0  -3.9270
   1   4   3   6     1     0  -1.0182
   2   4   3   6     1     0  -2.4761
   1   5   3   6     1     0   2.7110
   2   5   3   6     1     0   0.2282
   3   5   3   6     1     0   0.4976
   2   6   3   6     1     0  -0.4554
   3   6   3   6     1     0  -2.3906
   1   4   1   4     2     0   0.0000
   1   4   2   4     2     0   0.0000
   2   4   2   4     2     0   0.0000
   1   5   2   4     2     0   0.0000
   1   6   2   4     2     0   0.0000
   1   4   3   4     2     0   0.0000
   2   4   3   4     2     0   0.0000
   3   4   3   4     2     0   0.0000
   1   5   3   4     2     0   0.0000
   2   5   3   4     2     0   0.0000
   1   6   3   4     2     0   0.0000
   2   6   3   4     2     0   0.0000
   1   4   1   5     2     0   0.0000
   1   5   1   5     2     0   0.0000
   1   4   2   5     2     0   0.0000
   2   4   2   5     2     0   0.0000
   1   5   2   5     2     0   0.0000
   2   5   2   5     2     0   0.0000
   1   6   2   5     2     0   0.0000
   1   4   3   5     2     0   0.0000
   2   4   3   5     2     0   0.0000
   3   4   3   5     2     0   0.0000
   1   5   3   5     2     0   0.0000
   2   5   3   5     2     0   0.0000
   3   5   3   5     2     0   0.0000
   1   6   3   5     2     0   0.0000
   2   6   3   5     2     0   0.0000
   1   4   1   6     2     0   0.0000
   1   5   1   6     2     0   0.0000
   1   6   1   6     2     0   0.0000
   1   4   2   6     2     0   0.0000
   2   4   2   6     2     0   0.0000
   1   5   2   6     2     0   0.0000
   2   5   2   6     2     0   0.0000
   1   6   2   6     2     0   0.0000
   2   6   2   6     2     0   0.0000
   1   4   1   4     3     0  -1.2470
   1   4   2   4     3     0  -1.5528
   2   4   2   4     3     0  -0.8090
   1   5   2   4     3     0   1.2217
   1   6   2   4     3     0  -1.4061
   1   4   3   4     3     0  -1.7868
   2   4   3   4     3     0  -1.0612
   3   4   3   4     3     0  -2.8899
   1   5   3   4     3     0   1.4123
   2   5   3   4     3     0   0.0443
   1   6   3   4     3     0  -3.8049
   1   4   1   5     3     0   1.7160
   1   5   1   5     3     0  -1.1773
   1   4   2   5     3     0   0.1977
   2   4   2   5     3     0  -1.5018
   1   5   2   5     3     0   1.7070
   2   5   2   5     3     0  -2.8903
   1   6   2   5     3     0  -0.0386
   1   4   1   6     3     0  -1.9229
   1   5   1   6     3     0   1.3204
   1   6   1   6     3     0  -3.3779
   1   4   1   4     4     0   0.0000
   1   4   2   4     4     0   0.0000
   2   4   2   4     4     0   0.0000
   1   5   2   4     4     0   0.0000
   1   4   1   5     4     0   0.0000
   1   5   1   5     4     0   0.0000
   1   4   1   4     5     0  -3.7909
   1   1   1   1     0     1  -1.8880
   1   1   2   2     0     1  -2.3619
   2   2   2   2     0     1  -0.7349
   1   1   3   3     0     1  -1.1307
   2   2   3   3     0     1  -0.8836
   3   3   3   3     0     1  -0.7352
   1   4   1   4     0     1  -2.5404
   4   4   4   4     0     1  -2.4828
   1   4   2   5     0     1  -2.9217
   2   5   2   5     0     1  -1.1779
   4   4   5   5     0     1  -3.2909
   5   5   5   5     0     1  -1.0230
   1   4   3   6     0     1  -1.2879
   2   5   3   6     0     1  -1.0291
   3   6   3   6     0     1  -1.1880
   4   4   6   6     0     1  -1.3487
   5   5   6   6     0     1  -1.0987
   6   6   6   6     0     1  -1.2221
   1   2   1   2     1     1   0.2768
   1   2   2   3     1     1  -0.0630
   2   3   2   3     1     1   0.2972
   1   4   1   4     1     1   0.0000
   1   4   2   4     1     1   0.0000
   2   4   2   4     1     1   0.0000
   1   5   2   4     1     1   0.0000
   1   4   1   5     1     1   0.0000
   1   5   1   5     1     1   0.0000
   1   4   2   5     1     1   0.0000
   2   4   2   5     1     1   0.0000
   1   5   2   5     1     1   0.0000
   2   5   2   5     1     1   0.0000
   1   4   3   5     1     1   0.0000
   2   4   3   5     1     1   0.0000
   1   5   3   5     1     1   0.0000
   2   5   3   5     1     1   0.0000
   3   5   3   5     1     1   0.0000
   2   6   3   5     1     1   0.0000
   4   5   4   5     1     1   0.0373
   1   4   2   6     1     1   0.0000
   2   4   2   6     1     1   0.0000
   1   5   2   6     1     1   0.0000
   2   5   2   6     1     1   0.0000
   2   6   2   6     1     1   0.0000
   1   4   3   6     1     1   0.0000
   2   4   3   6     1     1   0.0000
   1   5   3   6     1     1   0.0000
   2   5   3   6     1     1   0.0000
   3   5   3   6     1     1   0.0000
   2   6   3   6     1     1   0.0000
   3   6   3   6     1     1   0.0000
   4   5   5   6     1     1  -0.0277
   5   6   5   6     1     1   0.1375
   1   1   1   1     2     1  -0.5023
   1   1   1   2     2     1  -0.2118
   1   2   1   2     2     1   0.2839
   1   1   2   2     2     1  -0.5395
   1   2   2   2     2     1  -0.4561
   2   2   2   2     2     1  -0.0516
   1   3   2   2     2     1  -0.4935
   1   1   1   3     2     1  -0.7005
   1   2   1   3     2     1  -0.0961
   1   3   1   3     2     1  -0.4793
   1   1   2   3     2     1   0.6956
   1   2   2   3     2     1   0.4236
   2   2   2   3     2     1   0.2900
   1   3   2   3     2     1   0.8869
   2   3   2   3     2     1  -0.1797
   1   4   1   4     2     1  -0.9663
   1   4   2   4     2     1   0.2383
   2   4   2   4     2     1  -3.5537
   1   5   2   4     2     1  -3.8351
   1   6   2   4     2     1  -1.4854
   1   4   3   4     2     1  -0.7751
   2   4   3   4     2     1   1.5803
   3   4   3   4     2     1  -1.3358
   1   5   3   4     2     1   1.4850
   2   5   3   4     2     1  -0.5610
   1   6   3   4     2     1  -0.3222
   2   6   3   4     2     1   2.8737
   4   4   4   4     2     1  -0.9801
   1   4   1   5     2     1  -0.2490
   1   5   1   5     2     1  -4.2187
   1   4   2   5     2     1  -0.6818
   2   4   2   5     2     1   0.5565
   1   5   2   5     2     1  -0.5631
   2   5   2   5     2     1  -0.3338
   1   6   2   5     2     1  -0.6322
   1   4   3   5     2     1  -0.7930
   2   4   3   5     2     1  -1.2392
   3   4   3   5     2     1   0.8781
   1   5   3   5     2     1  -2.4148
   2   5   3   5     2     1  -0.3411
   3   5   3   5     2     1  -2.1315
   1   6   3   5     2     1  -3.0858
   2   6   3   5     2     1  -1.2117
   4   4   4   5     2     1  -0.2333
   4   5   4   5     2     1   0.0394
   4   4   5   5     2     1  -0.7563
   4   5   5   5     2     1  -0.6457
   5   5   5   5     2     1  -0.2663
   4   6   5   5     2     1  -0.6656
   1   4   1   6     2     1  -0.8153
   1   5   1   6     2     1  -1.8389
   1   6   1   6     2     1  -1.5951
   1   4   2   6     2     1   0.8381
   2   4   2   6     2     1  -2.3142
   1   5   2   6     2     1  -1.3689
   2   5   2   6     2     1   0.3659
   1   6   2   6     2     1  -0.8740
   2   6   2   6     2     1  -2.2551
   4   4   4   6     2     1  -0.8335
   4   5   4   6     2     1  -0.0745
   4   6   4   6     2     1  -0.8873
   4   4   5   6     2     1   0.9004
   4   5   5   6     2     1   0.6239
   5   5   5   6     2     1   0.3469
   4   6   5   6     2     1   1.1633
   5   6   5   6     2     1  -0.4202
   1   2   1   2     3     1   0.3494
   1   2   1   3     3     1  -0.0770
   1   3   1   3     3     1   0.5800
   1   4   1   4     3     1   0.0000
   1   4   2   4     3     1   0.0000
   2   4   2   4     3     1   0.0000
   1   5   2   4     3     1   0.0000
   1   6   2   4     3     1   0.0000
   1   4   3   4     3     1   0.0000
   2   4   3   4     3     1   0.0000
   3   4   3   4     3     1   0.0000
   1   5   3   4     3     1   0.0000
   2   5   3   4     3     1   0.0000
   1   6   3   4     3     1   0.0000
   1   4   1   5     3     1   0.0000
   1   5   1   5     3     1   0.0000
   1   4   2   5     3     1   0.0000
   2   4   2   5     3     1   0.0000
   1   5   2   5     3     1   0.0000
   2   5   2   5     3     1   0.0000
   1   6   2   5     3     1   0.0000
   4   5   4   5     3     1   0.1536
   1   4   1   6     3     1   0.0000
   1   5   1   6     3     1   0.0000
   1   6   1   6     3     1   0.0000
   4   5   4   6     3     1  -0.1200
   4   6   4   6     3     1   0.3957
   1   1   1   1     4     1   0.2302
   1   1   1   2     4     1  -0.9930
   1   2   1   2     4     1  -0.5439
   1   4   1   4     4     1  -0.1519
   1   4   2   4     4     1   1.1350
   2   4   2   4     4     1  -4.4364
   1   5   2   4     4     1  -2.7828
   4   4   4   4     4     1  -0.1449
   1   4   1   5     4     1  -1.1832
   1   5   1   5     4     1  -5.1687
   4   4   4   5     4     1  -1.2625
   4   5   4   5     4     1  -1.0287
   1   4   1   4     5     1   0.0000
