############################################################################################################
# initial vector basename: f_180
# final   vector basename: f_180
# Operator file: Rn2.int
# Zero body term: 5.92842
# Jf  nJf     Ji  nJi      Ei          Ef         <Op1b>          <Op2b>         <Op1b+2b>     <Op0b+1b+2b>
###########################################################################################################
 0.0   1     0.0   1     -8.717      -8.717    1.436423e+00   -3.284491e-02    1.403578e+00    7.331998e+00
 0.0   1     0.0   2     -8.717      -3.007    1.742644e-01   -1.259632e-02    1.616681e-01    1.616681e-01
 0.0   2     0.0   1     -3.007      -8.717    0.000000e+00    0.000000e+00    0.000000e+00    0.000000e+00
 0.0   2     0.0   2     -3.007      -3.007    1.978165e+00   -3.157546e-02    1.946590e+00    7.875010e+00
 1.0   1     1.0   1    -11.056     -11.056    1.617406e+00   -1.001340e-01    1.517272e+00    7.445692e+00
 1.0   1     1.0   2    -11.056      -4.754   -2.571475e-01    5.112824e-02   -2.060193e-01   -2.060193e-01
 1.0   2     1.0   1     -4.754     -11.056    0.000000e+00    0.000000e+00    0.000000e+00    0.000000e+00
 1.0   2     1.0   2     -4.754      -4.754    1.781035e+00   -4.815597e-02    1.732879e+00    7.661299e+00
