############################################################################################################
# initial vector basename: o_180
# final   vector basename: o_180
# Operator file: VCoul.int
# Zero body term: 14.2894
# Jf  nJf     Ji  nJi      Ei          Ef         <Op1b>          <Op2b>         <Op1b+2b>     <Op0b+1b+2b>
###########################################################################################################
 0.0   1     0.0   1    -12.446     -12.446   -1.175247e-01   -2.009554e-02   -1.376203e-01    1.415178e+01
 0.0   1     0.0   2    -12.446      -6.320   -7.882559e-03   -2.655787e-03   -1.053835e-02   -1.053835e-02
 0.0   2     0.0   1     -6.320     -12.446    0.000000e+00    0.000000e+00    0.000000e+00    0.000000e+00
 0.0   2     0.0   2     -6.320      -6.320   -1.285568e-01    4.256922e-03   -1.242999e-01    1.416510e+01
 1.0   1     1.0   1     -1.939      -1.939   -2.495168e-01    1.553403e-03   -2.479634e-01    1.404144e+01
 1.0   1     1.0   2     -1.939      -0.132   -2.102838e-04    8.633183e-04    6.530344e-04    6.530344e-04
 1.0   2     1.0   1     -0.132      -1.939    0.000000e+00    0.000000e+00    0.000000e+00    0.000000e+00
 1.0   2     1.0   2     -0.132      -0.132   -2.632079e-01    6.237596e-03   -2.569703e-01    1.403243e+01
