############################################################################################################
# initial vector basename: f_180
# final   vector basename: f_180
# Operator file: VCoul.int
# Zero body term: 14.2894
# Jf  nJf     Ji  nJi      Ei          Ef         <Op1b>          <Op2b>         <Op1b+2b>     <Op0b+1b+2b>
###########################################################################################################
 0.0   1     0.0   1     -8.717      -8.717    3.320472e+00    7.718160e-02    3.397653e+00    1.768705e+01
 0.0   1     0.0   2     -8.717      -3.007   -1.066949e-01    2.485667e-02   -8.183825e-02   -8.183825e-02
 0.0   2     0.0   1     -3.007      -8.717    0.000000e+00    0.000000e+00    0.000000e+00    0.000000e+00
 0.0   2     0.0   2     -3.007      -3.007    3.000893e+00    2.420075e-02    3.025093e+00    1.731449e+01
 1.0   1     1.0   1    -11.056     -11.056    3.181075e+00    1.198669e-01    3.300942e+00    1.759034e+01
 1.0   1     1.0   2    -11.056      -4.754    1.740024e-01   -4.840862e-02    1.255938e-01    1.255938e-01
 1.0   2     1.0   1     -4.754     -11.056    0.000000e+00    0.000000e+00    0.000000e+00    0.000000e+00
 1.0   2     1.0   2     -4.754      -4.754    3.101254e+00    5.587195e-02    3.157126e+00    1.744653e+01
