############################################################################################################
# initial vector basename: o_180
# final   vector basename: o_180
# Operator file: Rn2.int
# Zero body term: 5.92842
# Jf  nJf     Ji  nJi      Ei          Ef         <Op1b>          <Op2b>         <Op1b+2b>     <Op0b+1b+2b>
###########################################################################################################
 0.0   1     0.0   1    -12.446     -12.446    2.737792e+00   -9.622349e-02    2.641569e+00    8.569989e+00
 0.0   1     0.0   2    -12.446      -6.320    3.178392e-01   -3.628047e-02    2.815588e-01    2.815588e-01
 0.0   2     0.0   1     -6.320     -12.446    0.000000e+00    0.000000e+00    0.000000e+00    0.000000e+00
 0.0   2     0.0   2     -6.320      -6.320    3.747314e+00   -5.835718e-02    3.688957e+00    9.617377e+00
 1.0   1     1.0   1     -1.939      -1.939    3.336747e+00    3.822753e-02    3.374975e+00    9.303395e+00
 1.0   1     1.0   2     -1.939      -0.132    9.584645e-03    4.597648e-03    1.418229e-02    1.418229e-02
 1.0   2     1.0   1     -0.132      -1.939    0.000000e+00    0.000000e+00    0.000000e+00    0.000000e+00
 1.0   2     1.0   2     -0.132      -0.132    3.960782e+00    3.246147e-02    3.993244e+00    9.921664e+00
