      1      2      1      2 -0.458367000000000     
      1      5      1      2   2.11568200000000     
      1      3      1      3 -0.458367000000000     
      2      5      1      3   1.83223435832947     
      1      6      1      3   1.05784100000000     
      2      3      2      3  -1.68561350000000     
      1      4      2      3   1.22724650000000     
      3      5      2      3   1.05784100000000     
      2      6      2      3   1.05784100000000     
      5      6      2      3   3.70521195625304     
      2      3      1      4   1.22724650000000     
      1      4      1      4  -1.68561350000000     
      3      5      1      4   1.05784100000000     
      2      6      1      4   1.05784100000000     
      5      6      1      4  -3.70521195625304     
      2      4      2      4 -0.458367000000000     
      4      5      2      4   1.05784100000000     
      3      6      2      4   1.83223435832947     
      3      4      3      4 -0.458367000000000     
      4      6      3      4   2.11568200000000     
      1      2      1      5   2.11568200000000     
      1      5      1      5 -2.362800000000000E-002
      1      3      2      5   1.83223435832947     
      2      5      2      5  0.450338500000000     
      1      6      2      5 -0.820934059085595     
      2      3      3      5   1.05784100000000     
      1      4      3      5   1.05784100000000     
      3      5      3      5  0.924305000000001     
      2      6      3      5 -0.947933000000001     
      5      6      3      5  0.000000000000000E+000
      2      4      4      5   1.05784100000000     
      4      5      4      5   1.39827150000000     
      3      6      4      5 -0.820934059085595     
      1      3      1      6   1.05784100000000     
      2      5      1      6 -0.820934059085595     
      1      6      1      6   1.39827150000000     
      2      3      2      6   1.05784100000000     
      1      4      2      6   1.05784100000000     
      3      5      2      6 -0.947933000000001     
      2      6      2      6  0.924305000000001     
      5      6      2      6  0.000000000000000E+000
      2      4      3      6   1.83223435832947     
      4      5      3      6 -0.820934059085595     
      3      6      3      6  0.450338500000000     
      3      4      4      6   2.11568200000000     
      4      6      4      6 -2.362800000000000E-002
      2      3      5      6   3.70521195625304     
      1      4      5      6  -3.70521195625304     
      3      5      5      6  0.000000000000000E+000
      2      6      5      6  0.000000000000000E+000
      5      6      5      6  0.842007000000000     
      1      7      1      7  -5.85696400000000     
      2      7      2      7  -3.43905200000000     
      5      7      2      7   1.09694500000000     
      1      8      2      7  -2.41791200000000     
      1     11      2      7  -1.11038900000000     
      3      7      3      7  -2.52543440000000     
      6      7      3      7  -1.62020664964828     
      2      8      3      7  -1.05495473459276     
      5      8      3      7   2.20206972738969     
      1      9      3      7  -1.50429440000000     
      2     11      3      7  0.299535840486894     
      5     11      3      7  0.986629074510781     
      1     12      3      7  -2.73958929441115     
      4      7      4      7  -2.74418110000000     
      3      8      4      7  0.218746700000002     
      6      8      4      7  -1.62020664964828     
      2      9      4      7  -1.13236430000000     
      5      9      4      7   2.71715164964828     
      1     10      4      7 -0.371930100000000     
      3     11      4      7   1.62920029441115     
      6     11      4      7  -1.08110765000833     
      2     12      4      7  -2.73958929441115     
      5     12      4      7   2.78999933528567     
      2      7      5      7   1.09694500000000     
      5      7      5      7  -3.30928000000000     
      1      8      5      7  -1.09694500000000     
      1     11      5      7  -2.80225650000000     
      3      7      6      7  -1.62020664964828     
      6      7      6      7  -3.23387275000000     
      2      8      6      7   2.50417498167073     
      5      8      6      7 -4.353639608634907E-002
      1      9      6      7  -2.71715164964828     
      2     11      6      7  0.873472356231582     
      5     11      6      7  -2.07177781207358     
      1     12      6      7  -4.31515500000000     
      2      7      1      8  -2.41791200000000     
      5      7      1      8  -1.09694500000000     
      1      8      1      8  -3.43905200000000     
      1     11      1      8   1.11038900000000     
      3      7      2      8  -1.05495473459276     
      6      7      2      8   2.50417498167073     
      2      8      2      8  -4.63880720000000     
      5      8      2      8  -1.44578609976552     
      1      9      2      8  -1.05495473459276     
      2     11      2      8  -1.45626319627410     
      5     11      2      8  -1.13926112351822     
      1     12      2      8   2.52232184513939     
      4      7      3      8  0.218746700000001     
      3      8      3      8  -3.96233790000000     
      6      8      3      8   1.27136554988276     
      2      9      3      8  -1.59008690000000     
      5      9      3      8 -0.174420549882761     
      1     10      3      8  -1.13236430000000     
      3     11      3      8  -1.28332609813705     
      6     11      3      8   1.65073821176744     
      2     12      3      8  0.172937098137049     
      5     12      3      8  -2.22036877352656     
      4      8      4      8  -2.52543440000000     
      3      9      4      8  -1.05495473459276     
      6      9      4      8 -0.302105254281045     
      2     10      4      8  -1.50429440000000     
      5     10      4      8   2.71715164964828     
      4     11      4      8   1.62920029441115     
      3     12      4      8  -2.22278600465249     
      6     12      4      8  0.986629074510781     
      3      7      5      8   2.20206972738969     
      6      7      5      8 -4.353639608634929E-002
      2      8      5      8  -1.44578609976552     
      5      8      5      8  -3.28414425000000     
      1      9      5      8  0.302105254281044     
      2     11      5      8  -3.30655600000000     
      5     11      5      8   1.19614147750177     
      1     12      5      8  0.873472356231582     
      4      7      6      8  -1.62020664964828     
      3      8      6      8   1.27136554988276     
      6      8      6      8  -3.25900850000000     
      2      9      6      8  0.174420549882761     
      5      9      6      8 -5.027149999999980E-002
      1     10      6      8  -2.71715164964828     
      3     11      6      8   1.00859900000000     
      6     11      6      8  -1.19614147750177     
      2     12      6      8  -3.81085550000000     
      5     12      6      8  -1.19614147750177     
      7      8      7      8  -1.04394500000000     
      7     11      7      8   2.21753200000000     
      3      7      1      9  -1.50429440000000     
      6      7      1      9  -2.71715164964828     
      2      8      1      9  -1.05495473459276     
      5      8      1      9  0.302105254281045     
      1      9      1      9  -2.52543440000000     
      2     11      1      9   2.22278600465249     
      5     11      1      9  0.986629074510781     
      1     12      1      9  -1.62920029441115     
      4      7      2      9  -1.13236430000000     
      3      8      2      9  -1.59008690000000     
      6      8      2      9  0.174420549882761     
      2      9      2      9  -3.96233790000000     
      5      9      2      9  -1.27136554988276     
      1     10      2      9  0.218746700000001     
      3     11      2      9 -0.172937098137049     
      6     11      2      9  -2.22036877352656     
      2     12      2      9   1.28332609813705     
      5     12      2      9   1.65073821176744     
      4      8      3      9  -1.05495473459276     
      3      9      3      9  -4.63880720000000     
      6      9      3      9   1.44578609976552     
      2     10      3      9  -1.05495473459276     
      5     10      3      9  -2.50417498167073     
      4     11      3      9  -2.52232184513939     
      3     12      3      9   1.45626319627410     
      6     12      3      9  -1.13926112351822     
      4      9      4      9  -3.43905200000000     
      3     10      4      9  -2.41791200000000     
      6     10      4      9   1.09694500000000     
      4     12      4      9  -1.11038900000000     
      4      7      5      9   2.71715164964828     
      3      8      5      9 -0.174420549882761     
      6      8      5      9 -5.027149999999980E-002
      2      9      5      9  -1.27136554988276     
      5      9      5      9  -3.25900850000000     
      1     10      5      9   1.62020664964828     
      3     11      5      9  -3.81085550000000     
      6     11      5      9   1.19614147750177     
      2     12      5      9   1.00859900000000     
      5     12      5      9   1.19614147750177     
      4      8      6      9 -0.302105254281044     
      3      9      6      9   1.44578609976552     
      6      9      6      9  -3.28414425000000     
      2     10      6      9  -2.20206972738969     
      5     10      6      9 -4.353639608634929E-002
      4     11      6      9  0.873472356231582     
      3     12      6      9  -3.30655600000000     
      6     12      6      9  -1.19614147750177     
      7      9      7      9  -1.04394500000000     
      8     11      7      9   1.92043904570491     
      7     12      7      9   1.10876600000000     
      8      9      8      9  -2.35434150000000     
      7     10      8      9   1.31039650000000     
      9     11      8      9   1.10876600000000     
      8     12      8      9   1.10876600000000     
     11     12      8      9   3.90007502879887     
      4      7      1     10 -0.371930100000000     
      3      8      1     10  -1.13236430000000     
      6      8      1     10  -2.71715164964828     
      2      9      1     10  0.218746700000002     
      5      9      1     10   1.62020664964828     
      1     10      1     10  -2.74418110000000     
      3     11      1     10   2.73958929441115     
      6     11      1     10   2.78999933528567     
      2     12      1     10  -1.62920029441115     
      5     12      1     10  -1.08110765000833     
      4      8      2     10  -1.50429440000000     
      3      9      2     10  -1.05495473459276     
      6      9      2     10  -2.20206972738969     
      2     10      2     10  -2.52543440000000     
      5     10      2     10   1.62020664964828     
      4     11      2     10   2.73958929441115     
      3     12      2     10 -0.299535840486894     
      6     12      2     10  0.986629074510781     
      4      9      3     10  -2.41791200000000     
      3     10      3     10  -3.43905200000000     
      6     10      3     10  -1.09694500000000     
      4     12      3     10   1.11038900000000     
      4     10      4     10  -5.85696400000000     
      4      8      5     10   2.71715164964828     
      3      9      5     10  -2.50417498167073     
      6      9      5     10 -4.353639608634907E-002
      2     10      5     10   1.62020664964828     
      5     10      5     10  -3.23387275000000     
      4     11      5     10  -4.31515500000000     
      3     12      5     10  0.873472356231582     
      6     12      5     10   2.07177781207358     
      4      9      6     10   1.09694500000000     
      3     10      6     10  -1.09694500000000     
      6     10      6     10  -3.30928000000000     
      4     12      6     10  -2.80225650000000     
      8      9      7     10   1.31039650000000     
      7     10      7     10  -2.35434150000000     
      9     11      7     10   1.10876600000000     
      8     12      7     10   1.10876600000000     
     11     12      7     10  -3.90007502879887     
      8     10      8     10  -1.04394500000000     
     10     11      8     10   1.10876600000000     
      9     12      8     10   1.92043904570491     
      9     10      9     10  -1.04394500000000     
     10     12      9     10   2.21753200000000     
      2      7      1     11  -1.11038900000000     
      5      7      1     11  -2.80225650000000     
      1      8      1     11   1.11038900000000     
      1     11      1     11  -3.41979500000000     
      3      7      2     11  0.299535840486894     
      6      7      2     11  0.873472356231582     
      2      8      2     11  -1.45626319627410     
      5      8      2     11  -3.30655600000000     
      1      9      2     11   2.22278600465249     
      2     11      2     11  -3.40011987500000     
      5     11      2     11   1.21314103162828     
      1     12      2     11 -3.407831614526824E-002
      4      7      3     11   1.62920029441115     
      3      8      3     11  -1.28332609813705     
      6      8      3     11   1.00859900000000     
      2      9      3     11 -0.172937098137049     
      5      9      3     11  -3.81085550000000     
      1     10      3     11   2.73958929441115     
      3     11      3     11  -3.38044475000000     
      6     11      3     11   1.21314103162828     
      2     12      3     11 -3.935024999999981E-002
      5     12      3     11   1.21314103162828     
      4      8      4     11   1.62920029441115     
      3      9      4     11  -2.52232184513939     
      6      9      4     11  0.873472356231582     
      2     10      4     11   2.73958929441115     
      5     10      4     11  -4.31515500000000     
      4     11      4     11  -3.36076962500000     
      3     12      4     11 -3.407831614526846E-002
      6     12      4     11   2.10122190352670     
      3      7      5     11  0.986629074510781     
      6      7      5     11  -2.07177781207358     
      2      8      5     11  -1.13926112351822     
      5      8      5     11   1.19614147750177     
      1      9      5     11  0.986629074510781     
      2     11      5     11   1.21314103162828     
      5     11      5     11  -2.13499400000000     
      1     12      5     11  -2.10122190352670     
      4      7      6     11  -1.08110765000833     
      3      8      6     11   1.65073821176744     
      6      8      6     11  -1.19614147750177     
      2      9      6     11  -2.22036877352656     
      5      9      6     11   1.19614147750177     
      1     10      6     11   2.78999933528567     
      3     11      6     11   1.21314103162828     
      6     11      6     11 -0.945454000000000     
      2     12      6     11  -1.21314103162828     
      5     12      6     11  -1.18954000000000     
      7      8      7     11   2.21753200000000     
      7     11      7     11 -0.521315000000000     
      7      9      8     11   1.92043904570491     
      8     11      8     11 -1.613049999999983E-002
      7     12      8     11 -0.875005221196280     
      8      9      9     11   1.10876600000000     
      7     10      9     11   1.10876600000000     
      9     11      9     11  0.489054000000001     
      8     12      9     11  -1.01036900000000     
     11     12      9     11  0.000000000000000E+000
      8     10     10     11   1.10876600000000     
     10     11     10     11  0.994238500000001     
      9     12     10     11 -0.875005221196280     
      3      7      1     12  -2.73958929441115     
      6      7      1     12  -4.31515500000000     
      2      8      1     12   2.52232184513939     
      5      8      1     12  0.873472356231582     
      1      9      1     12  -1.62920029441115     
      2     11      1     12 -3.407831614526846E-002
      5     11      1     12  -2.10122190352670     
      1     12      1     12  -3.36076962500000     
      4      7      2     12  -2.73958929441115     
      3      8      2     12  0.172937098137049     
      6      8      2     12  -3.81085550000000     
      2      9      2     12   1.28332609813705     
      5      9      2     12   1.00859900000000     
      1     10      2     12  -1.62920029441115     
      3     11      2     12 -3.935024999999981E-002
      6     11      2     12  -1.21314103162828     
      2     12      2     12  -3.38044475000000     
      5     12      2     12  -1.21314103162828     
      4      8      3     12  -2.22278600465249     
      3      9      3     12   1.45626319627410     
      6      9      3     12  -3.30655600000000     
      2     10      3     12 -0.299535840486894     
      5     10      3     12  0.873472356231582     
      4     11      3     12 -3.407831614526824E-002
      3     12      3     12  -3.40011987500000     
      6     12      3     12  -1.21314103162828     
      4      9      4     12  -1.11038900000000     
      3     10      4     12   1.11038900000000     
      6     10      4     12  -2.80225650000000     
      4     12      4     12  -3.41979500000000     
      4      7      5     12   2.78999933528567     
      3      8      5     12  -2.22036877352656     
      6      8      5     12  -1.19614147750177     
      2      9      5     12   1.65073821176744     
      5      9      5     12   1.19614147750177     
      1     10      5     12  -1.08110765000833     
      3     11      5     12   1.21314103162828     
      6     11      5     12  -1.18954000000000     
      2     12      5     12  -1.21314103162828     
      5     12      5     12 -0.945454000000000     
      4      8      6     12  0.986629074510781     
      3      9      6     12  -1.13926112351822     
      6      9      6     12  -1.19614147750177     
      2     10      6     12  0.986629074510781     
      5     10      6     12   2.07177781207358     
      4     11      6     12   2.10122190352670     
      3     12      6     12  -1.21314103162828     
      6     12      6     12  -2.13499400000000     
      7      9      7     12   1.10876600000000     
      8     11      7     12 -0.875005221196280     
      7     12      7     12  0.994238500000001     
      8      9      8     12   1.10876600000000     
      7     10      8     12   1.10876600000000     
      9     11      8     12  -1.01036900000000     
      8     12      8     12  0.489054000000001     
     11     12      8     12  0.000000000000000E+000
      8     10      9     12   1.92043904570491     
     10     11      9     12 -0.875005221196280     
      9     12      9     12 -1.613049999999983E-002
      9     10     10     12   2.21753200000000     
     10     12     10     12 -0.521315000000000     
      8      9     11     12   3.90007502879887     
      7     10     11     12  -3.90007502879887     
      9     11     11     12  0.000000000000000E+000
      8     12     11     12  0.000000000000000E+000
     11     12     11     12  0.460126000000000     
