      1      3      1      3           6           0  0.984034549699385     
      1      3      1      3           4           0  -5.89574808666623     
      1      3      1      3           2           0   5.91897550302797     
      1      3      1      3           0           0  -14.5656315000000     
      1      3      1      4           4           0  -8.66334202375282     
      1      3      1      4           2           0 -0.947215496791462     
      1      3      2      3           4           0  -8.59238796097243     
      1      3      2      3           2           0 -0.955340696632434     
      1      3      2      4           4           0  -6.23862817087798     
      1      3      2      4           2           0 -0.885904303755045     
      1      4      1      3           4           0   8.66334202375282     
      1      4      1      3           2           0  0.947215496791461     
      1      4      1      4           2           0  0.107765097842340     
      1      4      1      4           0           0  -9.58916645322224     
      1      4      2      3           4           0   9.64897991344811     
      1      4      2      3           2           0  -3.98017827760855     
      1      4      2      4           2           0   4.20244380705340     
      2      3      1      3           4           0   8.59238796097243     
      2      3      1      3           2           0  0.955340696632432     
      2      3      1      4           4           0   9.64897991344811     
      2      3      1      4           2           0  -3.98017827760855     
      2      3      2      3           2           0  0.137674172748105     
      2      3      2      3           0           0  -9.25341535972881     
      2      3      2      4           2           0   4.14355562414715     
      2      4      1      3           4           0  -6.23862817087798     
      2      4      1      3           2           0 -0.885904303755045     
      2      4      1      4           2           0  -4.20244380705340     
      2      4      2      3           2           0  -4.14355562414715     
      2      4      2      4           2           0   2.06034371763548     
      2      4      2      4           0           0  -3.08044800000000     
      3      1      3      1           6           0  0.984034549699385     
      3      1      3      1           4           0  -5.89574808666623     
      3      1      3      1           2           0   5.91897550302797     
      3      1      3      1           0           0  -14.5656315000000     
      3      1      3      2           4           0  -8.59238796097243     
      3      1      3      2           2           0 -0.955340696632434     
      3      1      4      1           4           0  -8.66334202375282     
      3      1      4      1           2           0 -0.947215496791462     
      3      1      4      2           4           0  -6.23862817087798     
      3      1      4      2           2           0 -0.885904303755045     
      3      2      3      1           4           0   8.59238796097243     
      3      2      3      1           2           0  0.955340696632432     
      3      2      3      2           2           0  0.137674172748105     
      3      2      3      2           0           0  -9.25341535972881     
      3      2      4      1           4           0   9.64897991344811     
      3      2      4      1           2           0  -3.98017827760855     
      3      2      4      2           2           0   4.14355562414715     
      4      1      3      1           4           0   8.66334202375282     
      4      1      3      1           2           0  0.947215496791461     
      4      1      3      2           4           0   9.64897991344811     
      4      1      3      2           2           0  -3.98017827760855     
      4      1      4      1           2           0  0.107765097842340     
      4      1      4      1           0           0  -9.58916645322224     
      4      1      4      2           2           0   4.20244380705340     
      4      2      3      1           4           0  -6.23862817087798     
      4      2      3      1           2           0 -0.885904303755045     
      4      2      3      2           2           0  -4.14355562414715     
      4      2      4      1           2           0  -4.20244380705340     
      4      2      4      2           2           0   2.06034371763548     
      4      2      4      2           0           0  -3.08044800000000     
          60           6
   1   1   3   3   0   0   0   0-14.5656   1   1
   1   1   3   3   2   0   0   0  5.9190   1   1
   1   1   3   3   4   0   0   0 -5.8957   1   1
   1   1   3   3   6   0   0   0  0.9840   1   1
   1   1   3   4   2   0   0   0 -0.9472   1   1
   1   1   3   4   4   0   0   0 -8.6633   1   1
   1   1   4   3   2   0   0   0  0.9472   1   1
   1   1   4   3   4   0   0   0  8.6633   1   1
   1   1   4   4   0   0   0   0 -9.5892   1   1
   1   1   4   4   2   0   0   0  0.1078   1   1
   1   2   3   3   2   0   0   0 -0.9553   1   1
   1   2   3   3   4   0   0   0 -8.5924   1   1
   1   2   3   4   2   0   0   0 -0.8859   1   1
   1   2   3   4   4   0   0   0 -6.2386   1   1
   1   2   4   3   2   0   0   0 -3.9802   1   1
   1   2   4   3   4   0   0   0  9.6490   1   1
   1   2   4   4   2   0   0   0  4.2024   1   1
   2   1   3   3   2   0   0   0  0.9553   1   1
   2   1   3   3   4   0   0   0  8.5924   1   1
   2   1   3   4   2   0   0   0 -3.9802   1   1
   2   1   3   4   4   0   0   0  9.6490   1   1
   2   1   4   3   2   0   0   0 -0.8859   1   1
   2   1   4   3   4   0   0   0 -6.2386   1   1
   2   1   4   4   2   0   0   0 -4.2024   1   1
   2   2   3   3   0   0   0   0 -9.2534   1   1
   2   2   3   3   2   0   0   0  0.1377   1   1
   2   2   3   4   2   0   0   0  4.1436   1   1
   2   2   4   3   2   0   0   0 -4.1436   1   1
   2   2   4   4   0   0   0   0 -3.0804   1   1
   2   2   4   4   2   0   0   0  2.0603   1   1
   3   3   1   1   0   0   0   0-14.5656   1   1
   3   3   1   1   2   0   0   0  5.9190   1   1
   3   3   1   1   4   0   0   0 -5.8957   1   1
   3   3   1   1   6   0   0   0  0.9840   1   1
   3   3   1   2   2   0   0   0 -0.9553   1   1
   3   3   1   2   4   0   0   0 -8.5924   1   1
   3   3   2   1   2   0   0   0  0.9553   1   1
   3   3   2   1   4   0   0   0  8.5924   1   1
   3   3   2   2   0   0   0   0 -9.2534   1   1
   3   3   2   2   2   0   0   0  0.1377   1   1
   3   4   1   1   2   0   0   0 -0.9472   1   1
   3   4   1   1   4   0   0   0 -8.6633   1   1
   3   4   1   2   2   0   0   0 -0.8859   1   1
   3   4   1   2   4   0   0   0 -6.2386   1   1
   3   4   2   1   2   0   0   0 -3.9802   1   1
   3   4   2   1   4   0   0   0  9.6490   1   1
   3   4   2   2   2   0   0   0  4.1436   1   1
   4   3   1   1   2   0   0   0  0.9472   1   1
   4   3   1   1   4   0   0   0  8.6633   1   1
   4   3   1   2   2   0   0   0 -3.9802   1   1
   4   3   1   2   4   0   0   0  9.6490   1   1
   4   3   2   1   2   0   0   0 -0.8859   1   1
   4   3   2   1   4   0   0   0 -6.2386   1   1
   4   3   2   2   2   0   0   0 -4.1436   1   1
   4   4   1   1   0   0   0   0 -9.5892   1   1
   4   4   1   1   2   0   0   0  0.1078   1   1
   4   4   1   2   2   0   0   0  4.2024   1   1
   4   4   2   1   2   0   0   0 -4.2024   1   1
   4   4   2   2   0   0   0   0 -3.0804   1   1
   4   4   2   2   2   0   0   0  2.0603   1   1
