 ! Total Interaction
  54
   1   3   1   3     0     0   0.0000
   1   3   2   4     0     0   0.0000
   2   4   2   4     0     0   0.0000
   1   3   1   3     1     0  -2.8116
   1   3   2   3     1     0  -6.4658
   2   3   2   3     1     0  -6.4175
   1   4   2   3     1     0   9.6389
   1   3   1   4     1     0   6.5126
   1   4   1   4     1     0  -6.6822
   1   3   2   4     1     0   1.8013
   2   3   2   4     1     0  -3.3832
   1   4   2   4     1     0   3.4313
   2   4   2   4     1     0  -2.1350
   1   3   1   3     2     0   0.0000
   1   3   2   3     2     0   0.0000
   2   3   2   3     2     0   0.0000
   1   4   2   3     2     0   0.0000
   1   3   1   4     2     0   0.0000
   1   4   1   4     2     0   0.0000
   1   3   1   3     3     0  -5.8570
   1   1   1   1     0     1  -2.9129
   1   1   2   2     0     1  -5.2400
   2   2   2   2     0     1   0.8420
   1   3   1   3     0     1  -3.7234
   3   3   3   3     0     1  -3.6647
   1   3   2   4     0     1  -5.4746
   2   4   2   4     0     1   0.2441
   3   3   4   4     0     1  -5.5155
   4   4   4   4     0     1   0.4601
   1   2   1   2     1     1   1.8722
   1   3   1   3     1     1   0.0000
   1   3   2   3     1     1   0.0000
   2   3   2   3     1     1   0.0000
   1   4   2   3     1     1   0.0000
   1   3   1   4     1     1   0.0000
   1   4   1   4     1     1   0.0000
   1   3   2   4     1     1   0.0000
   2   3   2   4     1     1   0.0000
   1   4   2   4     1     1   0.0000
   2   4   2   4     1     1   0.0000
   3   4   3   4     1     1   1.4994
   1   1   1   1     2     1  -0.4584
   1   1   1   2     2     1  -2.1157
   1   2   1   2     2     1  -0.0236
   1   3   1   3     2     1  -1.0211
   1   3   2   3     2     1   2.1939
   2   3   2   3     2     1  -6.6186
   1   4   2   3     2     1  -5.6045
   3   3   3   3     2     1  -1.0439
   1   3   1   4     2     1  -2.2208
   1   4   1   4     2     1  -6.8396
   3   3   3   4     2     1  -2.2175
   3   4   3   4     2     1  -0.5213
   1   3   1   3     3     1   0.0000
