############################################################################################################
# initial vector basename: n_140
# final   vector basename: n_140
# Operator file: Rn2.int
# Zero body term: 1.05173
# Jf  nJf     Ji  nJi      Ei          Ef         <Op1b>          <Op2b>         <Op1b+2b>     <Op0b+1b+2b>
###########################################################################################################
 0.0   1     0.0   1    -90.381     -90.381    5.625335e+00   -1.171481e+00    4.453854e+00    5.505584e+00
 0.0   1     0.0   2    -90.381     -73.228    1.867672e-01    2.762394e-02    2.143911e-01    2.143911e-01
 0.0   2     0.0   1    -73.228     -90.381    0.000000e+00    0.000000e+00    0.000000e+00    0.000000e+00
 0.0   2     0.0   2    -73.228     -73.228    6.075794e+00   -9.005247e-01    5.175269e+00    6.226999e+00
 1.0   1     1.0   1    -93.469     -93.469    5.698556e+00   -1.271623e+00    4.426933e+00    5.478663e+00
 1.0   1     1.0   2    -93.469     -88.486    1.584009e-01    1.388743e-03    1.597897e-01    1.597897e-01
 1.0   2     1.0   1    -88.486     -93.469    0.000000e+00    0.000000e+00    0.000000e+00    0.000000e+00
 1.0   2     1.0   2    -88.486     -88.486    5.763940e+00   -1.100220e+00    4.663721e+00    5.715451e+00
