############################################################################################################
# initial vector basename: c_140
# final   vector basename: c_140
# Operator file: VCoul.int
# Zero body term: 1.3132
# Jf  nJf     Ji  nJi      Ei          Ef         <Op1b>          <Op2b>         <Op1b+2b>     <Op0b+1b+2b>
###########################################################################################################
 0.0   1     0.0   1    -92.950     -92.950    2.586884e+00    4.934636e+00    7.521520e+00    8.834720e+00
 0.0   1     0.0   2    -92.950     -75.954   -8.980541e-02   -1.355062e-01   -2.253116e-01   -2.253116e-01
 0.0   2     0.0   1    -75.954     -92.950    0.000000e+00    0.000000e+00    0.000000e+00    0.000000e+00
 0.0   2     0.0   2    -75.954     -75.954    2.357548e+00    3.844796e+00    6.202345e+00    7.515545e+00
 1.0   1     1.0   1    -81.544     -81.544    2.472216e+00    4.252611e+00    6.724827e+00    8.038027e+00
 1.0   1     1.0   2    -81.544       0.000    0.000000e+00    0.000000e+00    0.000000e+00    0.000000e+00
 1.0   2     1.0   1      0.000     -81.544    0.000000e+00    0.000000e+00    0.000000e+00    0.000000e+00
 1.0   2     1.0   2      0.000       0.000    0.000000e+00    0.000000e+00    0.000000e+00    1.313200e+00
