############################################################################################################
# initial vector basename: o_140
# final   vector basename: o_140
# Operator file: VCoul.int
# Zero body term: 1.3132
# Jf  nJf     Ji  nJi      Ei          Ef         <Op1b>          <Op2b>         <Op1b+2b>     <Op0b+1b+2b>
###########################################################################################################
 0.0   1     0.0   1    -86.871     -86.871    4.017792e+00    8.679083e+00    1.269687e+01    1.401007e+01
 0.0   1     0.0   2    -86.871     -69.759    6.399216e-02   -1.308873e-01   -6.689519e-02   -6.689519e-02
 0.0   2     0.0   1    -69.759     -86.871    0.000000e+00    0.000000e+00    0.000000e+00    0.000000e+00
 0.0   2     0.0   2    -69.759     -69.759    4.169571e+00    8.406827e+00    1.257640e+01    1.388960e+01
 1.0   1     1.0   1    -75.214     -75.214    4.093682e+00    8.552758e+00    1.264644e+01    1.395964e+01
 1.0   1     1.0   2    -75.214       0.000    0.000000e+00    0.000000e+00    0.000000e+00    0.000000e+00
 1.0   2     1.0   1      0.000     -75.214    0.000000e+00    0.000000e+00    0.000000e+00    0.000000e+00
 1.0   2     1.0   2      0.000       0.000    0.000000e+00    0.000000e+00    0.000000e+00    1.313200e+00
