############################################################################################################
# initial vector basename: n_140
# final   vector basename: n_140
# Operator file: VCoul.int
# Zero body term: 1.3132
# Jf  nJf     Ji  nJi      Ei          Ef         <Op1b>          <Op2b>         <Op1b+2b>     <Op0b+1b+2b>
###########################################################################################################
 0.0   1     0.0   1    -90.381     -90.381    3.300800e+00    6.540720e+00    9.841520e+00    1.115472e+01
 0.0   1     0.0   2    -90.381     -73.228   -1.480249e-02   -1.698774e-01   -1.846798e-01   -1.846798e-01
 0.0   2     0.0   1    -73.228     -90.381    0.000000e+00    0.000000e+00    0.000000e+00    0.000000e+00
 0.0   2     0.0   2    -73.228     -73.228    3.265098e+00    5.890103e+00    9.155201e+00    1.046840e+01
 1.0   1     1.0   1    -93.469     -93.469    3.294090e+00    6.534984e+00    9.829075e+00    1.114227e+01
 1.0   1     1.0   2    -93.469     -88.486   -1.341809e-02   -1.605385e-01   -1.739566e-01   -1.739566e-01
 1.0   2     1.0   1    -88.486     -93.469    0.000000e+00    0.000000e+00    0.000000e+00    0.000000e+00
 1.0   2     1.0   2    -88.486     -88.486    3.288996e+00    6.354953e+00    9.643948e+00    1.095715e+01
