############################################################################################################
# initial vector basename: c_140
# final   vector basename: c_140
# Operator file: Rn2.int
# Zero body term: 1.05173
# Jf  nJf     Ji  nJi      Ei          Ef         <Op1b>          <Op2b>         <Op1b+2b>     <Op0b+1b+2b>
###########################################################################################################
 0.0   1     0.0   1    -92.950     -92.950    6.930098e+00   -1.020374e+00    5.909724e+00    6.961454e+00
 0.0   1     0.0   2    -92.950     -75.954    9.161479e-02    2.719053e-02    1.188053e-01    1.188053e-01
 0.0   2     0.0   1    -75.954     -92.950    0.000000e+00    0.000000e+00    0.000000e+00    0.000000e+00
 0.0   2     0.0   2    -75.954     -75.954    7.164053e+00   -1.017981e+00    6.146072e+00    7.197802e+00
 1.0   1     1.0   1    -81.544     -81.544    7.047075e+00   -1.050780e+00    5.996295e+00    7.048025e+00
 1.0   1     1.0   2    -81.544       0.000    0.000000e+00    0.000000e+00    0.000000e+00    0.000000e+00
 1.0   2     1.0   1      0.000     -81.544    0.000000e+00    0.000000e+00    0.000000e+00    0.000000e+00
 1.0   2     1.0   2      0.000       0.000    0.000000e+00    0.000000e+00    0.000000e+00    1.051730e+00
