############################################################################################################
# initial vector basename: o_140
# final   vector basename: o_140
# Operator file: Rp2.int
# Zero body term: 1.06877
# Jf  nJf     Ji  nJi      Ei          Ef         <Op1b>          <Op2b>         <Op1b+2b>     <Op0b+1b+2b>
###########################################################################################################
 0.0   1     0.0   1    -86.871     -86.871    7.178885e+00   -1.093740e+00    6.085145e+00    7.153915e+00
 0.0   1     0.0   2    -86.871     -69.759    1.234387e-01    2.367884e-02    1.471176e-01    1.471176e-01
 0.0   2     0.0   1    -69.759     -86.871    0.000000e+00    0.000000e+00    0.000000e+00    0.000000e+00
 0.0   2     0.0   2    -69.759     -69.759    7.471661e+00   -1.109519e+00    6.362142e+00    7.430912e+00
 1.0   1     1.0   1    -75.214     -75.214    7.325274e+00   -1.137691e+00    6.187583e+00    7.256353e+00
 1.0   1     1.0   2    -75.214       0.000    0.000000e+00    0.000000e+00    0.000000e+00    0.000000e+00
 1.0   2     1.0   1      0.000     -75.214    0.000000e+00    0.000000e+00    0.000000e+00    0.000000e+00
 1.0   2     1.0   2      0.000       0.000    0.000000e+00    0.000000e+00    0.000000e+00    1.068770e+00
