 ! Total Interaction
 256
   1   4   1   4     0     0   0.0000
   1   4   2   5     0     0   0.0000
   2   5   2   5     0     0   0.0000
   1   4   3   6     0     0   0.0000
   2   5   3   6     0     0   0.0000
   3   6   3   6     0     0   0.0000
   1   4   1   4     1     0  -1.4764
   1   4   2   4     1     0  -4.2874
   2   4   2   4     1     0  -5.7397
   1   5   2   4     1     0   6.8866
   1   4   1   5     1     0   4.3554
   1   5   1   5     1     0  -6.1568
   1   4   2   5     1     0   1.4144
   2   4   2   5     1     0  -0.3442
   1   5   2   5     1     0   0.3821
   2   5   2   5     1     0   0.1673
   1   4   3   5     1     0   0.1040
   2   4   3   5     1     0   2.6577
   1   5   3   5     1     0  -2.5558
   2   5   3   5     1     0   0.9946
   3   5   3   5     1     0  -3.0155
   2   6   3   5     1     0   3.5581
   1   4   2   6     1     0  -0.0628
   2   4   2   6     1     0  -2.5223
   1   5   2   6     1     0   2.7606
   2   5   2   6     1     0  -1.0181
   2   6   2   6     1     0  -3.0991
   1   4   3   6     1     0  -0.8974
   2   4   3   6     1     0  -2.4296
   1   5   3   6     1     0   2.5249
   2   5   3   6     1     0  -0.2371
   3   5   3   6     1     0   0.9091
   2   6   3   6     1     0  -0.8945
   3   6   3   6     1     0  -2.6001
   1   4   1   4     2     0   0.0000
   1   4   2   4     2     0   0.0000
   2   4   2   4     2     0   0.0000
   1   5   2   4     2     0   0.0000
   1   6   2   4     2     0   0.0000
   1   4   3   4     2     0   0.0000
   2   4   3   4     2     0   0.0000
   3   4   3   4     2     0   0.0000
   1   5   3   4     2     0   0.0000
   2   5   3   4     2     0   0.0000
   1   6   3   4     2     0   0.0000
   2   6   3   4     2     0   0.0000
   1   4   1   5     2     0   0.0000
   1   5   1   5     2     0   0.0000
   1   4   2   5     2     0   0.0000
   2   4   2   5     2     0   0.0000
   1   5   2   5     2     0   0.0000
   2   5   2   5     2     0   0.0000
   1   6   2   5     2     0   0.0000
   1   4   3   5     2     0   0.0000
   2   4   3   5     2     0   0.0000
   3   4   3   5     2     0   0.0000
   1   5   3   5     2     0   0.0000
   2   5   3   5     2     0   0.0000
   3   5   3   5     2     0   0.0000
   1   6   3   5     2     0   0.0000
   2   6   3   5     2     0   0.0000
   1   4   1   6     2     0   0.0000
   1   5   1   6     2     0   0.0000
   1   6   1   6     2     0   0.0000
   1   4   2   6     2     0   0.0000
   2   4   2   6     2     0   0.0000
   1   5   2   6     2     0   0.0000
   2   5   2   6     2     0   0.0000
   1   6   2   6     2     0   0.0000
   2   6   2   6     2     0   0.0000
   1   4   1   4     3     0  -1.1742
   1   4   2   4     3     0  -1.8279
   2   4   2   4     3     0  -0.8245
   1   5   2   4     3     0   1.3569
   1   6   2   4     3     0  -1.5218
   1   4   3   4     3     0  -1.8014
   2   4   3   4     3     0  -0.9692
   3   4   3   4     3     0  -2.8440
   1   5   3   4     3     0   1.4594
   2   5   3   4     3     0   0.1749
   1   6   3   4     3     0  -3.9277
   1   4   1   5     3     0   1.8753
   1   5   1   5     3     0  -0.9770
   1   4   2   5     3     0   0.3076
   2   4   2   5     3     0  -2.2733
   1   5   2   5     3     0   2.3547
   2   5   2   5     3     0  -2.6538
   1   6   2   5     3     0   0.1077
   1   4   1   6     3     0  -1.8989
   1   5   1   6     3     0   1.0844
   1   6   1   6     3     0  -3.1045
   1   4   1   4     4     0   0.0000
   1   4   2   4     4     0   0.0000
   2   4   2   4     4     0   0.0000
   1   5   2   4     4     0   0.0000
   1   4   1   5     4     0   0.0000
   1   5   1   5     4     0   0.0000
   1   4   1   4     5     0  -3.7793
   1   1   1   1     0     1  -1.5817
   1   1   2   2     0     1  -3.9306
   2   2   2   2     0     1   0.0576
   1   1   3   3     0     1  -1.1909
   2   2   3   3     0     1  -0.9437
   3   3   3   3     0     1  -0.7098
   1   4   1   4     0     1  -2.2342
   4   4   4   4     0     1  -2.1434
   1   4   2   5     0     1  -4.1907
   2   5   2   5     0     1  -0.4313
   4   4   5   5     0     1  -4.2611
   5   5   5   5     0     1  -0.2523
   1   4   3   6     0     1  -1.3087
   2   5   3   6     0     1  -1.0418
   3   6   3   6     0     1  -1.1745
   4   4   6   6     0     1  -1.3251
   5   5   6   6     0     1  -1.0283
   6   6   6   6     0     1  -1.1348
   1   2   1   2     1     1   0.7498
   1   2   2   3     1     1   0.0800
   2   3   2   3     1     1   0.5043
   1   4   1   4     1     1   0.0000
   1   4   2   4     1     1   0.0000
   2   4   2   4     1     1   0.0000
   1   5   2   4     1     1   0.0000
   1   4   1   5     1     1   0.0000
   1   5   1   5     1     1   0.0000
   1   4   2   5     1     1   0.0000
   2   4   2   5     1     1   0.0000
   1   5   2   5     1     1   0.0000
   2   5   2   5     1     1   0.0000
   1   4   3   5     1     1   0.0000
   2   4   3   5     1     1   0.0000
   1   5   3   5     1     1   0.0000
   2   5   3   5     1     1   0.0000
   3   5   3   5     1     1   0.0000
   2   6   3   5     1     1   0.0000
   4   5   4   5     1     1   0.4375
   1   4   2   6     1     1   0.0000
   2   4   2   6     1     1   0.0000
   1   5   2   6     1     1   0.0000
   2   5   2   6     1     1   0.0000
   2   6   2   6     1     1   0.0000
   1   4   3   6     1     1   0.0000
   2   4   3   6     1     1   0.0000
   1   5   3   6     1     1   0.0000
   2   5   3   6     1     1   0.0000
   3   5   3   6     1     1   0.0000
   2   6   3   6     1     1   0.0000
   3   6   3   6     1     1   0.0000
   4   5   5   6     1     1   0.0905
   5   6   5   6     1     1   0.2600
   1   1   1   1     2     1  -0.3875
   1   1   1   2     2     1  -0.2573
   1   2   1   2     2     1   0.6469
   1   1   2   2     2     1  -0.8876
   1   2   2   2     2     1  -0.7391
   2   2   2   2     2     1   0.2202
   1   3   2   2     2     1  -0.4622
   1   1   1   3     2     1  -0.8018
   1   2   1   3     2     1   0.1582
   1   3   1   3     2     1  -0.3461
   1   1   2   3     2     1   0.8692
   1   2   2   3     2     1   0.7325
   2   2   2   3     2     1   0.1736
   1   3   2   3     2     1   1.1362
   2   3   2   3     2     1   0.2426
   1   4   1   4     2     1  -0.8518
   1   4   2   4     2     1   0.2568
   2   4   2   4     2     1  -4.2017
   1   5   2   4     2     1  -4.8560
   1   6   2   4     2     1  -1.5275
   1   4   3   4     2     1  -0.8481
   2   4   3   4     2     1   1.1461
   3   4   3   4     2     1  -1.1051
   1   5   3   4     2     1   1.4656
   2   5   3   4     2     1  -0.4677
   1   6   3   4     2     1  -0.3688
   2   6   3   4     2     1   3.4866
   4   4   4   4     2     1  -0.8496
   1   4   1   5     2     1  -0.2755
   1   5   1   5     2     1  -4.4111
   1   4   2   5     2     1  -0.9549
   2   4   2   5     2     1   0.7775
   1   5   2   5     2     1  -0.8008
   2   5   2   5     2     1  -0.1217
   1   6   2   5     2     1  -0.5212
   1   4   3   5     2     1  -0.9128
   2   4   3   5     2     1  -0.5456
   3   4   3   5     2     1   1.0750
   1   5   3   5     2     1  -2.1327
   2   5   3   5     2     1  -0.2123
   3   5   3   5     2     1  -1.5142
   1   6   3   5     2     1  -3.5821
   2   6   3   5     2     1  -1.3415
   4   4   4   5     2     1  -0.2455
   4   5   4   5     2     1   0.3158
   4   4   5   5     2     1  -0.9598
   4   5   5   5     2     1  -0.8189
   5   5   5   5     2     1  -0.0584
   4   6   5   5     2     1  -0.5171
   1   4   1   6     2     1  -0.8909
   1   5   1   6     2     1  -1.2706
   1   6   1   6     2     1  -1.2687
   1   4   2   6     2     1   0.9621
   2   4   2   6     2     1  -2.1628
   1   5   2   6     2     1  -0.6212
   2   5   2   6     2     1   0.2164
   1   6   2   6     2     1  -1.1056
   2   6   2   6     2     1  -1.5423
   4   4   4   6     2     1  -0.8926
   4   5   4   6     2     1   0.1722
   4   6   4   6     2     1  -0.7625
   4   4   5   6     2     1   0.9691
   4   5   5   6     2     1   0.8146
   5   5   5   6     2     1   0.1840
   4   6   5   6     2     1   1.2756
   5   6   5   6     2     1  -0.0116
   1   2   1   2     3     1   0.5218
   1   2   1   3     3     1  -0.1956
   1   3   1   3     3     1   0.7835
   1   4   1   4     3     1   0.0000
   1   4   2   4     3     1   0.0000
   2   4   2   4     3     1   0.0000
   1   5   2   4     3     1   0.0000
   1   6   2   4     3     1   0.0000
   1   4   3   4     3     1   0.0000
   2   4   3   4     3     1   0.0000
   3   4   3   4     3     1   0.0000
   1   5   3   4     3     1   0.0000
   2   5   3   4     3     1   0.0000
   1   6   3   4     3     1   0.0000
   1   4   1   5     3     1   0.0000
   1   5   1   5     3     1   0.0000
   1   4   2   5     3     1   0.0000
   2   4   2   5     3     1   0.0000
   1   5   2   5     3     1   0.0000
   2   5   2   5     3     1   0.0000
   1   6   2   5     3     1   0.0000
   4   5   4   5     3     1   0.2317
   1   4   1   6     3     1   0.0000
   1   5   1   6     3     1   0.0000
   1   6   1   6     3     1   0.0000
   4   5   4   6     3     1  -0.2273
   4   6   4   6     3     1   0.4995
   1   1   1   1     4     1   0.3456
   1   1   1   2     4     1  -1.3015
   1   2   1   2     4     1  -0.3909
   1   4   1   4     4     1  -0.0646
   1   4   2   4     4     1   1.3603
   2   4   2   4     4     1  -4.8818
   1   5   2   4     4     1  -3.3570
   4   4   4   4     4     1  -0.0547
   1   4   1   5     4     1  -1.3996
   1   5   1   5     4     1  -5.1402
   4   4   4   5     4     1  -1.4108
   4   5   4   5     4     1  -0.7886
   1   4   1   4     5     1   0.0000
