      1      4      1      4          10           0  0.255963426822975     
      1      4      1      4           8           0  -2.04144708333333     
      1      4      1      4           6           0   2.60884218785912     
      1      4      1      4           4           0  -6.23206400262548     
      1      4      1      4           2           0   5.26502061858429     
      1      4      1      4           0           0  -10.2159795000000     
      1      4      1      5           8           0  -5.14767356323996     
      1      4      1      5           6           0  0.317312681474722     
      1      4      1      5           4           0  -4.69785661523422     
      1      4      1      5           2           0  -1.04794174386264     
      1      4      1      6           6           0  0.556374285478699     
      1      4      1      6           4           0  -3.78078358403494     
      1      4      2      4           8           0  -5.03826245997969     
      1      4      2      4           6           0  0.271815823713838     
      1      4      2      4           4           0  -4.60543322120176     
      1      4      2      4           2           0  -1.04484734799657     
      1      4      2      5           8           0  -5.12563987371029     
      1      4      2      5           6           0 -0.280861669024260     
      1      4      2      5           4           0  -1.20009659222030     
      1      4      2      5           2           0 -0.996879544565122     
      1      4      2      6           6           0  0.941139635796701     
      1      4      2      6           4           0  -1.19768987984472     
      1      4      3      4           6           0  0.523685996320476     
      1      4      3      4           4           0  -3.58907962931332     
      1      4      3      5           6           0  0.937239891087255     
      1      4      3      5           4           0  -1.10487186924763     
      1      4      3      6           6           0  3.863026648650236E-003
      1      4      3      6           4           0  -2.03195364104404     
      1      5      1      4           8           0   5.14767356323996     
      1      5      1      4           6           0 -0.317312681474722     
      1      5      1      4           4           0   4.69785661523422     
      1      5      1      4           2           0   1.04794174386264     
      1      5      1      5           6           0   1.45484129929475     
      1      5      1      5           4           0  -4.52028580823013     
      1      5      1      5           2           0  9.636521179645907E-002
      1      5      1      5           0           0  -9.55581068218905     
      1      5      1      6           4           0   1.98816498361420     
      1      5      1      6           2           0 -0.351158389825161     
      1      5      2      4           8           0   8.11073067857143     
      1      5      2      4           6           0  -2.56057937934992     
      1      5      2      4           4           0   1.69310850670955     
      1      5      2      4           2           0  -4.29145032438918     
      1      5      2      5           6           0   2.03201797671211     
      1      5      2      5           4           0  -3.14242622296132     
      1      5      2      5           2           0   2.68792545944933     
      1      5      2      6           4           0   2.10220853555583     
      1      5      2      6           2           0   1.33370303552860     
      1      5      3      4           6           0  0.901389536798519     
      1      5      3      4           4           0   2.36638803586888     
      1      5      3      5           6           0  -1.22742145057418     
      1      5      3      5           4           0  -3.01298336639673     
      1      5      3      6           4           0   3.09240731557148     
      1      6      1      4           6           0  0.556374285478699     
      1      6      1      4           4           0  -3.78078358403494     
      1      6      1      5           4           0  -1.98816498361420     
      1      6      1      5           2           0  0.351158389825161     
      1      6      1      6           2           0   1.56761439250418     
      1      6      1      6           0           0  -4.05224977773690     
      1      6      2      4           6           0 -0.939067520636813     
      1      6      2      4           4           0  -2.46732012251694     
      1      6      2      5           4           0 -0.842069971080735     
      1      6      2      5           2           0 -0.102808532856425     
      1      6      2      6           2           0  -1.23606707301020     
      1      6      3      4           6           0  0.459367248507934     
      1      6      3      4           4           0  -5.19188039756322     
      1      6      3      5           4           0  -4.00492967571280     
      2      4      1      4           8           0   5.03826245997969     
      2      4      1      4           6           0 -0.271815823713838     
      2      4      1      4           4           0   4.60543322120176     
      2      4      1      4           2           0   1.04484734799657     
      2      4      1      5           8           0   8.11073067857143     
      2      4      1      5           6           0  -2.56057937934992     
      2      4      1      5           4           0   1.69310850670955     
      2      4      1      5           2           0  -4.29145032438918     
      2      4      1      6           6           0  0.939067520636812     
      2      4      1      6           4           0   2.46732012251694     
      2      4      2      4           6           0   1.49637025915598     
      2      4      2      4           4           0  -4.33353449618547     
      2      4      2      4           2           0  0.143171535967786     
      2      4      2      4           0           0  -8.97484672665802     
      2      4      2      5           6           0   1.94361212515421     
      2      4      2      5           4           0  -3.05513721728141     
      2      4      2      5           2           0   2.58181059167042     
      2      4      2      6           6           0  -1.18839298484438     
      2      4      2      6           4           0  -3.03420956928438     
      2      4      3      4           4           0   1.78648103361822     
      2      4      3      4           2           0 -0.306980949929123     
      2      4      3      5           4           0   1.97988215242951     
      2      4      3      5           2           0   1.32272104631980     
      2      4      3      6           4           0   2.97558135177918     
      2      5      1      4           8           0  -5.12563987371029     
      2      5      1      4           6           0 -0.280861669024261     
      2      5      1      4           4           0  -1.20009659222030     
      2      5      1      4           2           0 -0.996879544565122     
      2      5      1      5           6           0  -2.03201797671211     
      2      5      1      5           4           0   3.14242622296132     
      2      5      1      5           2           0  -2.68792545944933     
      2      5      1      6           4           0 -0.842069971080735     
      2      5      1      6           2           0 -0.102808532856425     
      2      5      2      4           6           0  -1.94361212515421     
      2      5      2      4           4           0   3.05513721728140     
      2      5      2      4           2           0  -2.58181059167042     
      2      5      2      5           6           0 -0.213892457553878     
      2      5      2      5           4           0  -2.05789528596764     
      2      5      2      5           2           0   4.74639295456873     
      2      5      2      5           0           0  -4.77863375000000     
      2      5      2      6           4           0   1.25095763276740     
      2      5      2      6           2           0  0.327201308648047     
      2      5      3      4           4           0 -0.807440549367614     
      2      5      3      4           2           0  4.454815827198888E-002
      2      5      3      5           4           0   1.22273792269679     
      2      5      3      5           2           0  0.318359503966258     
      2      5      3      6           4           0 -0.572152592017221     
      2      5      3      6           2           0 -0.962601556917490     
      2      6      1      4           6           0 -0.941139635796701     
      2      6      1      4           4           0   1.19768987984472     
      2      6      1      5           4           0   2.10220853555583     
      2      6      1      5           2           0   1.33370303552860     
      2      6      1      6           2           0   1.23606707301020     
      2      6      2      4           6           0  -1.18839298484438     
      2      6      2      4           4           0  -3.03420956928438     
      2      6      2      5           4           0  -1.25095763276740     
      2      6      2      5           2           0 -0.327201308648047     
      2      6      2      6           2           0  -1.06587494343702     
      2      6      2      6           0           0  -3.00680294202848     
      2      6      3      4           4           0   3.89813842320937     
      2      6      3      5           4           0   3.35853748659155     
      2      6      3      5           2           0 -0.681898227141372     
      2      6      3      6           2           0  -1.09556735557130     
      3      4      1      4           6           0  0.523685996320475     
      3      4      1      4           4           0  -3.58907962931332     
      3      4      1      5           6           0 -0.901389536798519     
      3      4      1      5           4           0  -2.36638803586889     
      3      4      1      6           6           0  0.459367248507934     
      3      4      1      6           4           0  -5.19188039756322     
      3      4      2      4           4           0  -1.78648103361822     
      3      4      2      4           2           0  0.306980949929122     
      3      4      2      5           4           0 -0.807440549367614     
      3      4      2      5           2           0  4.454815827198894E-002
      3      4      2      6           4           0  -3.89813842320937     
      3      4      3      4           2           0   1.48489759027110     
      3      4      3      4           0           0  -3.67095899971003     
      3      4      3      5           2           0  -1.20193237729968     
      3      5      1      4           6           0 -0.937239891087255     
      3      5      1      4           4           0   1.10487186924763     
      3      5      1      5           6           0  -1.22742145057418     
      3      5      1      5           4           0  -3.01298336639673     
      3      5      1      6           4           0   4.00492967571279     
      3      5      2      4           4           0   1.97988215242951     
      3      5      2      4           2           0   1.32272104631980     
      3      5      2      5           4           0  -1.22273792269679     
      3      5      2      5           2           0 -0.318359503966257     
      3      5      2      6           4           0   3.35853748659155     
      3      5      2      6           2           0 -0.681898227141372     
      3      5      3      4           2           0   1.20193237729968     
      3      5      3      5           2           0  -1.02790270783158     
      3      5      3      5           0           0  -2.93759804780036     
      3      5      3      6           2           0  -1.11338371921544     
      3      6      1      4           6           0  3.863026648650458E-003
      3      6      1      4           4           0  -2.03195364104404     
      3      6      1      5           4           0  -3.09240731557148     
      3      6      2      4           4           0  -2.97558135177918     
      3      6      2      5           4           0 -0.572152592017221     
      3      6      2      5           2           0 -0.962601556917490     
      3      6      2      6           2           0   1.09556735557130     
      3      6      3      5           2           0   1.11338371921544     
      3      6      3      6           2           0   1.23459888743187     
      3      6      3      6           0           0  -4.48744600000000     
      4      1      4      1          10           0  0.255963426822975     
      4      1      4      1           8           0  -2.04144708333333     
      4      1      4      1           6           0   2.60884218785912     
      4      1      4      1           4           0  -6.23206400262548     
      4      1      4      1           2           0   5.26502061858429     
      4      1      4      1           0           0  -10.2159795000000     
      4      1      4      2           8           0  -5.03826245997969     
      4      1      4      2           6           0  0.271815823713838     
      4      1      4      2           4           0  -4.60543322120176     
      4      1      4      2           2           0  -1.04484734799657     
      4      1      4      3           6           0  0.523685996320476     
      4      1      4      3           4           0  -3.58907962931332     
      4      1      5      1           8           0  -5.14767356323996     
      4      1      5      1           6           0  0.317312681474722     
      4      1      5      1           4           0  -4.69785661523422     
      4      1      5      1           2           0  -1.04794174386264     
      4      1      5      2           8           0  -5.12563987371029     
      4      1      5      2           6           0 -0.280861669024260     
      4      1      5      2           4           0  -1.20009659222030     
      4      1      5      2           2           0 -0.996879544565122     
      4      1      5      3           6           0  0.937239891087255     
      4      1      5      3           4           0  -1.10487186924763     
      4      1      6      1           6           0  0.556374285478699     
      4      1      6      1           4           0  -3.78078358403494     
      4      1      6      2           6           0  0.941139635796701     
      4      1      6      2           4           0  -1.19768987984472     
      4      1      6      3           6           0  3.863026648650236E-003
      4      1      6      3           4           0  -2.03195364104404     
      4      2      4      1           8           0   5.03826245997969     
      4      2      4      1           6           0 -0.271815823713838     
      4      2      4      1           4           0   4.60543322120176     
      4      2      4      1           2           0   1.04484734799657     
      4      2      4      2           6           0   1.49637025915598     
      4      2      4      2           4           0  -4.33353449618547     
      4      2      4      2           2           0  0.143171535967787     
      4      2      4      2           0           0  -8.97484672665802     
      4      2      4      3           4           0   1.78648103361822     
      4      2      4      3           2           0 -0.306980949929123     
      4      2      5      1           8           0   8.11073067857143     
      4      2      5      1           6           0  -2.56057937934992     
      4      2      5      1           4           0   1.69310850670955     
      4      2      5      1           2           0  -4.29145032438918     
      4      2      5      2           6           0   1.94361212515421     
      4      2      5      2           4           0  -3.05513721728140     
      4      2      5      2           2           0   2.58181059167042     
      4      2      5      3           4           0   1.97988215242951     
      4      2      5      3           2           0   1.32272104631980     
      4      2      6      1           6           0  0.939067520636812     
      4      2      6      1           4           0   2.46732012251694     
      4      2      6      2           6           0  -1.18839298484438     
      4      2      6      2           4           0  -3.03420956928438     
      4      2      6      3           4           0   2.97558135177918     
      4      3      4      1           6           0  0.523685996320475     
      4      3      4      1           4           0  -3.58907962931332     
      4      3      4      2           4           0  -1.78648103361822     
      4      3      4      2           2           0  0.306980949929122     
      4      3      4      3           2           0   1.48489759027110     
      4      3      4      3           0           0  -3.67095899971003     
      4      3      5      1           6           0 -0.901389536798519     
      4      3      5      1           4           0  -2.36638803586889     
      4      3      5      2           4           0 -0.807440549367614     
      4      3      5      2           2           0  4.454815827198894E-002
      4      3      5      3           2           0  -1.20193237729968     
      4      3      6      1           6           0  0.459367248507934     
      4      3      6      1           4           0  -5.19188039756322     
      4      3      6      2           4           0  -3.89813842320937     
      5      1      4      1           8           0   5.14767356323996     
      5      1      4      1           6           0 -0.317312681474722     
      5      1      4      1           4           0   4.69785661523422     
      5      1      4      1           2           0   1.04794174386264     
      5      1      4      2           8           0   8.11073067857143     
      5      1      4      2           6           0  -2.56057937934992     
      5      1      4      2           4           0   1.69310850670955     
      5      1      4      2           2           0  -4.29145032438918     
      5      1      4      3           6           0  0.901389536798519     
      5      1      4      3           4           0   2.36638803586888     
      5      1      5      1           6           0   1.45484129929475     
      5      1      5      1           4           0  -4.52028580823013     
      5      1      5      1           2           0  9.636521179645818E-002
      5      1      5      1           0           0  -9.55581068218905     
      5      1      5      2           6           0   2.03201797671211     
      5      1      5      2           4           0  -3.14242622296132     
      5      1      5      2           2           0   2.68792545944933     
      5      1      5      3           6           0  -1.22742145057418     
      5      1      5      3           4           0  -3.01298336639673     
      5      1      6      1           4           0   1.98816498361420     
      5      1      6      1           2           0 -0.351158389825161     
      5      1      6      2           4           0   2.10220853555583     
      5      1      6      2           2           0   1.33370303552860     
      5      1      6      3           4           0   3.09240731557148     
      5      2      4      1           8           0  -5.12563987371029     
      5      2      4      1           6           0 -0.280861669024261     
      5      2      4      1           4           0  -1.20009659222030     
      5      2      4      1           2           0 -0.996879544565122     
      5      2      4      2           6           0  -1.94361212515421     
      5      2      4      2           4           0   3.05513721728140     
      5      2      4      2           2           0  -2.58181059167042     
      5      2      4      3           4           0 -0.807440549367614     
      5      2      4      3           2           0  4.454815827198888E-002
      5      2      5      1           6           0  -2.03201797671211     
      5      2      5      1           4           0   3.14242622296132     
      5      2      5      1           2           0  -2.68792545944933     
      5      2      5      2           6           0 -0.213892457553878     
      5      2      5      2           4           0  -2.05789528596764     
      5      2      5      2           2           0   4.74639295456873     
      5      2      5      2           0           0  -4.77863375000000     
      5      2      5      3           4           0   1.22273792269679     
      5      2      5      3           2           0  0.318359503966258     
      5      2      6      1           4           0 -0.842069971080735     
      5      2      6      1           2           0 -0.102808532856425     
      5      2      6      2           4           0   1.25095763276740     
      5      2      6      2           2           0  0.327201308648047     
      5      2      6      3           4           0 -0.572152592017221     
      5      2      6      3           2           0 -0.962601556917490     
      5      3      4      1           6           0 -0.937239891087255     
      5      3      4      1           4           0   1.10487186924763     
      5      3      4      2           4           0   1.97988215242951     
      5      3      4      2           2           0   1.32272104631980     
      5      3      4      3           2           0   1.20193237729968     
      5      3      5      1           6           0  -1.22742145057418     
      5      3      5      1           4           0  -3.01298336639673     
      5      3      5      2           4           0  -1.22273792269679     
      5      3      5      2           2           0 -0.318359503966257     
      5      3      5      3           2           0  -1.02790270783158     
      5      3      5      3           0           0  -2.93759804780036     
      5      3      6      1           4           0   4.00492967571279     
      5      3      6      2           4           0   3.35853748659155     
      5      3      6      2           2           0 -0.681898227141372     
      5      3      6      3           2           0  -1.11338371921544     
      6      1      4      1           6           0  0.556374285478699     
      6      1      4      1           4           0  -3.78078358403494     
      6      1      4      2           6           0 -0.939067520636813     
      6      1      4      2           4           0  -2.46732012251694     
      6      1      4      3           6           0  0.459367248507934     
      6      1      4      3           4           0  -5.19188039756322     
      6      1      5      1           4           0  -1.98816498361420     
      6      1      5      1           2           0  0.351158389825161     
      6      1      5      2           4           0 -0.842069971080735     
      6      1      5      2           2           0 -0.102808532856425     
      6      1      5      3           4           0  -4.00492967571280     
      6      1      6      1           2           0   1.56761439250418     
      6      1      6      1           0           0  -4.05224977773690     
      6      1      6      2           2           0  -1.23606707301020     
      6      2      4      1           6           0 -0.941139635796701     
      6      2      4      1           4           0   1.19768987984472     
      6      2      4      2           6           0  -1.18839298484438     
      6      2      4      2           4           0  -3.03420956928438     
      6      2      4      3           4           0   3.89813842320937     
      6      2      5      1           4           0   2.10220853555583     
      6      2      5      1           2           0   1.33370303552860     
      6      2      5      2           4           0  -1.25095763276740     
      6      2      5      2           2           0 -0.327201308648047     
      6      2      5      3           4           0   3.35853748659155     
      6      2      5      3           2           0 -0.681898227141372     
      6      2      6      1           2           0   1.23606707301020     
      6      2      6      2           2           0  -1.06587494343702     
      6      2      6      2           0           0  -3.00680294202848     
      6      2      6      3           2           0  -1.09556735557130     
      6      3      4      1           6           0  3.863026648650458E-003
      6      3      4      1           4           0  -2.03195364104404     
      6      3      4      2           4           0  -2.97558135177918     
      6      3      5      1           4           0  -3.09240731557148     
      6      3      5      2           4           0 -0.572152592017221     
      6      3      5      2           2           0 -0.962601556917490     
      6      3      5      3           2           0   1.11338371921544     
      6      3      6      2           2           0   1.09556735557130     
      6      3      6      3           2           0   1.23459888743187     
      6      3      6      3           0           0  -4.48744600000000     
         336          10
   1   1   4   4   0   0   0   0-10.2160   1   1
   1   1   4   4   2   0   0   0  5.2650   1   1
   1   1   4   4   4   0   0   0 -6.2321   1   1
   1   1   4   4   6   0   0   0  2.6088   1   1
   1   1   4   4   8   0   0   0 -2.0414   1   1
   1   1   4   4  10   0   0   0  0.2560   1   1
   1   1   4   5   2   0   0   0 -1.0479   1   1
   1   1   4   5   4   0   0   0 -4.6979   1   1
   1   1   4   5   6   0   0   0  0.3173   1   1
   1   1   4   5   8   0   0   0 -5.1477   1   1
   1   1   4   6   4   0   0   0 -3.7808   1   1
   1   1   4   6   6   0   0   0  0.5564   1   1
   1   1   5   4   2   0   0   0  1.0479   1   1
   1   1   5   4   4   0   0   0  4.6979   1   1
   1   1   5   4   6   0   0   0 -0.3173   1   1
   1   1   5   4   8   0   0   0  5.1477   1   1
   1   1   5   5   0   0   0   0 -9.5558   1   1
   1   1   5   5   2   0   0   0  0.0964   1   1
   1   1   5   5   4   0   0   0 -4.5203   1   1
   1   1   5   5   6   0   0   0  1.4548   1   1
   1   1   5   6   2   0   0   0 -0.3512   1   1
   1   1   5   6   4   0   0   0  1.9882   1   1
   1   1   6   4   4   0   0   0 -3.7808   1   1
   1   1   6   4   6   0   0   0  0.5564   1   1
   1   1   6   5   2   0   0   0  0.3512   1   1
   1   1   6   5   4   0   0   0 -1.9882   1   1
   1   1   6   6   0   0   0   0 -4.0522   1   1
   1   1   6   6   2   0   0   0  1.5676   1   1
   1   2   4   4   2   0   0   0 -1.0448   1   1
   1   2   4   4   4   0   0   0 -4.6054   1   1
   1   2   4   4   6   0   0   0  0.2718   1   1
   1   2   4   4   8   0   0   0 -5.0383   1   1
   1   2   4   5   2   0   0   0 -0.9969   1   1
   1   2   4   5   4   0   0   0 -1.2001   1   1
   1   2   4   5   6   0   0   0 -0.2809   1   1
   1   2   4   5   8   0   0   0 -5.1256   1   1
   1   2   4   6   4   0   0   0 -1.1977   1   1
   1   2   4   6   6   0   0   0  0.9411   1   1
   1   2   5   4   2   0   0   0 -4.2915   1   1
   1   2   5   4   4   0   0   0  1.6931   1   1
   1   2   5   4   6   0   0   0 -2.5606   1   1
   1   2   5   4   8   0   0   0  8.1107   1   1
   1   2   5   5   2   0   0   0  2.6879   1   1
   1   2   5   5   4   0   0   0 -3.1424   1   1
   1   2   5   5   6   0   0   0  2.0320   1   1
   1   2   5   6   2   0   0   0  1.3337   1   1
   1   2   5   6   4   0   0   0  2.1022   1   1
   1   2   6   4   4   0   0   0 -2.4673   1   1
   1   2   6   4   6   0   0   0 -0.9391   1   1
   1   2   6   5   2   0   0   0 -0.1028   1   1
   1   2   6   5   4   0   0   0 -0.8421   1   1
   1   2   6   6   2   0   0   0 -1.2361   1   1
   1   3   4   4   4   0   0   0 -3.5891   1   1
   1   3   4   4   6   0   0   0  0.5237   1   1
   1   3   4   5   4   0   0   0 -1.1049   1   1
   1   3   4   5   6   0   0   0  0.9372   1   1
   1   3   4   6   4   0   0   0 -2.0320   1   1
   1   3   4   6   6   0   0   0  0.0039   1   1
   1   3   5   4   4   0   0   0  2.3664   1   1
   1   3   5   4   6   0   0   0  0.9014   1   1
   1   3   5   5   4   0   0   0 -3.0130   1   1
   1   3   5   5   6   0   0   0 -1.2274   1   1
   1   3   5   6   4   0   0   0  3.0924   1   1
   1   3   6   4   4   0   0   0 -5.1919   1   1
   1   3   6   4   6   0   0   0  0.4594   1   1
   1   3   6   5   4   0   0   0 -4.0049   1   1
   2   1   4   4   2   0   0   0  1.0448   1   1
   2   1   4   4   4   0   0   0  4.6054   1   1
   2   1   4   4   6   0   0   0 -0.2718   1   1
   2   1   4   4   8   0   0   0  5.0383   1   1
   2   1   4   5   2   0   0   0 -4.2915   1   1
   2   1   4   5   4   0   0   0  1.6931   1   1
   2   1   4   5   6   0   0   0 -2.5606   1   1
   2   1   4   5   8   0   0   0  8.1107   1   1
   2   1   4   6   4   0   0   0  2.4673   1   1
   2   1   4   6   6   0   0   0  0.9391   1   1
   2   1   5   4   2   0   0   0 -0.9969   1   1
   2   1   5   4   4   0   0   0 -1.2001   1   1
   2   1   5   4   6   0   0   0 -0.2809   1   1
   2   1   5   4   8   0   0   0 -5.1256   1   1
   2   1   5   5   2   0   0   0 -2.6879   1   1
   2   1   5   5   4   0   0   0  3.1424   1   1
   2   1   5   5   6   0   0   0 -2.0320   1   1
   2   1   5   6   2   0   0   0 -0.1028   1   1
   2   1   5   6   4   0   0   0 -0.8421   1   1
   2   1   6   4   4   0   0   0  1.1977   1   1
   2   1   6   4   6   0   0   0 -0.9411   1   1
   2   1   6   5   2   0   0   0  1.3337   1   1
   2   1   6   5   4   0   0   0  2.1022   1   1
   2   1   6   6   2   0   0   0  1.2361   1   1
   2   2   4   4   0   0   0   0 -8.9748   1   1
   2   2   4   4   2   0   0   0  0.1432   1   1
   2   2   4   4   4   0   0   0 -4.3335   1   1
   2   2   4   4   6   0   0   0  1.4964   1   1
   2   2   4   5   2   0   0   0  2.5818   1   1
   2   2   4   5   4   0   0   0 -3.0551   1   1
   2   2   4   5   6   0   0   0  1.9436   1   1
   2   2   4   6   4   0   0   0 -3.0342   1   1
   2   2   4   6   6   0   0   0 -1.1884   1   1
   2   2   5   4   2   0   0   0 -2.5818   1   1
   2   2   5   4   4   0   0   0  3.0551   1   1
   2   2   5   4   6   0   0   0 -1.9436   1   1
   2   2   5   5   0   0   0   0 -4.7786   1   1
   2   2   5   5   2   0   0   0  4.7464   1   1
   2   2   5   5   4   0   0   0 -2.0579   1   1
   2   2   5   5   6   0   0   0 -0.2139   1   1
   2   2   5   6   2   0   0   0  0.3272   1   1
   2   2   5   6   4   0   0   0  1.2510   1   1
   2   2   6   4   4   0   0   0 -3.0342   1   1
   2   2   6   4   6   0   0   0 -1.1884   1   1
   2   2   6   5   2   0   0   0 -0.3272   1   1
   2   2   6   5   4   0   0   0 -1.2510   1   1
   2   2   6   6   0   0   0   0 -3.0068   1   1
   2   2   6   6   2   0   0   0 -1.0659   1   1
   2   3   4   4   2   0   0   0 -0.3070   1   1
   2   3   4   4   4   0   0   0  1.7865   1   1
   2   3   4   5   2   0   0   0  1.3227   1   1
   2   3   4   5   4   0   0   0  1.9799   1   1
   2   3   4   6   4   0   0   0  2.9756   1   1
   2   3   5   4   2   0   0   0  0.0445   1   1
   2   3   5   4   4   0   0   0 -0.8074   1   1
   2   3   5   5   2   0   0   0  0.3184   1   1
   2   3   5   5   4   0   0   0  1.2227   1   1
   2   3   5   6   2   0   0   0 -0.9626   1   1
   2   3   5   6   4   0   0   0 -0.5722   1   1
   2   3   6   4   4   0   0   0  3.8981   1   1
   2   3   6   5   2   0   0   0 -0.6819   1   1
   2   3   6   5   4   0   0   0  3.3585   1   1
   2   3   6   6   2   0   0   0 -1.0956   1   1
   3   1   4   4   4   0   0   0 -3.5891   1   1
   3   1   4   4   6   0   0   0  0.5237   1   1
   3   1   4   5   4   0   0   0 -2.3664   1   1
   3   1   4   5   6   0   0   0 -0.9014   1   1
   3   1   4   6   4   0   0   0 -5.1919   1   1
   3   1   4   6   6   0   0   0  0.4594   1   1
   3   1   5   4   4   0   0   0  1.1049   1   1
   3   1   5   4   6   0   0   0 -0.9372   1   1
   3   1   5   5   4   0   0   0 -3.0130   1   1
   3   1   5   5   6   0   0   0 -1.2274   1   1
   3   1   5   6   4   0   0   0  4.0049   1   1
   3   1   6   4   4   0   0   0 -2.0320   1   1
   3   1   6   4   6   0   0   0  0.0039   1   1
   3   1   6   5   4   0   0   0 -3.0924   1   1
   3   2   4   4   2   0   0   0  0.3070   1   1
   3   2   4   4   4   0   0   0 -1.7865   1   1
   3   2   4   5   2   0   0   0  0.0445   1   1
   3   2   4   5   4   0   0   0 -0.8074   1   1
   3   2   4   6   4   0   0   0 -3.8981   1   1
   3   2   5   4   2   0   0   0  1.3227   1   1
   3   2   5   4   4   0   0   0  1.9799   1   1
   3   2   5   5   2   0   0   0 -0.3184   1   1
   3   2   5   5   4   0   0   0 -1.2227   1   1
   3   2   5   6   2   0   0   0 -0.6819   1   1
   3   2   5   6   4   0   0   0  3.3585   1   1
   3   2   6   4   4   0   0   0 -2.9756   1   1
   3   2   6   5   2   0   0   0 -0.9626   1   1
   3   2   6   5   4   0   0   0 -0.5722   1   1
   3   2   6   6   2   0   0   0  1.0956   1   1
   3   3   4   4   0   0   0   0 -3.6710   1   1
   3   3   4   4   2   0   0   0  1.4849   1   1
   3   3   4   5   2   0   0   0 -1.2019   1   1
   3   3   5   4   2   0   0   0  1.2019   1   1
   3   3   5   5   0   0   0   0 -2.9376   1   1
   3   3   5   5   2   0   0   0 -1.0279   1   1
   3   3   5   6   2   0   0   0 -1.1134   1   1
   3   3   6   5   2   0   0   0  1.1134   1   1
   3   3   6   6   0   0   0   0 -4.4874   1   1
   3   3   6   6   2   0   0   0  1.2346   1   1
   4   4   1   1   0   0   0   0-10.2160   1   1
   4   4   1   1   2   0   0   0  5.2650   1   1
   4   4   1   1   4   0   0   0 -6.2321   1   1
   4   4   1   1   6   0   0   0  2.6088   1   1
   4   4   1   1   8   0   0   0 -2.0414   1   1
   4   4   1   1  10   0   0   0  0.2560   1   1
   4   4   1   2   2   0   0   0 -1.0448   1   1
   4   4   1   2   4   0   0   0 -4.6054   1   1
   4   4   1   2   6   0   0   0  0.2718   1   1
   4   4   1   2   8   0   0   0 -5.0383   1   1
   4   4   1   3   4   0   0   0 -3.5891   1   1
   4   4   1   3   6   0   0   0  0.5237   1   1
   4   4   2   1   2   0   0   0  1.0448   1   1
   4   4   2   1   4   0   0   0  4.6054   1   1
   4   4   2   1   6   0   0   0 -0.2718   1   1
   4   4   2   1   8   0   0   0  5.0383   1   1
   4   4   2   2   0   0   0   0 -8.9748   1   1
   4   4   2   2   2   0   0   0  0.1432   1   1
   4   4   2   2   4   0   0   0 -4.3335   1   1
   4   4   2   2   6   0   0   0  1.4964   1   1
   4   4   2   3   2   0   0   0 -0.3070   1   1
   4   4   2   3   4   0   0   0  1.7865   1   1
   4   4   3   1   4   0   0   0 -3.5891   1   1
   4   4   3   1   6   0   0   0  0.5237   1   1
   4   4   3   2   2   0   0   0  0.3070   1   1
   4   4   3   2   4   0   0   0 -1.7865   1   1
   4   4   3   3   0   0   0   0 -3.6710   1   1
   4   4   3   3   2   0   0   0  1.4849   1   1
   4   5   1   1   2   0   0   0 -1.0479   1   1
   4   5   1   1   4   0   0   0 -4.6979   1   1
   4   5   1   1   6   0   0   0  0.3173   1   1
   4   5   1   1   8   0   0   0 -5.1477   1   1
   4   5   1   2   2   0   0   0 -0.9969   1   1
   4   5   1   2   4   0   0   0 -1.2001   1   1
   4   5   1   2   6   0   0   0 -0.2809   1   1
   4   5   1   2   8   0   0   0 -5.1256   1   1
   4   5   1   3   4   0   0   0 -1.1049   1   1
   4   5   1   3   6   0   0   0  0.9372   1   1
   4   5   2   1   2   0   0   0 -4.2915   1   1
   4   5   2   1   4   0   0   0  1.6931   1   1
   4   5   2   1   6   0   0   0 -2.5606   1   1
   4   5   2   1   8   0   0   0  8.1107   1   1
   4   5   2   2   2   0   0   0  2.5818   1   1
   4   5   2   2   4   0   0   0 -3.0551   1   1
   4   5   2   2   6   0   0   0  1.9436   1   1
   4   5   2   3   2   0   0   0  1.3227   1   1
   4   5   2   3   4   0   0   0  1.9799   1   1
   4   5   3   1   4   0   0   0 -2.3664   1   1
   4   5   3   1   6   0   0   0 -0.9014   1   1
   4   5   3   2   2   0   0   0  0.0445   1   1
   4   5   3   2   4   0   0   0 -0.8074   1   1
   4   5   3   3   2   0   0   0 -1.2019   1   1
   4   6   1   1   4   0   0   0 -3.7808   1   1
   4   6   1   1   6   0   0   0  0.5564   1   1
   4   6   1   2   4   0   0   0 -1.1977   1   1
   4   6   1   2   6   0   0   0  0.9411   1   1
   4   6   1   3   4   0   0   0 -2.0320   1   1
   4   6   1   3   6   0   0   0  0.0039   1   1
   4   6   2   1   4   0   0   0  2.4673   1   1
   4   6   2   1   6   0   0   0  0.9391   1   1
   4   6   2   2   4   0   0   0 -3.0342   1   1
   4   6   2   2   6   0   0   0 -1.1884   1   1
   4   6   2   3   4   0   0   0  2.9756   1   1
   4   6   3   1   4   0   0   0 -5.1919   1   1
   4   6   3   1   6   0   0   0  0.4594   1   1
   4   6   3   2   4   0   0   0 -3.8981   1   1
   5   4   1   1   2   0   0   0  1.0479   1   1
   5   4   1   1   4   0   0   0  4.6979   1   1
   5   4   1   1   6   0   0   0 -0.3173   1   1
   5   4   1   1   8   0   0   0  5.1477   1   1
   5   4   1   2   2   0   0   0 -4.2915   1   1
   5   4   1   2   4   0   0   0  1.6931   1   1
   5   4   1   2   6   0   0   0 -2.5606   1   1
   5   4   1   2   8   0   0   0  8.1107   1   1
   5   4   1   3   4   0   0   0  2.3664   1   1
   5   4   1   3   6   0   0   0  0.9014   1   1
   5   4   2   1   2   0   0   0 -0.9969   1   1
   5   4   2   1   4   0   0   0 -1.2001   1   1
   5   4   2   1   6   0   0   0 -0.2809   1   1
   5   4   2   1   8   0   0   0 -5.1256   1   1
   5   4   2   2   2   0   0   0 -2.5818   1   1
   5   4   2   2   4   0   0   0  3.0551   1   1
   5   4   2   2   6   0   0   0 -1.9436   1   1
   5   4   2   3   2   0   0   0  0.0445   1   1
   5   4   2   3   4   0   0   0 -0.8074   1   1
   5   4   3   1   4   0   0   0  1.1049   1   1
   5   4   3   1   6   0   0   0 -0.9372   1   1
   5   4   3   2   2   0   0   0  1.3227   1   1
   5   4   3   2   4   0   0   0  1.9799   1   1
   5   4   3   3   2   0   0   0  1.2019   1   1
   5   5   1   1   0   0   0   0 -9.5558   1   1
   5   5   1   1   2   0   0   0  0.0964   1   1
   5   5   1   1   4   0   0   0 -4.5203   1   1
   5   5   1   1   6   0   0   0  1.4548   1   1
   5   5   1   2   2   0   0   0  2.6879   1   1
   5   5   1   2   4   0   0   0 -3.1424   1   1
   5   5   1   2   6   0   0   0  2.0320   1   1
   5   5   1   3   4   0   0   0 -3.0130   1   1
   5   5   1   3   6   0   0   0 -1.2274   1   1
   5   5   2   1   2   0   0   0 -2.6879   1   1
   5   5   2   1   4   0   0   0  3.1424   1   1
   5   5   2   1   6   0   0   0 -2.0320   1   1
   5   5   2   2   0   0   0   0 -4.7786   1   1
   5   5   2   2   2   0   0   0  4.7464   1   1
   5   5   2   2   4   0   0   0 -2.0579   1   1
   5   5   2   2   6   0   0   0 -0.2139   1   1
   5   5   2   3   2   0   0   0  0.3184   1   1
   5   5   2   3   4   0   0   0  1.2227   1   1
   5   5   3   1   4   0   0   0 -3.0130   1   1
   5   5   3   1   6   0   0   0 -1.2274   1   1
   5   5   3   2   2   0   0   0 -0.3184   1   1
   5   5   3   2   4   0   0   0 -1.2227   1   1
   5   5   3   3   0   0   0   0 -2.9376   1   1
   5   5   3   3   2   0   0   0 -1.0279   1   1
   5   6   1   1   2   0   0   0 -0.3512   1   1
   5   6   1   1   4   0   0   0  1.9882   1   1
   5   6   1   2   2   0   0   0  1.3337   1   1
   5   6   1   2   4   0   0   0  2.1022   1   1
   5   6   1   3   4   0   0   0  3.0924   1   1
   5   6   2   1   2   0   0   0 -0.1028   1   1
   5   6   2   1   4   0   0   0 -0.8421   1   1
   5   6   2   2   2   0   0   0  0.3272   1   1
   5   6   2   2   4   0   0   0  1.2510   1   1
   5   6   2   3   2   0   0   0 -0.9626   1   1
   5   6   2   3   4   0   0   0 -0.5722   1   1
   5   6   3   1   4   0   0   0  4.0049   1   1
   5   6   3   2   2   0   0   0 -0.6819   1   1
   5   6   3   2   4   0   0   0  3.3585   1   1
   5   6   3   3   2   0   0   0 -1.1134   1   1
   6   4   1   1   4   0   0   0 -3.7808   1   1
   6   4   1   1   6   0   0   0  0.5564   1   1
   6   4   1   2   4   0   0   0 -2.4673   1   1
   6   4   1   2   6   0   0   0 -0.9391   1   1
   6   4   1   3   4   0   0   0 -5.1919   1   1
   6   4   1   3   6   0   0   0  0.4594   1   1
   6   4   2   1   4   0   0   0  1.1977   1   1
   6   4   2   1   6   0   0   0 -0.9411   1   1
   6   4   2   2   4   0   0   0 -3.0342   1   1
   6   4   2   2   6   0   0   0 -1.1884   1   1
   6   4   2   3   4   0   0   0  3.8981   1   1
   6   4   3   1   4   0   0   0 -2.0320   1   1
   6   4   3   1   6   0   0   0  0.0039   1   1
   6   4   3   2   4   0   0   0 -2.9756   1   1
   6   5   1   1   2   0   0   0  0.3512   1   1
   6   5   1   1   4   0   0   0 -1.9882   1   1
   6   5   1   2   2   0   0   0 -0.1028   1   1
   6   5   1   2   4   0   0   0 -0.8421   1   1
   6   5   1   3   4   0   0   0 -4.0049   1   1
   6   5   2   1   2   0   0   0  1.3337   1   1
   6   5   2   1   4   0   0   0  2.1022   1   1
   6   5   2   2   2   0   0   0 -0.3272   1   1
   6   5   2   2   4   0   0   0 -1.2510   1   1
   6   5   2   3   2   0   0   0 -0.6819   1   1
   6   5   2   3   4   0   0   0  3.3585   1   1
   6   5   3   1   4   0   0   0 -3.0924   1   1
   6   5   3   2   2   0   0   0 -0.9626   1   1
   6   5   3   2   4   0   0   0 -0.5722   1   1
   6   5   3   3   2   0   0   0  1.1134   1   1
   6   6   1   1   0   0   0   0 -4.0522   1   1
   6   6   1   1   2   0   0   0  1.5676   1   1
   6   6   1   2   2   0   0   0 -1.2361   1   1
   6   6   2   1   2   0   0   0  1.2361   1   1
   6   6   2   2   0   0   0   0 -3.0068   1   1
   6   6   2   2   2   0   0   0 -1.0659   1   1
   6   6   2   3   2   0   0   0 -1.0956   1   1
   6   6   3   2   2   0   0   0  1.0956   1   1
   6   6   3   3   0   0   0   0 -4.4874   1   1
   6   6   3   3   2   0   0   0  1.2346   1   1
