############################################################################################################
# initial vector basename: al260
# final   vector basename: al260
# Operator file: VCoul.int
# Zero body term: 14.393
# Jf  nJf     Ji  nJi      Ei          Ef         <Op1b>          <Op2b>         <Op1b+2b>     <Op0b+1b+2b>
###########################################################################################################
 0.0   1     0.0   1    -92.604     -92.604    1.605269e+01    5.096806e+00    2.114949e+01    3.554249e+01
 0.0   1     0.0   2    -92.604     -88.765    1.452693e-01    4.016541e-02    1.854347e-01    1.854347e-01
 0.0   2     0.0   1    -88.765     -92.604    0.000000e+00    0.000000e+00    0.000000e+00    0.000000e+00
 0.0   2     0.0   2    -88.765     -88.765    1.586655e+01    5.024767e+00    2.089132e+01    3.528432e+01
 1.0   1     1.0   1    -91.980     -91.980    1.572491e+01    5.038409e+00    2.076332e+01    3.515632e+01
 1.0   1     1.0   2    -91.980     -91.838   -9.488133e-03   -1.441349e-02   -2.390162e-02   -2.390162e-02
 1.0   2     1.0   1    -91.838     -91.980    0.000000e+00    0.000000e+00    0.000000e+00    0.000000e+00
 1.0   2     1.0   2    -91.838     -91.838    1.590052e+01    5.037168e+00    2.093769e+01    3.533069e+01
