############################################################################################################
# initial vector basename: si260
# final   vector basename: si260
# Operator file: Iso2.int
# Zero body term: 0.00275787
# Jf  nJf     Ji  nJi      Ei          Ef         <Op1b>          <Op2b>         <Op1b+2b>     <Op0b+1b+2b>
###########################################################################################################
 0.0   1     0.0   1    -86.883     -86.883    7.501243e+00   -5.500148e+00    2.001094e+00    2.003852e+00
 0.0   1     0.0   2    -86.883     -83.408   -5.203666e-03    7.356138e-03    2.152472e-03    2.152472e-03
 0.0   2     0.0   1    -83.408     -86.883    0.000000e+00    0.000000e+00    0.000000e+00    0.000000e+00
 0.0   2     0.0   2    -83.408     -83.408    7.505165e+00   -5.507803e+00    1.997361e+00    2.000119e+00
 1.0   1     1.0   1    -80.932     -80.932    7.505136e+00   -5.501605e+00    2.003532e+00    2.006290e+00
 1.0   1     1.0   2    -80.932     -80.230   -1.755463e-03    3.429107e-03    1.673644e-03    1.673644e-03
 1.0   2     1.0   1    -80.230     -80.932    0.000000e+00    0.000000e+00    0.000000e+00    0.000000e+00
 1.0   2     1.0   2    -80.230     -80.230    7.507002e+00   -5.504602e+00    2.002400e+00    2.005158e+00
