############################################################################################################
# initial vector basename: al260
# final   vector basename: al260
# Operator file: Rn2.int
# Zero body term: 3.70884
# Jf  nJf     Ji  nJi      Ei          Ef         <Op1b>          <Op2b>         <Op1b+2b>     <Op0b+1b+2b>
###########################################################################################################
 0.0   1     0.0   1    -92.604     -92.604    4.551926e+00   -4.322015e-01    4.119724e+00    7.828564e+00
 0.0   1     0.0   2    -92.604     -88.765   -1.020832e-01   -6.009652e-03   -1.080928e-01   -1.080928e-01
 0.0   2     0.0   1    -88.765     -92.604    0.000000e+00    0.000000e+00    0.000000e+00    0.000000e+00
 0.0   2     0.0   2    -88.765     -88.765    4.679741e+00   -4.029721e-01    4.276769e+00    7.985609e+00
 1.0   1     1.0   1    -91.980     -91.980    4.777701e+00   -4.473413e-01    4.330360e+00    8.039200e+00
 1.0   1     1.0   2    -91.980     -91.838    1.165011e-02   -1.237765e-03    1.041235e-02    1.041235e-02
 1.0   2     1.0   1    -91.838     -91.980    0.000000e+00    0.000000e+00    0.000000e+00    0.000000e+00
 1.0   2     1.0   2    -91.838     -91.838    4.654570e+00   -4.183976e-01    4.236172e+00    7.945012e+00
