# One and two body transition densities
#
# One-body basis:
# i   n   l   2j  2tz (proton=+1)
  0   0   2   5   1
  1   0   2   3   1
  2   1   0   1   1
  3   0   2   5  -1
  4   0   2   3  -1
  5   1   0   1  -1
# Two-body basis: 
# i   a   b   J
  0   0   0   0
  1   0   0   2
  2   0   0   4
  3   0   1   1
  4   0   1   2
  5   0   1   3
  6   0   1   4
  7   0   2   2
  8   0   2   3
  9   0   3   0
 10   0   3   1
 11   0   3   2
 12   0   3   3
 13   0   3   4
 14   0   3   5
 15   0   4   1
 16   0   4   2
 17   0   4   3
 18   0   4   4
 19   0   5   2
 20   0   5   3
 21   1   1   0
 22   1   1   2
 23   1   2   1
 24   1   2   2
 25   1   3   1
 26   1   3   2
 27   1   3   3
 28   1   3   4
 29   1   4   0
 30   1   4   1
 31   1   4   2
 32   1   4   3
 33   1   5   1
 34   1   5   2
 35   2   2   0
 36   2   3   2
 37   2   3   3
 38   2   4   1
 39   2   4   2
 40   2   5   0
 41   2   5   1
 42   3   3   0
 43   3   3   2
 44   3   3   4
 45   3   4   1
 46   3   4   2
 47   3   4   3
 48   3   4   4
 49   3   5   2
 50   3   5   3
 51   4   4   0
 52   4   4   2
 53   4   5   1
 54   4   5   2
 55   5   5   0

Jf nJf  Ji nJi  Lambda =   0 1      0 1      0
-------------- OBTD ---------------------
  3   0   0.37848538
  4   1   0.12643058
  5   2   0.16525890

-------------- TBTD ---------------------
  9   0   0.38382440
  9  21   0.20346183
  9  35   0.19809127
 10   3  -0.09653401
 10  23  -0.00918279
 11   1   0.33012134
 11   4  -0.01211610
 11   7  -0.04672614
 11  22  -0.03679060
 11  24  -0.00106521
 12   5  -0.03355278
 12   8   0.09473463
 13   2   0.49238514
 13   6  -0.05033008
 15   3   0.08834885
 15  23   0.00167012
 16   1  -0.00063881
 16   4   0.07144240
 16   7   0.01200876
 16  22   0.01033376
 16  24  -0.01316228
 17   5   0.05713561
 17   8  -0.00296535
 18   2   0.01141408
 18   6   0.12253302
 19   1   0.00882243
 19   4  -0.00855106
 19   7   0.15979465
 19  22  -0.00854780
 19  24  -0.01104105
 20   5   0.02243930
 20   8   0.17979904
 25   3  -0.01476953
 25  23   0.01398965
 26   1   0.01646319
 26   4  -0.06583974
 26   7   0.04940071
 26  22   0.01223515
 26  24   0.00495783
 27   5   0.08322466
 27   8   0.05015008
 28   2   0.08183545
 28   6  -0.07272032
 29   0   0.19813217
 29  21   0.14502079
 29  35   0.12076939
 30   3   0.01879686
 30  23  -0.00194570
 31   1  -0.03310554
 31   4  -0.00104347
 31   7  -0.02307838
 31  22   0.04300365
 31  24  -0.00341434
 32   5  -0.01000948
 32   8  -0.00736202
 33   3  -0.00126294
 33  23   0.03024872
 34   1  -0.01459183
 34   4  -0.00944694
 34   7   0.02745355
 34  22   0.00007531
 34  24   0.03922332
 36   1  -0.07571299
 36   4  -0.03139064
 36   7   0.07655539
 36  22  -0.02701811
 36  24   0.02805946
 37   5  -0.02526147
 37   8  -0.08638215
 38   3   0.01671913
 38  23   0.01715883
 39   1  -0.00861561
 39   4   0.00904801
 39   7   0.01178275
 39  22   0.00324747
 39  24  -0.02771183
 40   0   0.19071981
 40  21   0.11871115
 40  35   0.13819929
 41   3  -0.04296462
 41  23   0.00148106
 42   9  -0.27963750
 42  29  -0.14658875
 42  40  -0.13198376
 43  11   0.34963679
 43  16   0.04104328
 43  19  -0.02053123
 43  26  -0.05725740
 43  31   0.04085005
 43  34  -0.03489334
 43  36   0.06615163
 43  39   0.05577197
 44  13   0.47911891
 44  18  -0.04676615
 44  28  -0.04642489
 45  10   0.09459511
 45  15   0.01346264
 45  25   0.11472855
 45  30  -0.01881434
 45  33   0.01024730
 45  38  -0.00861389
 45  41   0.04359768
 46  11   0.06827751
 46  16   0.06382104
 46  19  -0.02817345
 46  26  -0.06946214
 46  31   0.01504727
 46  34  -0.02415037
 46  36  -0.00378536
 46  39   0.02282035
 47  12   0.03356688
 47  17   0.10025575
 47  20   0.00909852
 47  27   0.07406760
 47  32   0.01035581
 47  37  -0.00489929
 48  13  -0.00061584
 48  18   0.05804507
 48  28  -0.10744785
 49  11   0.03334443
 49  16  -0.04569104
 49  19   0.07013217
 49  26  -0.01380199
 49  31   0.01041570
 49  34  -0.03579855
 49  36   0.15215481
 49  39  -0.00313078
 50  12  -0.09610053
 50  17   0.03408727
 50  20   0.07681745
 50  27  -0.01904742
 50  32   0.00759626
 50  37  -0.16997143
 51   9  -0.14408890
 51  29  -0.06355579
 51  40  -0.05880408
 52  11   0.03976204
 52  16  -0.00050455
 52  19  -0.00210688
 52  26  -0.02190280
 52  31   0.03378811
 52  34  -0.01020794
 52  36   0.01726395
 52  39   0.00675156
 53  10   0.01005387
 53  15   0.00691405
 53  25  -0.00442430
 53  30   0.00198940
 53  33   0.01872719
 53  38   0.03134232
 53  41  -0.00114560
 54  11  -0.06360194
 54  16  -0.01938135
 54  19   0.00330283
 54  26   0.02788701
 54  31  -0.01203049
 54  34   0.04011353
 54  36  -0.03594641
 54  39  -0.05091602
 55   9  -0.12812332
 55  29  -0.05823785
 55  40  -0.01642136

Jf nJf  Ji nJi  Lambda =   0 2      0 1      0
-------------- OBTD ---------------------
  3   0   0.16824690
  4   1  -0.19959812
  5   2  -0.03274373

-------------- TBTD ---------------------
  9   0  -0.00498901
  9  21   0.04245851
  9  35   0.04389747
 10   3  -0.03475630
 10  23  -0.01621343
 11   1   0.22683478
 11   4   0.00223171
 11   7   0.04628594
 11  22  -0.01730379
 11  24  -0.04820316
 12   5  -0.01426843
 12   8   0.10617342
 13   2   0.24839565
 13   6  -0.02844820
 15   3  -0.14456084
 15  23   0.01535590
 16   1  -0.01311933
 16   4  -0.11694671
 16   7  -0.04900665
 16  22  -0.02911779
 16  24   0.01363263
 17   5  -0.10716601
 17   8   0.04262171
 18   2   0.03382222
 18   6  -0.20353198
 19   1   0.02271008
 19   4  -0.06357953
 19   7  -0.01951534
 19  22  -0.03805162
 19  24   0.02410860
 20   5   0.05366451
 20   8  -0.04697486
 25   3   0.01344976
 25  23  -0.01242059
 26   1  -0.04200505
 26   4  -0.03823475
 26   7   0.01248094
 26  22  -0.01677672
 26  24   0.03087143
 27   5   0.03699531
 27   8   0.05298976
 28   2   0.04301158
 28   6  -0.00376700
 29   0  -0.20997367
 29  21  -0.16899730
 29  35  -0.12825728
 30   3  -0.02797122
 30  23   0.00302464
 31   1   0.09887466
 31   4   0.00543641
 31   7   0.03554635
 31  22  -0.07388376
 31  24   0.00118386
 32   5   0.03211946
 32   8   0.02131737
 33   3   0.03151856
 33  23  -0.00132567
 34   1  -0.12142238
 34   4  -0.04801023
 34   7  -0.04595696
 34  22   0.01364209
 34  24   0.00953974
 36   1  -0.04980074
 36   4  -0.02753626
 36   7   0.04557200
 36  22   0.01409500
 36  24  -0.01863828
 37   5  -0.02694450
 37   8   0.00884130
 38   3  -0.03479357
 38  23  -0.01695554
 39   1   0.10118257
 39   4  -0.04095632
 39   7  -0.01902962
 39  22  -0.03432124
 39  24   0.03933511
 40   0  -0.10009565
 40  21  -0.08200183
 40  35  -0.05844034
 41   3   0.05554573
 41  23  -0.00583231
 42   9  -0.12409828
 42  29  -0.01572528
 42  40  -0.00923684
 43  11   0.14269067
 43  16   0.04511712
 43  19  -0.03367627
 43  26   0.01294400
 43  31   0.02248253
 43  34  -0.02963834
 43  36   0.04772446
 43  39   0.06056587
 44  13   0.24280007
 44  18  -0.03383947
 44  28  -0.04567940
 45  10  -0.00638400
 45  15   0.03720927
 45  25  -0.17122132
 45  30   0.03007428
 45  33  -0.02470803
 45  38   0.03952778
 45  41  -0.06893987
 46  11   0.00821428
 46  16   0.03887232
 46  19  -0.03600573
 46  26   0.11057044
 46  31  -0.01821107
 46  34   0.05125679
 46  36  -0.08227036
 46  39   0.03651432
 47  12   0.03162219
 47  17   0.03055613
 47  20   0.03349618
 47  27  -0.08766927
 47  32  -0.02060960
 47  37  -0.05595651
 48  13  -0.00737938
 48  18   0.02104922
 48  28   0.18559084
 49  11   0.01911941
 49  16  -0.02259895
 49  19   0.02299788
 49  26   0.07826192
 49  31  -0.02613080
 49  34   0.03743331
 49  36  -0.03653587
 49  39   0.01753492
 50  12  -0.11150828
 50  17   0.04757506
 50  20  -0.00156824
 50  27   0.03354566
 50  32  -0.01631183
 50  37   0.04234885
 51   9  -0.03763099
 51  29  -0.02110827
 51  40  -0.02226677
 52  11   0.00975319
 52  16   0.02161577
 52  19   0.00502287
 52  26   0.03968961
 52  31  -0.04152992
 52  34   0.01626887
 52  36  -0.05048560
 52  39   0.00758086
 53  10   0.00814888
 53  15  -0.01021190
 53  25   0.02279999
 53  30  -0.00713746
 53  33  -0.01313040
 53  38   0.00264086
 53  41   0.00644567
 54  11  -0.06804750
 54  16  -0.00886089
 54  19  -0.01026562
 54  26  -0.03072579
 54  31   0.00179910
 54  34  -0.03592513
 54  36   0.04482755
 54  39  -0.01151553
 55   9  -0.01257947
 55  29  -0.01736202
 55  40  -0.01542124

Jf nJf  Ji nJi  Lambda =   0 1      0 2      0
-------------- OBTD ---------------------
  3   0  -0.18404177
  4   1   0.18864824
  5   2   0.02838794

-------------- TBTD ---------------------
  9   0  -0.00742282
  9  21   0.20842081
  9  35   0.10367026
 10   3  -0.00249837
 10  23   0.00797836
 11   1  -0.24145999
 11   4  -0.01962357
 11   7   0.02180626
 11  22  -0.09865309
 11  24   0.16172775
 12   5   0.03285522
 12   8  -0.11358125
 13   2  -0.26749095
 13   6   0.00869169
 15   3   0.16133997
 15  23  -0.01510410
 16   1   0.02455699
 16   4   0.10820296
 16   7   0.07146149
 16  22   0.02469124
 16  24  -0.01320853
 17   5   0.08978967
 17   8  -0.03299987
 18   2  -0.01885641
 18   6   0.19287146
 19   1  -0.07181649
 19   4   0.05038494
 19   7   0.01177012
 19  22   0.00077242
 19  24  -0.01282235
 20   5  -0.05754305
 20   8   0.04345284
 25   3  -0.03895119
 25  23   0.01829578
 26   1   0.02995557
 26   4   0.03951971
 26   7  -0.01726195
 26  22   0.03445335
 26  24  -0.02290066
 27   5  -0.02730905
 27   8  -0.04740128
 28   2  -0.06207166
 28   6   0.00740999
 29   0  -0.04618553
 29  21   0.16232532
 29  35   0.08244296
 30   3   0.02822320
 30  23  -0.00645536
 31   1   0.01490691
 31   4   0.00755851
 31   7   0.01683583
 31  22   0.06874112
 31  24  -0.03211160
 32   5  -0.01935814
 32   8  -0.01578750
 33   3  -0.03165504
 33  23   0.00120020
 34   1   0.05065701
 34   4   0.05058899
 34   7   0.02278952
 34  22   0.01254354
 34  24  -0.01022651
 36   1   0.01029492
 36   4   0.00777447
 36   7  -0.04634306
 36  22  -0.05253537
 36  24   0.03967285
 37   5   0.03721719
 37   8  -0.00333751
 38   3   0.02845231
 38  23   0.01452481
 39   1  -0.01883225
 39   4   0.03281293
 39   7   0.02965451
 39  22   0.01073355
 39  24  -0.03435039
 40   0  -0.04740189
 40  21   0.12150967
 40  35   0.05673629
 41   3  -0.06447200
 41  23   0.00634395
 42   9   0.13327677
 42  29   0.04412338
 42  40   0.01892272
 43  11  -0.15723013
 43  16  -0.03450307
 43  19   0.02356619
 43  26  -0.02074970
 43  31  -0.01005807
 43  34   0.04070551
 43  36  -0.05146088
 43  39  -0.05789336
 44  13  -0.26186350
 44  18   0.04524459
 44  28   0.03626029
 45  10  -0.03858474
 45  15  -0.01151071
 45  25   0.13494047
 45  30  -0.02666686
 45  33   0.02595152
 45  38  -0.03853430
 45  41   0.05373011
 46  11  -0.02561899
 46  16  -0.04308503
 46  19   0.03411012
 46  26  -0.10692557
 46  31   0.01122729
 46  34  -0.05376514
 46  36   0.06749618
 46  39  -0.03367613
 47  12  -0.01521771
 47  17  -0.04759216
 47  20  -0.02717063
 47  27   0.09599240
 47  32   0.03175996
 47  37   0.05301250
 48  13  -0.00772468
 48  18  -0.02360215
 48  28  -0.17596401
 49  11  -0.01100855
 49  16   0.04127370
 49  19  -0.02918466
 49  26  -0.07363533
 49  31   0.03007505
 49  34  -0.04684491
 49  36   0.03520208
 49  39  -0.01530438
 50  12   0.10713837
 50  17  -0.05030350
 50  20  -0.00198691
 50  27  -0.03749942
 50  32   0.02088740
 50  37  -0.03654984
 51   9   0.02089536
 51  29   0.02335633
 51  40   0.02032966
 52  11  -0.02368958
 52  16  -0.00997593
 52  19  -0.00712576
 52  26  -0.03365329
 52  31   0.03912527
 52  34  -0.01075596
 52  36   0.04357159
 52  39  -0.00867897
 53  10  -0.01592471
 53  15   0.00558425
 53  25  -0.01964984
 53  30   0.00257441
 53  33   0.01234173
 53  38  -0.00389937
 53  41  -0.00538302
 54  11   0.06433609
 54  16   0.01615828
 54  19   0.01166053
 54  26   0.02792974
 54  31  -0.00561070
 54  34   0.03415503
 54  36  -0.03037913
 54  39   0.01355310
 55   9   0.01237676
 55  29   0.02299335
 55  40   0.01571898

Jf nJf  Ji nJi  Lambda =   0 2      0 2      0
-------------- OBTD ---------------------
  3   0  -0.22041204
  4   1  -0.33364453
  5   2  -0.14582685

-------------- TBTD ---------------------
  9   0   0.04870234
  9  21   0.10565698
  9  35   0.07679903
 10   3   0.04022088
 10  23  -0.00936585
 11   1  -0.29985304
 11   4  -0.06548325
 11   7   0.00797749
 11  22  -0.08707333
 11  24   0.07510799
 12   5   0.00222461
 12   8   0.02675491
 13   2  -0.23888694
 13   6   0.02889009
 15   3  -0.29280962
 15  23   0.02821080
 16   1  -0.06975741
 16   4  -0.21956703
 16   7  -0.15195835
 16  22  -0.07210803
 16  24   0.03864391
 17   5  -0.13228544
 17   8   0.07329280
 18   2   0.01990329
 18   6  -0.31673991
 19   1   0.00688298
 19   4  -0.14484971
 19   7  -0.16835492
 19  22  -0.08326140
 19  24   0.03111572
 20   5   0.06941846
 20   8  -0.15360822
 25   3  -0.00879751
 25  23  -0.01058736
 26   1   0.02182748
 26   4   0.05367408
 26   7   0.03045314
 26  22   0.00195363
 26  24   0.00576372
 27   5  -0.05477427
 27   8   0.02070793
 28   2  -0.01814147
 28   6   0.05993580
 29   0   0.11117461
 29  21  -0.15008444
 29  35  -0.06294624
 30   3  -0.04056915
 30  23   0.01344094
 31   1  -0.08984015
 31   4  -0.05293511
 31   7  -0.05150966
 31  22  -0.14934193
 31  24   0.08981837
 32   5   0.02471593
 32   8   0.02112022
 33   3   0.05789914
 33  23  -0.02177756
 34   1   0.05203649
 34   4  -0.04434888
 34   7  -0.04887744
 34  22   0.04395651
 34  24  -0.06050011
 36   1   0.00233929
 36   4  -0.03383839
 36   7  -0.06539886
 36  22   0.01310516
 36  24  -0.04363340
 37   5  -0.02195872
 37   8   0.07574834
 38   3  -0.04100083
 38  23  -0.04305557
 39   1  -0.05942885
 39   4  -0.08088868
 39   7  -0.04098142
 39  22  -0.08008545
 39  24   0.12478007
 40   0   0.07796367
 40  21  -0.06035356
 40  35  -0.05323606
 41   3   0.09550863
 41  23  -0.00784739
 42   9   0.00742229
 42  29   0.08436525
 42  40   0.06988159
 43  11  -0.16020007
 43  16   0.00167276
 43  19   0.00568941
 43  26   0.04836651
 43  31  -0.00231220
 43  34  -0.00642456
 43  36   0.01202290
 43  39   0.01708068
 44  13  -0.22890727
 44  18   0.01168591
 44  28  -0.01337669
 45  10  -0.03765626
 45  15  -0.00890241
 45  25  -0.28762237
 45  30   0.04079103
 45  33  -0.04323463
 45  38   0.05771162
 45  41  -0.09728595
 46  11  -0.03188956
 46  16  -0.02855119
 46  19   0.00450203
 46  26   0.19456873
 46  31  -0.04859762
 46  34   0.09225515
 46  36  -0.10960507
 46  39   0.03763967
 47  12  -0.00337535
 47  17  -0.06745302
 47  20   0.01308557
 47  27  -0.14662020
 47  32  -0.02577259
 47  37  -0.06420495
 48  13   0.01794969
 48  18  -0.04416770
 48  28   0.29968651
 49  11   0.01064372
 49  16   0.00690520
 49  19  -0.03552348
 49  26   0.11008608
 49  31  -0.05195578
 49  34   0.07470884
 49  36  -0.13693080
 49  39   0.01505623
 50  12  -0.02271131
 50  17   0.01070725
 50  20  -0.08415557
 50  27   0.06403029
 50  32  -0.02136856
 50  37   0.16443001
 51   9   0.08368397
 51  29   0.03486338
 51  40   0.02546196
 52  11  -0.00252612
 52  16   0.00032323
 52  19   0.01167647
 52  26   0.06979301
 52  31  -0.07307236
 52  34   0.02881253
 52  36  -0.08688813
 52  39   0.00791449
 53  10   0.00807731
 53  15  -0.01137620
 53  25   0.02454266
 53  30  -0.01399361
 53  33  -0.04124421
 53  38  -0.01669725
 53  41   0.00734511
 54  11  -0.01419375
 54  16   0.00584770
 54  19  -0.00749229
 54  26  -0.05073563
 54  31   0.01520166
 54  34  -0.08752988
 54  36   0.06940987
 54  39   0.02012998
 55   9   0.06649172
 55  29   0.02453578
 55  40  -0.00690225

Jf nJf  Ji nJi  Lambda =   1 1      1 1      0
-------------- OBTD ---------------------
  3   0  -0.03849476
  4   1   0.09401882
  5   2  -0.06848070

-------------- TBTD ---------------------
  9   0  -0.02254537
  9  21  -0.01912213
  9  35   0.04904943
 10   3   0.00536917
 10  23  -0.04962096
 11   1  -0.03269884
 11   4   0.01647919
 11   7   0.00289839
 11  22  -0.00631390
 11  24  -0.01774758
 12   5   0.00639968
 12   8   0.05028026
 13   2  -0.02312022
 13   6  -0.00065575
 15   3   0.06894726
 15  23   0.09186817
 16   1  -0.00537842
 16   4   0.08598430
 16   7  -0.05818038
 16  22   0.02417842
 16  24  -0.06678812
 17   5   0.03453193
 17   8   0.02110063
 18   2   0.00249372
 18   6   0.10029940
 19   1   0.02042307
 19   4  -0.05190704
 19   7  -0.07015372
 19  22  -0.04430765
 19  24   0.02926557
 20   5   0.05009073
 20   8  -0.08741948
 25   3   0.00335970
 25  23  -0.05995516
 26   1  -0.03824756
 26   4   0.01393161
 26   7   0.01162739
 26  22  -0.00879420
 26  24   0.00746707
 27   5  -0.00546998
 27   8   0.02260243
 28   2   0.01788460
 28   6   0.02182735
 29   0  -0.03008936
 29  21   0.00211822
 29  35   0.00090203
 30   3   0.00409932
 30  23  -0.05595210
 31   1  -0.00922490
 31   4   0.00846600
 31   7  -0.05552066
 31  22   0.00629535
 31  24  -0.00800661
 32   5  -0.02612921
 32   8  -0.01420248
 33   3   0.01618882
 33  23  -0.03203261
 34   1  -0.05396065
 34   4  -0.05907755
 34   7  -0.03382184
 34  22   0.01041266
 34  24  -0.02452854
 36   1   0.00160742
 36   4  -0.00724448
 36   7  -0.01014861
 36  22  -0.00521795
 36  24  -0.01727564
 37   5  -0.01347621
 37   8   0.04161574
 38   3   0.02206013
 38  23   0.05417263
 39   1  -0.02532319
 39   4   0.02474856
 39   7  -0.05017533
 39  22   0.00946196
 39  24  -0.05344524
 40   0   0.04761630
 40  21  -0.00931460
 40  35   0.01008095
 41   3   0.04376137
 41  23  -0.05607779
 42   9  -0.02304847
 42  29  -0.01859195
 42  40   0.04785356
 43  11  -0.03202382
 43  16   0.02339592
 43  19  -0.01554600
 43  26   0.00014634
 43  31  -0.00643816
 43  34   0.00865705
 43  36   0.02036798
 43  39   0.03285219
 44  13  -0.02348430
 44  18  -0.01182316
 44  28  -0.01114156
 45  10  -0.00824768
 45  15  -0.00538269
 45  25   0.07819037
 45  30  -0.01034495
 45  33   0.01071597
 45  38   0.02228369
 45  41  -0.03065594
 46  11   0.02300165
 46  16   0.01136726
 46  19  -0.01086789
 46  26  -0.05973739
 46  31   0.02280974
 46  34  -0.03475344
 46  36  -0.05923169
 46  39   0.03895066
 47  12  -0.01909441
 47  17   0.00325593
 47  20  -0.00334068
 47  27   0.02633966
 47  32   0.02207184
 47  37  -0.04699641
 48  13  -0.01065801
 48  18  -0.01228192
 48  28  -0.09101326
 49  11   0.01588902
 49  16   0.00299821
 49  19  -0.00992957
 49  26   0.06344451
 49  31  -0.03506574
 49  34   0.04193516
 49  36  -0.06920714
 49  39   0.02974698
 50  12  -0.05667956
 50  17   0.03087906
 50  20  -0.04132333
 50  27   0.03157630
 50  32  -0.00788352
 50  37   0.08836092
 51   9  -0.03025320
 51  29   0.00220402
 51  40   0.00037115
 52  11  -0.00925885
 52  16  -0.00036252
 52  19  -0.02498642
 52  26  -0.01176556
 52  31   0.00624846
 52  34  -0.00388719
 52  36  -0.05320046
 52  39   0.00759349
 53  10   0.06720228
 53  15  -0.02629886
 53  25   0.06519154
 53  30   0.01507260
 53  33   0.04307191
 53  38  -0.02014951
 53  41   0.03988278
 54  11  -0.02035895
 54  16  -0.02655591
 54  19  -0.01908807
 54  26   0.05637151
 54  31   0.00043585
 54  34   0.01920200
 54  36   0.03574263
 54  39  -0.01015667
 55   9   0.04804403
 55  29  -0.00893244
 55  40   0.00943034

Jf nJf  Ji nJi  Lambda =   1 2      1 1      0
-------------- OBTD ---------------------
  3   0   0.02097185
  4   1  -0.00161125
  5   2  -0.03499961

-------------- TBTD ---------------------
  9   0  -0.00306388
  9  21   0.03760336
  9  35  -0.02755207
 10   3  -0.02855314
 10  23   0.05458074
 11   1   0.02343450
 11   4  -0.03910002
 11   7   0.00147741
 11  22  -0.01491391
 11  24   0.01046799
 12   5  -0.00348348
 12   8  -0.04447499
 13   2   0.01566807
 13   6   0.02892503
 15   3   0.01319739
 15  23  -0.01917894
 16   1   0.04168903
 16   4  -0.03811845
 16   7   0.08360880
 16  22   0.01388330
 16  24  -0.04212643
 17   5   0.01092407
 17   8  -0.02011855
 18   2  -0.03813995
 18   6   0.02046948
 19   1   0.00629341
 19   4  -0.08228827
 19   7  -0.03998795
 19  22  -0.05977175
 19  24   0.03733331
 20   5   0.04234220
 20   8  -0.04936287
 25   3  -0.00321302
 25  23  -0.00197976
 26   1  -0.00854056
 26   4  -0.04590706
 26   7  -0.00364053
 26  22  -0.00971597
 26  24  -0.04289434
 27   5  -0.01955730
 27   8  -0.02645709
 28   2  -0.00911487
 28   6   0.00693136
 29   0  -0.02082421
 29  21   0.02528610
 29  35  -0.01131050
 30   3   0.02613138
 30  23   0.00719543
 31   1  -0.00004995
 31   4  -0.00844628
 31   7   0.00856806
 31  22  -0.01556436
 31  24   0.01279224
 32   5  -0.01796644
 32   8   0.00022393
 33   3   0.03380490
 33  23  -0.00235720
 34   1  -0.01591012
 34   4  -0.04020240
 34   7  -0.01740579
 34  22   0.00796663
 34  24  -0.00206523
 36   1   0.00350029
 36   4   0.00227352
 36   7  -0.00102559
 36  22   0.01223115
 36  24   0.01923023
 37   5  -0.01998133
 37   8  -0.03717251
 38   3  -0.00028566
 38  23  -0.00220132
 39   1  -0.01666803
 39   4   0.00779977
 39   7   0.02538711
 39  22   0.00249448
 39  24   0.01197403
 40   0   0.00335239
 40  21  -0.00175981
 40  35  -0.01326968
 41   3   0.02261128
 41  23  -0.01212977
 42   9  -0.00265579
 42  29   0.03751753
 42  40  -0.02632988
 43  11   0.02286509
 43  16  -0.01061980
 43  19   0.03678279
 43  26   0.04440991
 43  31  -0.01498875
 43  34  -0.01625376
 43  36  -0.03643852
 43  39  -0.03122199
 44  13   0.01604582
 44  18  -0.01019566
 44  28  -0.05059689
 45  10  -0.01362675
 45  15  -0.00084355
 45  25   0.01077103
 45  30  -0.00515378
 45  33   0.00229542
 45  38  -0.02305490
 45  41   0.03173581
 46  11   0.03514270
 46  16  -0.01677856
 46  19   0.02547472
 46  26  -0.02424525
 46  31   0.01662647
 46  34  -0.02228039
 46  36   0.06034189
 46  39  -0.02272934
 47  12   0.01750306
 47  17   0.00983668
 47  20   0.01913049
 47  27  -0.01823752
 47  32  -0.01016123
 47  37   0.06745417
 48  13  -0.02047018
 48  18   0.02951074
 48  28   0.01604725
 49  11   0.00718590
 49  16  -0.01849638
 49  19  -0.02630652
 49  26   0.06058127
 49  31  -0.03357639
 49  34   0.02412268
 49  36  -0.01381268
 49  39  -0.03281343
 50  12   0.00894683
 50  17   0.00809854
 50  20   0.01969172
 50  27   0.05454710
 50  32  -0.01510335
 50  37   0.03282021
 51   9  -0.02095695
 51  29   0.02471594
 51  40  -0.01020711
 52  11   0.00030827
 52  16  -0.02229733
 52  19  -0.01573994
 52  26  -0.01075707
 52  31  -0.01531437
 52  34  -0.01411335
 52  36   0.02876546
 52  39  -0.03191192
 53  10   0.06934437
 53  15  -0.02314327
 53  25   0.05715713
 53  30   0.00599142
 53  33   0.01330631
 53  38  -0.01752740
 53  41   0.05805151
 54  11   0.00060624
 54  16  -0.02591611
 54  19  -0.02919011
 54  26   0.02197058
 54  31   0.00362750
 54  34   0.00047457
 54  36  -0.01244423
 54  39   0.01425327
 55   9   0.00313405
 55  29  -0.00171480
 55  40  -0.01275467

Jf nJf  Ji nJi  Lambda =   1 1      1 2      0
-------------- OBTD ---------------------
  3   0  -0.03120445
  4   1   0.11597520
  5   2  -0.11264461

-------------- TBTD ---------------------
  9   0  -0.00646712
  9  21  -0.01658145
  9  35   0.02270018
 10   3  -0.01351417
 10  23  -0.02930023
 11   1  -0.02291514
 11   4  -0.00373182
 11   7   0.00464634
 11  22  -0.00713932
 11  24  -0.02192789
 12   5  -0.00162421
 12   8   0.03126345
 13   2  -0.02757539
 13   6   0.00880603
 15   3   0.09597216
 15  23   0.05489306
 16   1  -0.01618185
 16   4   0.07368481
 16   7  -0.08432995
 16  22   0.01735170
 16  24  -0.05579234
 17   5   0.05865213
 17   8   0.02891273
 18   2   0.01722919
 18   6   0.11982686
 19   1   0.01270524
 19   4  -0.02467017
 19   7  -0.11411172
 19  22  -0.01588284
 19  24  -0.00010874
 20   5  -0.00089224
 20   8  -0.12482135
 25   3  -0.01838796
 25  23  -0.02480797
 26   1   0.00270426
 26   4  -0.00777895
 26   7  -0.01318119
 26  22  -0.00789010
 26  24  -0.00406939
 27   5  -0.02030355
 27   8   0.00723538
 28   2   0.01066625
 28   6   0.01938518
 29   0   0.00669524
 29  21   0.01285006
 29  35   0.01303348
 30   3   0.00380661
 30  23  -0.04245097
 31   1  -0.01226976
 31   4   0.01081790
 31   7  -0.04240773
 31  22   0.01730609
 31  24  -0.00778189
 32   5  -0.00773462
 32   8  -0.02255398
 33   3   0.00077863
 33  23  -0.06211368
 34   1  -0.01505800
 34   4  -0.01246711
 34   7  -0.00283204
 34  22   0.00771044
 34  24  -0.03408231
 36   1   0.00116227
 36   4  -0.00535332
 36   7  -0.00568495
 36  22   0.00300799
 36  24  -0.00344039
 37   5  -0.01865965
 37   8   0.01683162
 38   3   0.01855185
 38  23   0.07548076
 39   1  -0.00160402
 39   4   0.01359604
 39   7  -0.04662318
 39  22   0.00779166
 39  24  -0.04940086
 40   0   0.02573526
 40  21  -0.00706221
 40  35  -0.01931496
 41   3   0.01328813
 41  23  -0.06937008
 42   9  -0.00625062
 42  29  -0.01653172
 42  40   0.02280004
 43  11  -0.02277022
 43  16   0.01531850
 43  19   0.00045667
 43  26   0.02003558
 43  31  -0.00713545
 43  34  -0.01049184
 43  36   0.00599597
 43  39   0.01999179
 44  13  -0.02750880
 44  18  -0.00485873
 44  28  -0.01705449
 45  10   0.01184303
 45  15  -0.00256291
 45  25   0.08006461
 45  30  -0.01569677
 45  33   0.01008366
 45  38   0.02029975
 45  41  -0.04039062
 46  11  -0.01344410
 46  16   0.01724934
 46  19  -0.01417968
 46  26  -0.06466425
 46  31   0.01796771
 46  34  -0.02456157
 46  36  -0.05650243
 46  39   0.02802170
 47  12  -0.01375293
 47  17  -0.00462971
 47  20  -0.01711169
 47  27   0.04322507
 47  32   0.01960069
 47  37  -0.05394270
 48  13   0.00466897
 48  18  -0.01430195
 48  28  -0.11487296
 49  11   0.00940566
 49  16  -0.00318417
 49  19  -0.00787874
 49  26   0.02685740
 49  31  -0.00903564
 49  34   0.01464090
 49  36  -0.11183539
 49  39   0.01816919
 50  12  -0.02490019
 50  17   0.00289703
 50  20  -0.02628508
 50  27   0.01474467
 50  32  -0.00600598
 50  37   0.11554886
 51   9   0.00607056
 51  29   0.01265584
 51  40   0.01215877
 52  11  -0.01203228
 52  16   0.00209597
 52  19  -0.01323396
 52  26  -0.01334153
 52  31   0.01724468
 52  34  -0.00559370
 52  36  -0.04674205
 52  39   0.00556253
 53  10   0.00228058
 53  15   0.01360882
 53  25   0.00630119
 53  30   0.01084129
 53  33   0.01978198
 53  38  -0.00576323
 53  41  -0.01605795
 54  11  -0.00972872
 54  16   0.00442927
 54  19   0.00482633
 54  26   0.03049254
 54  31  -0.00019438
 54  34   0.03526564
 54  36   0.03926009
 54  39   0.01944618
 55   9   0.02670063
 55  29  -0.00697376
 55  40  -0.01977347

Jf nJf  Ji nJi  Lambda =   1 2      1 2      0
-------------- OBTD ---------------------
  3   0   0.02895088
  4   1  -0.07567907
  5   2   0.06015552

-------------- TBTD ---------------------
  9   0   0.01200612
  9  21   0.00919653
  9  35   0.00112045
 10   3   0.06012000
 10  23  -0.19036046
 11   1   0.01139954
 11   4   0.01324615
 11   7  -0.00945255
 11  22  -0.00830972
 11  24   0.02558134
 12   5  -0.02027165
 12   8  -0.01499408
 13   2   0.02160835
 13   6  -0.00472362
 15   3  -0.06608391
 15  23   0.00555085
 16   1   0.02728865
 16   4  -0.06091719
 16   7   0.08739938
 16  22  -0.00776220
 16  24   0.03392862
 17   5  -0.02637256
 17   8  -0.06300943
 18   2  -0.03303645
 18   6  -0.07412219
 19   1  -0.01921990
 19   4   0.00667243
 19   7   0.07396373
 19  22   0.01537762
 19  24  -0.02986035
 20   5  -0.01806334
 20   8   0.06739177
 25   3   0.02453252
 25  23  -0.04375557
 26   1   0.00369244
 26   4   0.01084016
 26   7   0.02613275
 26  22   0.01424497
 26  24  -0.03494556
 27   5   0.01627203
 27   8  -0.01469345
 28   2   0.00325185
 28   6  -0.02602198
 29   0  -0.00173944
 29  21   0.00164972
 29  35   0.03207249
 30   3  -0.01009610
 30  23   0.07225953
 31   1   0.00769359
 31   4  -0.01526214
 31   7   0.05274042
 31  22  -0.01626578
 31  24   0.00284111
 32   5  -0.00979866
 32   8  -0.03956681
 33   3  -0.00527703
 33  23   0.04144425
 34   1   0.02038094
 34   4   0.01306904
 34   7   0.01781592
 34  22   0.00446693
 34  24  -0.00246792
 36   1   0.01010305
 36   4   0.01155723
 36   7   0.01529828
 36  22   0.00080650
 36  24   0.02431262
 37   5  -0.00856781
 37   8  -0.01371721
 38   3   0.00069029
 38  23  -0.06508090
 39   1  -0.01413451
 39   4  -0.00920593
 39   7   0.05662524
 39  22  -0.00257905
 39  24   0.02332038
 40   0  -0.01493113
 40  21  -0.00080179
 40  35   0.01089568
 41   3   0.00832380
 41  23  -0.08726306
 42   9   0.01139842
 42  29   0.00928364
 42  40   0.00072801
 43  11   0.01183973
 43  16  -0.00839536
 43  19  -0.02821882
 43  26  -0.02683769
 43  31  -0.00821279
 43  34   0.00876211
 43  36   0.01573833
 43  39  -0.02682680
 44  13   0.02147817
 44  18   0.01821373
 44  28   0.02540116
 45  10  -0.00482119
 45  15   0.00583004
 45  25  -0.04748410
 45  30   0.00341170
 45  33  -0.01348582
 45  38  -0.02309086
 45  41   0.04542584
 46  11   0.01693720
 46  16  -0.01990403
 46  19  -0.00041319
 46  26   0.05203124
 46  31  -0.01571443
 46  34   0.01657691
 46  36   0.06168063
 46  39  -0.05133689
 47  12  -0.02265353
 47  17   0.02034051
 47  20  -0.04055323
 47  27  -0.03082097
 47  32  -0.00099506
 47  37   0.03647934
 48  13  -0.02562046
 48  18   0.01697381
 48  28   0.06494605
 49  11  -0.00622847
 49  16   0.00584512
 49  19   0.03706007
 49  26  -0.01237518
 49  31   0.01142481
 49  34   0.00224585
 49  36   0.05145042
 49  39   0.00820708
 50  12  -0.00331888
 50  17   0.00015551
 50  20  -0.00537552
 50  27  -0.00983640
 50  32   0.00358511
 50  37  -0.08695895
 51   9  -0.00190302
 51  29   0.00168871
 51  40   0.03165717
 52  11   0.00769892
 52  16  -0.01148822
 52  19   0.00166893
 52  26   0.01009593
 52  31  -0.01621755
 52  34   0.00444261
 52  36   0.07220860
 52  39   0.00046547
 53  10  -0.03156786
 53  15   0.01988655
 53  25  -0.02381861
 53  30  -0.00775948
 53  33  -0.02100343
 53  38  -0.00426471
 53  41  -0.03453176
 54  11   0.02436547
 54  16  -0.00234307
 54  19   0.02427104
 54  26  -0.02485022
 54  31   0.00501594
 54  34  -0.02020705
 54  36  -0.06427511
 54  39   0.00565093
 55   9  -0.01570463
 55  29  -0.00090429
 55  40   0.01074459
