############################################################################################################
# initial vector basename: mg260
# final   vector basename: mg260
# Operator file: Rp2.int
# Zero body term: 3.77117
# Jf  nJf     Ji  nJi      Ei          Ef         <Op1b>          <Op2b>         <Op1b+2b>     <Op0b+1b+2b>
###########################################################################################################
 0.0   1     0.0   1    -97.462     -97.462    3.827107e+00   -5.698552e-01    3.257252e+00    7.028422e+00
 0.0   1     0.0   2    -97.462     -93.571   -2.891583e-02    2.239960e-02   -6.516230e-03   -6.516230e-03
 0.0   2     0.0   1    -93.571     -97.462    0.000000e+00    0.000000e+00    0.000000e+00    0.000000e+00
 0.0   2     0.0   2    -93.571     -93.571    3.903492e+00   -6.050449e-01    3.298448e+00    7.069618e+00
 1.0   1     1.0   1    -91.407     -91.407    3.972528e+00   -5.345422e-01    3.437986e+00    7.209156e+00
 1.0   1     1.0   2    -91.407     -90.349   -3.506473e-03   -2.689373e-02   -3.040021e-02   -3.040021e-02
 1.0   2     1.0   1    -90.349     -91.407    0.000000e+00    0.000000e+00    0.000000e+00    0.000000e+00
 1.0   2     1.0   2    -90.349     -90.349    3.933392e+00   -5.789610e-01    3.354431e+00    7.125601e+00
