############################################################################################################
# initial vector basename: al260
# final   vector basename: al260
# Operator file: Iso2.int
# Zero body term: 0.00275787
# Jf  nJf     Ji  nJi      Ei          Ef         <Op1b>          <Op2b>         <Op1b+2b>     <Op0b+1b+2b>
###########################################################################################################
 0.0   1     0.0   1    -92.604     -92.604    7.495008e+00   -5.495094e+00    1.999914e+00    2.002672e+00
 0.0   1     0.0   2    -92.604     -88.765    2.590938e-04    1.463121e-04    4.054058e-04    4.054058e-04
 0.0   2     0.0   1    -88.765     -92.604    0.000000e+00    0.000000e+00    0.000000e+00    0.000000e+00
 0.0   2     0.0   2    -88.765     -88.765    7.494671e+00   -5.496696e+00    1.997975e+00    2.000733e+00
 1.0   1     1.0   1    -91.980     -91.980    7.494557e+00   -7.492290e+00    2.267360e-03    5.025230e-03
 1.0   1     1.0   2    -91.980     -91.838   -1.480301e-05    5.204872e-05    3.724570e-05    3.724570e-05
 1.0   2     1.0   1    -91.838     -91.980    0.000000e+00    0.000000e+00    0.000000e+00    0.000000e+00
 1.0   2     1.0   2    -91.838     -91.838    7.494842e+00   -7.492306e+00    2.536492e-03    5.294362e-03
