############################################################################################################
# initial vector basename: si260
# final   vector basename: si260
# Operator file: VCoul.int
# Zero body term: 14.393
# Jf  nJf     Ji  nJi      Ei          Ef         <Op1b>          <Op2b>         <Op1b+2b>     <Op0b+1b+2b>
###########################################################################################################
 0.0   1     0.0   1    -86.883     -86.883    1.934133e+01    7.039395e+00    2.638073e+01    4.077373e+01
 0.0   1     0.0   2    -86.883     -83.408   -3.042619e-01   -1.272140e-01   -4.314760e-01   -4.314760e-01
 0.0   2     0.0   1    -83.408     -86.883    0.000000e+00    0.000000e+00    0.000000e+00    0.000000e+00
 0.0   2     0.0   2    -83.408     -83.408    1.903872e+01    6.763484e+00    2.580220e+01    4.019520e+01
 1.0   1     1.0   1    -80.932     -80.932    1.903739e+01    6.793236e+00    2.583063e+01    4.022363e+01
 1.0   1     1.0   2    -80.932     -80.230   -8.075188e-02   -1.045686e-01   -1.853205e-01   -1.853205e-01
 1.0   2     1.0   1    -80.230     -80.932    0.000000e+00    0.000000e+00    0.000000e+00    0.000000e+00
 1.0   2     1.0   2    -80.230     -80.230    1.901734e+01    6.731513e+00    2.574886e+01    4.014186e+01
