############################################################################################################
# initial vector basename: mg260
# final   vector basename: mg260
# Operator file: VCoul.int
# Zero body term: 14.393
# Jf  nJf     Ji  nJi      Ei          Ef         <Op1b>          <Op2b>         <Op1b+2b>     <Op0b+1b+2b>
###########################################################################################################
 0.0   1     0.0   1    -97.462     -97.462    1.275714e+01    3.632180e+00    1.638932e+01    3.078232e+01
 0.0   1     0.0   2    -97.462     -93.571   -1.199149e-02   -2.636171e-02   -3.835320e-02   -3.835320e-02
 0.0   2     0.0   1    -93.571     -97.462    0.000000e+00    0.000000e+00    0.000000e+00    0.000000e+00
 0.0   2     0.0   2    -93.571     -93.571    1.271327e+01    3.678354e+00    1.639162e+01    3.078462e+01
 1.0   1     1.0   1    -91.407     -91.407    1.263210e+01    3.396705e+00    1.602880e+01    3.042180e+01
 1.0   1     1.0   2    -91.407     -90.349   -1.358214e-03    8.571951e-02    8.436129e-02    8.436129e-02
 1.0   2     1.0   1    -90.349     -91.407    0.000000e+00    0.000000e+00    0.000000e+00    0.000000e+00
 1.0   2     1.0   2    -90.349     -90.349    1.268836e+01    3.571029e+00    1.625939e+01    3.065239e+01
