############################################################################################################
# initial vector basename: si260
# final   vector basename: si260
# Operator file: Rp2.int
# Zero body term: 3.77117
# Jf  nJf     Ji  nJi      Ei          Ef         <Op1b>          <Op2b>         <Op1b+2b>     <Op0b+1b+2b>
###########################################################################################################
 0.0   1     0.0   1    -86.883     -86.883    5.743542e+00   -5.449932e-01    5.198549e+00    8.969719e+00
 0.0   1     0.0   2    -86.883     -83.408   -2.002025e-01   -2.294828e-02   -2.231508e-01   -2.231508e-01
 0.0   2     0.0   1    -83.408     -86.883    0.000000e+00    0.000000e+00    0.000000e+00    0.000000e+00
 0.0   2     0.0   2    -83.408     -83.408    5.936597e+00   -4.647266e-01    5.471870e+00    9.243040e+00
 1.0   1     1.0   1    -80.932     -80.932    5.991052e+00   -5.146679e-01    5.476384e+00    9.247554e+00
 1.0   1     1.0   2    -80.932     -80.230   -4.066596e-02   -3.553263e-02   -7.619859e-02   -7.619859e-02
 1.0   2     1.0   1    -80.230     -80.932    0.000000e+00    0.000000e+00    0.000000e+00    0.000000e+00
 1.0   2     1.0   2    -80.230     -80.230    6.009755e+00   -4.882579e-01    5.521497e+00    9.292667e+00
