############################################################################################################
# initial vector basename: al260
# final   vector basename: al260
# Operator file: Rp2.int
# Zero body term: 3.77117
# Jf  nJf     Ji  nJi      Ei          Ef         <Op1b>          <Op2b>         <Op1b+2b>     <Op0b+1b+2b>
###########################################################################################################
 0.0   1     0.0   1    -92.604     -92.604    4.784243e+00   -5.696875e-01    4.214556e+00    7.985726e+00
 0.0   1     0.0   2    -92.604     -88.765   -1.137643e-01    2.484682e-03   -1.112796e-01   -1.112796e-01
 0.0   2     0.0   1    -88.765     -92.604    0.000000e+00    0.000000e+00    0.000000e+00    0.000000e+00
 0.0   2     0.0   2    -88.765     -88.765    4.924973e+00   -5.400680e-01    4.384905e+00    8.156075e+00
 1.0   1     1.0   1    -91.980     -91.980    5.039700e+00   -6.059029e-01    4.433797e+00    8.204967e+00
 1.0   1     1.0   2    -91.980     -91.838    1.597120e-02   -8.968739e-04    1.507433e-02    1.507433e-02
 1.0   2     1.0   1    -91.838     -91.980    0.000000e+00    0.000000e+00    0.000000e+00    0.000000e+00
 1.0   2     1.0   2    -91.838     -91.838    4.901237e+00   -5.601126e-01    4.341124e+00    8.112294e+00
