      1      4      1      4          10           0  0.253307257847023     
      1      4      1      4           8           0  -2.04007067857143     
      1      4      1      4           6           0   2.61701768959808     
      1      4      1      4           4           0  -6.23310014328654     
      1      4      1      4           2           0   5.28659716314364     
      1      4      1      4           0           0  -10.2453643333333     
      1      4      1      5           8           0  -5.12732849959358     
      1      4      1      5           6           0  0.303707118901275     
      1      4      1      5           4           0  -4.70552791955297     
      1      4      1      5           2           0 -0.999491954736845     
      1      4      1      6           6           0  0.542098992910593     
      1      4      1      6           4           0  -3.76564291560204     
      1      4      2      4           8           0  -5.07625582838198     
      1      4      2      4           6           0  0.286629074611586     
      1      4      2      4           4           0  -4.61868437825785     
      1      4      2      4           2           0  -1.09536784658341     
      1      4      2      5           8           0  -5.13439430771773     
      1      4      2      5           6           0 -0.286083017772143     
      1      4      2      5           4           0  -1.20482800665691     
      1      4      2      5           2           0  -1.00722477123694     
      1      4      2      6           6           0  0.929748937696003     
      1      4      2      6           4           0  -1.16868761505766     
      1      4      3      4           6           0  0.537881375158538     
      1      4      3      4           4           0  -3.61624716526423     
      1      4      3      5           6           0  0.958956113761809     
      1      4      3      5           4           0  -1.13825186686970     
      1      4      3      6           6           0 -3.443728547047886E-004
      1      4      3      6           4           0  -2.03119847985650     
      1      5      1      4           8           0   5.12732849959358     
      1      5      1      4           6           0 -0.303707118901275     
      1      5      1      4           4           0   4.70552791955297     
      1      5      1      4           2           0  0.999491954736847     
      1      5      1      5           6           0   1.46828737597294     
      1      5      1      5           4           0  -4.45555656436537     
      1      5      1      5           2           0  0.135054161357672     
      1      5      1      5           0           0  -9.30866890428058     
      1      5      1      6           4           0   1.93978557571668     
      1      5      1      6           2           0 -0.342110473242592     
      1      5      2      4           8           0   8.12537758928572     
      1      5      2      4           6           0  -2.57394341883924     
      1      5      2      4           4           0   1.69210306672942     
      1      5      2      4           2           0  -4.31316162456332     
      1      5      2      5           6           0   2.01589877941913     
      1      5      2      5           4           0  -3.08684555075543     
      1      5      2      5           2           0   2.67653523773196     
      1      5      2      6           4           0   2.07821904826997     
      1      5      2      6           2           0   1.33317796266557     
      1      5      3      4           6           0  0.903240900926899     
      1      5      3      4           4           0   2.37897193109708     
      1      5      3      5           6           0  -1.19445335057511     
      1      5      3      5           4           0  -2.99147591051042     
      1      5      3      6           4           0   3.06414265342950     
      1      6      1      4           6           0  0.542098992910592     
      1      6      1      4           4           0  -3.76564291560204     
      1      6      1      5           4           0  -1.93978557571668     
      1      6      1      5           2           0  0.342110473242591     
      1      6      1      6           2           0   1.52877247171325     
      1      6      1      6           0           0  -3.94951477179919     
      1      6      2      4           6           0 -0.949791718709228     
      1      6      2      4           4           0  -2.47150457313245     
      1      6      2      5           4           0 -0.806686244878614     
      1      6      2      5           2           0 -9.552474142933759E-002
      1      6      2      6           2           0  -1.24625124461372     
      1      6      3      4           6           0  0.459765213600973     
      1      6      3      4           4           0  -5.20906662969929     
      1      6      3      5           4           0  -3.99829973415951     
      2      4      1      4           8           0   5.07625582838198     
      2      4      1      4           6           0 -0.286629074611586     
      2      4      1      4           4           0   4.61868437825785     
      2      4      1      4           2           0   1.09536784658341     
      2      4      1      5           8           0   8.12537758928572     
      2      4      1      5           6           0  -2.57394341883924     
      2      4      1      5           4           0   1.69210306672942     
      2      4      1      5           2           0  -4.31316162456333     
      2      4      1      6           6           0  0.949791718709227     
      2      4      1      6           4           0   2.47150457313245     
      2      4      2      4           6           0   1.50308166091386     
      2      4      2      4           4           0  -4.39972848066847     
      2      4      2      4           2           0  0.117295651126228     
      2      4      2      4           0           0  -9.27302984914381     
      2      4      2      5           6           0   1.98919862273573     
      2      4      2      5           4           0  -3.13698009500650     
      2      4      2      5           2           0   2.63023723138375     
      2      4      2      6           6           0  -1.23586219845329     
      2      4      2      6           4           0  -3.07543788458590     
      2      4      3      4           4           0   1.83655378703007     
      2      4      3      4           2           0 -0.315545992077615     
      2      4      3      5           4           0   2.01161609954307     
      2      4      3      5           2           0   1.34165212786824     
      2      4      3      6           4           0   3.01965134648646     
      2      5      1      4           8           0  -5.13439430771773     
      2      5      1      4           6           0 -0.286083017772143     
      2      5      1      4           4           0  -1.20482800665691     
      2      5      1      4           2           0  -1.00722477123694     
      2      5      1      5           6           0  -2.01589877941913     
      2      5      1      5           4           0   3.08684555075543     
      2      5      1      5           2           0  -2.67653523773196     
      2      5      1      6           4           0 -0.806686244878614     
      2      5      1      6           2           0 -9.552474142933756E-002
      2      5      2      4           6           0  -1.98919862273573     
      2      5      2      4           4           0   3.13698009500650     
      2      5      2      4           2           0  -2.63023723138375     
      2      5      2      5           6           0 -0.214178330983039     
      2      5      2      5           4           0  -2.05831712019159     
      2      5      2      5           2           0   4.78267240418153     
      2      5      2      5           0           0  -4.79245200000000     
      2      5      2      6           4           0   1.24606395982292     
      2      5      2      6           2           0  0.342244480823905     
      2      5      3      4           4           0 -0.846199623758943     
      2      5      3      4           2           0  3.232660514534463E-002
      2      5      3      5           4           0   1.23124591270791     
      2      5      3      5           2           0  0.310655718048238     
      2      5      3      6           4           0 -0.571938026466088     
      2      5      3      6           2           0 -0.971069653552760     
      2      6      1      4           6           0 -0.929748937696003     
      2      6      1      4           4           0   1.16868761505766     
      2      6      1      5           4           0   2.07821904826997     
      2      6      1      5           2           0   1.33317796266557     
      2      6      1      6           2           0   1.24625124461372     
      2      6      2      4           6           0  -1.23586219845329     
      2      6      2      4           4           0  -3.07543788458590     
      2      6      2      5           4           0  -1.24606395982292     
      2      6      2      5           2           0 -0.342244480823905     
      2      6      2      6           2           0  -1.07053880101418     
      2      6      2      6           0           0  -2.98564984266929     
      2      6      3      4           4           0   3.94304984853745     
      2      6      3      5           4           0   3.37257552135430     
      2      6      3      5           2           0 -0.684607154604410     
      2      6      3      6           2           0  -1.08935055060412     
      3      4      1      4           6           0  0.537881375158537     
      3      4      1      4           4           0  -3.61624716526423     
      3      4      1      5           6           0 -0.903240900926899     
      3      4      1      5           4           0  -2.37897193109708     
      3      4      1      6           6           0  0.459765213600973     
      3      4      1      6           4           0  -5.20906662969929     
      3      4      2      4           4           0  -1.83655378703007     
      3      4      2      4           2           0  0.315545992077615     
      3      4      2      5           4           0 -0.846199623758943     
      3      4      2      5           2           0  3.232660514534463E-002
      3      4      2      6           4           0  -3.94304984853746     
      3      4      3      4           2           0   1.53430753295199     
      3      4      3      4           0           0  -3.79788094047490     
      3      4      3      5           2           0  -1.20490187557380     
      3      5      1      4           6           0 -0.958956113761810     
      3      5      1      4           4           0   1.13825186686970     
      3      5      1      5           6           0  -1.19445335057511     
      3      5      1      5           4           0  -2.99147591051042     
      3      5      1      6           4           0   3.99829973415951     
      3      5      2      4           4           0   2.01161609954307     
      3      5      2      4           2           0   1.34165212786824     
      3      5      2      5           4           0  -1.23124591270791     
      3      5      2      5           2           0 -0.310655718048238     
      3      5      2      6           4           0   3.37257552135430     
      3      5      2      6           2           0 -0.684607154604410     
      3      5      3      4           2           0   1.20490187557380     
      3      5      3      5           2           0  -1.04334916860643     
      3      5      3      5           0           0  -2.98638046075095     
      3      5      3      6           2           0  -1.13659018503857     
      3      6      1      4           6           0 -3.443728547045666E-004
      3      6      1      4           4           0  -2.03119847985650     
      3      6      1      5           4           0  -3.06414265342950     
      3      6      2      4           4           0  -3.01965134648646     
      3      6      2      5           4           0 -0.571938026466088     
      3      6      2      5           2           0 -0.971069653552759     
      3      6      2      6           2           0   1.08935055060412     
      3      6      3      5           2           0   1.13659018503857     
      3      6      3      6           2           0   1.23980803023563     
      3      6      3      6           0           0  -4.51023050000000     
      4      1      4      1          10           0  0.253307257847023     
      4      1      4      1           8           0  -2.04007067857143     
      4      1      4      1           6           0   2.61701768959808     
      4      1      4      1           4           0  -6.23310014328654     
      4      1      4      1           2           0   5.28659716314364     
      4      1      4      1           0           0  -10.2453643333333     
      4      1      4      2           8           0  -5.07625582838198     
      4      1      4      2           6           0  0.286629074611586     
      4      1      4      2           4           0  -4.61868437825785     
      4      1      4      2           2           0  -1.09536784658341     
      4      1      4      3           6           0  0.537881375158538     
      4      1      4      3           4           0  -3.61624716526423     
      4      1      5      1           8           0  -5.12732849959358     
      4      1      5      1           6           0  0.303707118901275     
      4      1      5      1           4           0  -4.70552791955297     
      4      1      5      1           2           0 -0.999491954736845     
      4      1      5      2           8           0  -5.13439430771773     
      4      1      5      2           6           0 -0.286083017772143     
      4      1      5      2           4           0  -1.20482800665691     
      4      1      5      2           2           0  -1.00722477123694     
      4      1      5      3           6           0  0.958956113761809     
      4      1      5      3           4           0  -1.13825186686970     
      4      1      6      1           6           0  0.542098992910593     
      4      1      6      1           4           0  -3.76564291560204     
      4      1      6      2           6           0  0.929748937696003     
      4      1      6      2           4           0  -1.16868761505766     
      4      1      6      3           6           0 -3.443728547047886E-004
      4      1      6      3           4           0  -2.03119847985650     
      4      2      4      1           8           0   5.07625582838198     
      4      2      4      1           6           0 -0.286629074611586     
      4      2      4      1           4           0   4.61868437825785     
      4      2      4      1           2           0   1.09536784658341     
      4      2      4      2           6           0   1.50308166091386     
      4      2      4      2           4           0  -4.39972848066847     
      4      2      4      2           2           0  0.117295651126229     
      4      2      4      2           0           0  -9.27302984914381     
      4      2      4      3           4           0   1.83655378703007     
      4      2      4      3           2           0 -0.315545992077615     
      4      2      5      1           8           0   8.12537758928572     
      4      2      5      1           6           0  -2.57394341883924     
      4      2      5      1           4           0   1.69210306672942     
      4      2      5      1           2           0  -4.31316162456332     
      4      2      5      2           6           0   1.98919862273573     
      4      2      5      2           4           0  -3.13698009500650     
      4      2      5      2           2           0   2.63023723138375     
      4      2      5      3           4           0   2.01161609954307     
      4      2      5      3           2           0   1.34165212786824     
      4      2      6      1           6           0  0.949791718709227     
      4      2      6      1           4           0   2.47150457313245     
      4      2      6      2           6           0  -1.23586219845329     
      4      2      6      2           4           0  -3.07543788458590     
      4      2      6      3           4           0   3.01965134648646     
      4      3      4      1           6           0  0.537881375158537     
      4      3      4      1           4           0  -3.61624716526423     
      4      3      4      2           4           0  -1.83655378703007     
      4      3      4      2           2           0  0.315545992077615     
      4      3      4      3           2           0   1.53430753295199     
      4      3      4      3           0           0  -3.79788094047490     
      4      3      5      1           6           0 -0.903240900926899     
      4      3      5      1           4           0  -2.37897193109708     
      4      3      5      2           4           0 -0.846199623758943     
      4      3      5      2           2           0  3.232660514534463E-002
      4      3      5      3           2           0  -1.20490187557380     
      4      3      6      1           6           0  0.459765213600973     
      4      3      6      1           4           0  -5.20906662969929     
      4      3      6      2           4           0  -3.94304984853746     
      5      1      4      1           8           0   5.12732849959358     
      5      1      4      1           6           0 -0.303707118901275     
      5      1      4      1           4           0   4.70552791955297     
      5      1      4      1           2           0  0.999491954736847     
      5      1      4      2           8           0   8.12537758928572     
      5      1      4      2           6           0  -2.57394341883924     
      5      1      4      2           4           0   1.69210306672942     
      5      1      4      2           2           0  -4.31316162456333     
      5      1      4      3           6           0  0.903240900926899     
      5      1      4      3           4           0   2.37897193109708     
      5      1      5      1           6           0   1.46828737597294     
      5      1      5      1           4           0  -4.45555656436537     
      5      1      5      1           2           0  0.135054161357671     
      5      1      5      1           0           0  -9.30866890428058     
      5      1      5      2           6           0   2.01589877941913     
      5      1      5      2           4           0  -3.08684555075543     
      5      1      5      2           2           0   2.67653523773196     
      5      1      5      3           6           0  -1.19445335057511     
      5      1      5      3           4           0  -2.99147591051042     
      5      1      6      1           4           0   1.93978557571668     
      5      1      6      1           2           0 -0.342110473242592     
      5      1      6      2           4           0   2.07821904826997     
      5      1      6      2           2           0   1.33317796266557     
      5      1      6      3           4           0   3.06414265342950     
      5      2      4      1           8           0  -5.13439430771773     
      5      2      4      1           6           0 -0.286083017772143     
      5      2      4      1           4           0  -1.20482800665691     
      5      2      4      1           2           0  -1.00722477123694     
      5      2      4      2           6           0  -1.98919862273573     
      5      2      4      2           4           0   3.13698009500650     
      5      2      4      2           2           0  -2.63023723138375     
      5      2      4      3           4           0 -0.846199623758943     
      5      2      4      3           2           0  3.232660514534463E-002
      5      2      5      1           6           0  -2.01589877941913     
      5      2      5      1           4           0   3.08684555075543     
      5      2      5      1           2           0  -2.67653523773196     
      5      2      5      2           6           0 -0.214178330983039     
      5      2      5      2           4           0  -2.05831712019159     
      5      2      5      2           2           0   4.78267240418153     
      5      2      5      2           0           0  -4.79245200000000     
      5      2      5      3           4           0   1.23124591270791     
      5      2      5      3           2           0  0.310655718048238     
      5      2      6      1           4           0 -0.806686244878614     
      5      2      6      1           2           0 -9.552474142933756E-002
      5      2      6      2           4           0   1.24606395982292     
      5      2      6      2           2           0  0.342244480823905     
      5      2      6      3           4           0 -0.571938026466088     
      5      2      6      3           2           0 -0.971069653552760     
      5      3      4      1           6           0 -0.958956113761810     
      5      3      4      1           4           0   1.13825186686970     
      5      3      4      2           4           0   2.01161609954307     
      5      3      4      2           2           0   1.34165212786824     
      5      3      4      3           2           0   1.20490187557380     
      5      3      5      1           6           0  -1.19445335057511     
      5      3      5      1           4           0  -2.99147591051042     
      5      3      5      2           4           0  -1.23124591270791     
      5      3      5      2           2           0 -0.310655718048238     
      5      3      5      3           2           0  -1.04334916860643     
      5      3      5      3           0           0  -2.98638046075095     
      5      3      6      1           4           0   3.99829973415951     
      5      3      6      2           4           0   3.37257552135430     
      5      3      6      2           2           0 -0.684607154604410     
      5      3      6      3           2           0  -1.13659018503857     
      6      1      4      1           6           0  0.542098992910592     
      6      1      4      1           4           0  -3.76564291560204     
      6      1      4      2           6           0 -0.949791718709228     
      6      1      4      2           4           0  -2.47150457313245     
      6      1      4      3           6           0  0.459765213600973     
      6      1      4      3           4           0  -5.20906662969929     
      6      1      5      1           4           0  -1.93978557571668     
      6      1      5      1           2           0  0.342110473242591     
      6      1      5      2           4           0 -0.806686244878614     
      6      1      5      2           2           0 -9.552474142933759E-002
      6      1      5      3           4           0  -3.99829973415951     
      6      1      6      1           2           0   1.52877247171325     
      6      1      6      1           0           0  -3.94951477179919     
      6      1      6      2           2           0  -1.24625124461372     
      6      2      4      1           6           0 -0.929748937696003     
      6      2      4      1           4           0   1.16868761505766     
      6      2      4      2           6           0  -1.23586219845329     
      6      2      4      2           4           0  -3.07543788458590     
      6      2      4      3           4           0   3.94304984853745     
      6      2      5      1           4           0   2.07821904826997     
      6      2      5      1           2           0   1.33317796266557     
      6      2      5      2           4           0  -1.24606395982292     
      6      2      5      2           2           0 -0.342244480823905     
      6      2      5      3           4           0   3.37257552135430     
      6      2      5      3           2           0 -0.684607154604410     
      6      2      6      1           2           0   1.24625124461372     
      6      2      6      2           2           0  -1.07053880101418     
      6      2      6      2           0           0  -2.98564984266929     
      6      2      6      3           2           0  -1.08935055060412     
      6      3      4      1           6           0 -3.443728547045666E-004
      6      3      4      1           4           0  -2.03119847985650     
      6      3      4      2           4           0  -3.01965134648646     
      6      3      5      1           4           0  -3.06414265342950     
      6      3      5      2           4           0 -0.571938026466088     
      6      3      5      2           2           0 -0.971069653552759     
      6      3      5      3           2           0   1.13659018503857     
      6      3      6      2           2           0   1.08935055060412     
      6      3      6      3           2           0   1.23980803023563     
      6      3      6      3           0           0  -4.51023050000000     
         336          10
   1   1   4   4   0   0   0   0-10.2454   1   1
   1   1   4   4   2   0   0   0  5.2866   1   1
   1   1   4   4   4   0   0   0 -6.2331   1   1
   1   1   4   4   6   0   0   0  2.6170   1   1
   1   1   4   4   8   0   0   0 -2.0401   1   1
   1   1   4   4  10   0   0   0  0.2533   1   1
   1   1   4   5   2   0   0   0 -0.9995   1   1
   1   1   4   5   4   0   0   0 -4.7055   1   1
   1   1   4   5   6   0   0   0  0.3037   1   1
   1   1   4   5   8   0   0   0 -5.1273   1   1
   1   1   4   6   4   0   0   0 -3.7656   1   1
   1   1   4   6   6   0   0   0  0.5421   1   1
   1   1   5   4   2   0   0   0  0.9995   1   1
   1   1   5   4   4   0   0   0  4.7055   1   1
   1   1   5   4   6   0   0   0 -0.3037   1   1
   1   1   5   4   8   0   0   0  5.1273   1   1
   1   1   5   5   0   0   0   0 -9.3087   1   1
   1   1   5   5   2   0   0   0  0.1351   1   1
   1   1   5   5   4   0   0   0 -4.4556   1   1
   1   1   5   5   6   0   0   0  1.4683   1   1
   1   1   5   6   2   0   0   0 -0.3421   1   1
   1   1   5   6   4   0   0   0  1.9398   1   1
   1   1   6   4   4   0   0   0 -3.7656   1   1
   1   1   6   4   6   0   0   0  0.5421   1   1
   1   1   6   5   2   0   0   0  0.3421   1   1
   1   1   6   5   4   0   0   0 -1.9398   1   1
   1   1   6   6   0   0   0   0 -3.9495   1   1
   1   1   6   6   2   0   0   0  1.5288   1   1
   1   2   4   4   2   0   0   0 -1.0954   1   1
   1   2   4   4   4   0   0   0 -4.6187   1   1
   1   2   4   4   6   0   0   0  0.2866   1   1
   1   2   4   4   8   0   0   0 -5.0763   1   1
   1   2   4   5   2   0   0   0 -1.0072   1   1
   1   2   4   5   4   0   0   0 -1.2048   1   1
   1   2   4   5   6   0   0   0 -0.2861   1   1
   1   2   4   5   8   0   0   0 -5.1344   1   1
   1   2   4   6   4   0   0   0 -1.1687   1   1
   1   2   4   6   6   0   0   0  0.9297   1   1
   1   2   5   4   2   0   0   0 -4.3132   1   1
   1   2   5   4   4   0   0   0  1.6921   1   1
   1   2   5   4   6   0   0   0 -2.5739   1   1
   1   2   5   4   8   0   0   0  8.1254   1   1
   1   2   5   5   2   0   0   0  2.6765   1   1
   1   2   5   5   4   0   0   0 -3.0868   1   1
   1   2   5   5   6   0   0   0  2.0159   1   1
   1   2   5   6   2   0   0   0  1.3332   1   1
   1   2   5   6   4   0   0   0  2.0782   1   1
   1   2   6   4   4   0   0   0 -2.4715   1   1
   1   2   6   4   6   0   0   0 -0.9498   1   1
   1   2   6   5   2   0   0   0 -0.0955   1   1
   1   2   6   5   4   0   0   0 -0.8067   1   1
   1   2   6   6   2   0   0   0 -1.2463   1   1
   1   3   4   4   4   0   0   0 -3.6162   1   1
   1   3   4   4   6   0   0   0  0.5379   1   1
   1   3   4   5   4   0   0   0 -1.1383   1   1
   1   3   4   5   6   0   0   0  0.9590   1   1
   1   3   4   6   4   0   0   0 -2.0312   1   1
   1   3   4   6   6   0   0   0 -0.0003   1   1
   1   3   5   4   4   0   0   0  2.3790   1   1
   1   3   5   4   6   0   0   0  0.9032   1   1
   1   3   5   5   4   0   0   0 -2.9915   1   1
   1   3   5   5   6   0   0   0 -1.1945   1   1
   1   3   5   6   4   0   0   0  3.0641   1   1
   1   3   6   4   4   0   0   0 -5.2091   1   1
   1   3   6   4   6   0   0   0  0.4598   1   1
   1   3   6   5   4   0   0   0 -3.9983   1   1
   2   1   4   4   2   0   0   0  1.0954   1   1
   2   1   4   4   4   0   0   0  4.6187   1   1
   2   1   4   4   6   0   0   0 -0.2866   1   1
   2   1   4   4   8   0   0   0  5.0763   1   1
   2   1   4   5   2   0   0   0 -4.3132   1   1
   2   1   4   5   4   0   0   0  1.6921   1   1
   2   1   4   5   6   0   0   0 -2.5739   1   1
   2   1   4   5   8   0   0   0  8.1254   1   1
   2   1   4   6   4   0   0   0  2.4715   1   1
   2   1   4   6   6   0   0   0  0.9498   1   1
   2   1   5   4   2   0   0   0 -1.0072   1   1
   2   1   5   4   4   0   0   0 -1.2048   1   1
   2   1   5   4   6   0   0   0 -0.2861   1   1
   2   1   5   4   8   0   0   0 -5.1344   1   1
   2   1   5   5   2   0   0   0 -2.6765   1   1
   2   1   5   5   4   0   0   0  3.0868   1   1
   2   1   5   5   6   0   0   0 -2.0159   1   1
   2   1   5   6   2   0   0   0 -0.0955   1   1
   2   1   5   6   4   0   0   0 -0.8067   1   1
   2   1   6   4   4   0   0   0  1.1687   1   1
   2   1   6   4   6   0   0   0 -0.9297   1   1
   2   1   6   5   2   0   0   0  1.3332   1   1
   2   1   6   5   4   0   0   0  2.0782   1   1
   2   1   6   6   2   0   0   0  1.2463   1   1
   2   2   4   4   0   0   0   0 -9.2730   1   1
   2   2   4   4   2   0   0   0  0.1173   1   1
   2   2   4   4   4   0   0   0 -4.3997   1   1
   2   2   4   4   6   0   0   0  1.5031   1   1
   2   2   4   5   2   0   0   0  2.6302   1   1
   2   2   4   5   4   0   0   0 -3.1370   1   1
   2   2   4   5   6   0   0   0  1.9892   1   1
   2   2   4   6   4   0   0   0 -3.0754   1   1
   2   2   4   6   6   0   0   0 -1.2359   1   1
   2   2   5   4   2   0   0   0 -2.6302   1   1
   2   2   5   4   4   0   0   0  3.1370   1   1
   2   2   5   4   6   0   0   0 -1.9892   1   1
   2   2   5   5   0   0   0   0 -4.7925   1   1
   2   2   5   5   2   0   0   0  4.7827   1   1
   2   2   5   5   4   0   0   0 -2.0583   1   1
   2   2   5   5   6   0   0   0 -0.2142   1   1
   2   2   5   6   2   0   0   0  0.3422   1   1
   2   2   5   6   4   0   0   0  1.2461   1   1
   2   2   6   4   4   0   0   0 -3.0754   1   1
   2   2   6   4   6   0   0   0 -1.2359   1   1
   2   2   6   5   2   0   0   0 -0.3422   1   1
   2   2   6   5   4   0   0   0 -1.2461   1   1
   2   2   6   6   0   0   0   0 -2.9856   1   1
   2   2   6   6   2   0   0   0 -1.0705   1   1
   2   3   4   4   2   0   0   0 -0.3155   1   1
   2   3   4   4   4   0   0   0  1.8366   1   1
   2   3   4   5   2   0   0   0  1.3417   1   1
   2   3   4   5   4   0   0   0  2.0116   1   1
   2   3   4   6   4   0   0   0  3.0197   1   1
   2   3   5   4   2   0   0   0  0.0323   1   1
   2   3   5   4   4   0   0   0 -0.8462   1   1
   2   3   5   5   2   0   0   0  0.3107   1   1
   2   3   5   5   4   0   0   0  1.2312   1   1
   2   3   5   6   2   0   0   0 -0.9711   1   1
   2   3   5   6   4   0   0   0 -0.5719   1   1
   2   3   6   4   4   0   0   0  3.9430   1   1
   2   3   6   5   2   0   0   0 -0.6846   1   1
   2   3   6   5   4   0   0   0  3.3726   1   1
   2   3   6   6   2   0   0   0 -1.0894   1   1
   3   1   4   4   4   0   0   0 -3.6162   1   1
   3   1   4   4   6   0   0   0  0.5379   1   1
   3   1   4   5   4   0   0   0 -2.3790   1   1
   3   1   4   5   6   0   0   0 -0.9032   1   1
   3   1   4   6   4   0   0   0 -5.2091   1   1
   3   1   4   6   6   0   0   0  0.4598   1   1
   3   1   5   4   4   0   0   0  1.1383   1   1
   3   1   5   4   6   0   0   0 -0.9590   1   1
   3   1   5   5   4   0   0   0 -2.9915   1   1
   3   1   5   5   6   0   0   0 -1.1945   1   1
   3   1   5   6   4   0   0   0  3.9983   1   1
   3   1   6   4   4   0   0   0 -2.0312   1   1
   3   1   6   4   6   0   0   0 -0.0003   1   1
   3   1   6   5   4   0   0   0 -3.0641   1   1
   3   2   4   4   2   0   0   0  0.3155   1   1
   3   2   4   4   4   0   0   0 -1.8366   1   1
   3   2   4   5   2   0   0   0  0.0323   1   1
   3   2   4   5   4   0   0   0 -0.8462   1   1
   3   2   4   6   4   0   0   0 -3.9430   1   1
   3   2   5   4   2   0   0   0  1.3417   1   1
   3   2   5   4   4   0   0   0  2.0116   1   1
   3   2   5   5   2   0   0   0 -0.3107   1   1
   3   2   5   5   4   0   0   0 -1.2312   1   1
   3   2   5   6   2   0   0   0 -0.6846   1   1
   3   2   5   6   4   0   0   0  3.3726   1   1
   3   2   6   4   4   0   0   0 -3.0197   1   1
   3   2   6   5   2   0   0   0 -0.9711   1   1
   3   2   6   5   4   0   0   0 -0.5719   1   1
   3   2   6   6   2   0   0   0  1.0894   1   1
   3   3   4   4   0   0   0   0 -3.7979   1   1
   3   3   4   4   2   0   0   0  1.5343   1   1
   3   3   4   5   2   0   0   0 -1.2049   1   1
   3   3   5   4   2   0   0   0  1.2049   1   1
   3   3   5   5   0   0   0   0 -2.9864   1   1
   3   3   5   5   2   0   0   0 -1.0433   1   1
   3   3   5   6   2   0   0   0 -1.1366   1   1
   3   3   6   5   2   0   0   0  1.1366   1   1
   3   3   6   6   0   0   0   0 -4.5102   1   1
   3   3   6   6   2   0   0   0  1.2398   1   1
   4   4   1   1   0   0   0   0-10.2454   1   1
   4   4   1   1   2   0   0   0  5.2866   1   1
   4   4   1   1   4   0   0   0 -6.2331   1   1
   4   4   1   1   6   0   0   0  2.6170   1   1
   4   4   1   1   8   0   0   0 -2.0401   1   1
   4   4   1   1  10   0   0   0  0.2533   1   1
   4   4   1   2   2   0   0   0 -1.0954   1   1
   4   4   1   2   4   0   0   0 -4.6187   1   1
   4   4   1   2   6   0   0   0  0.2866   1   1
   4   4   1   2   8   0   0   0 -5.0763   1   1
   4   4   1   3   4   0   0   0 -3.6162   1   1
   4   4   1   3   6   0   0   0  0.5379   1   1
   4   4   2   1   2   0   0   0  1.0954   1   1
   4   4   2   1   4   0   0   0  4.6187   1   1
   4   4   2   1   6   0   0   0 -0.2866   1   1
   4   4   2   1   8   0   0   0  5.0763   1   1
   4   4   2   2   0   0   0   0 -9.2730   1   1
   4   4   2   2   2   0   0   0  0.1173   1   1
   4   4   2   2   4   0   0   0 -4.3997   1   1
   4   4   2   2   6   0   0   0  1.5031   1   1
   4   4   2   3   2   0   0   0 -0.3155   1   1
   4   4   2   3   4   0   0   0  1.8366   1   1
   4   4   3   1   4   0   0   0 -3.6162   1   1
   4   4   3   1   6   0   0   0  0.5379   1   1
   4   4   3   2   2   0   0   0  0.3155   1   1
   4   4   3   2   4   0   0   0 -1.8366   1   1
   4   4   3   3   0   0   0   0 -3.7979   1   1
   4   4   3   3   2   0   0   0  1.5343   1   1
   4   5   1   1   2   0   0   0 -0.9995   1   1
   4   5   1   1   4   0   0   0 -4.7055   1   1
   4   5   1   1   6   0   0   0  0.3037   1   1
   4   5   1   1   8   0   0   0 -5.1273   1   1
   4   5   1   2   2   0   0   0 -1.0072   1   1
   4   5   1   2   4   0   0   0 -1.2048   1   1
   4   5   1   2   6   0   0   0 -0.2861   1   1
   4   5   1   2   8   0   0   0 -5.1344   1   1
   4   5   1   3   4   0   0   0 -1.1383   1   1
   4   5   1   3   6   0   0   0  0.9590   1   1
   4   5   2   1   2   0   0   0 -4.3132   1   1
   4   5   2   1   4   0   0   0  1.6921   1   1
   4   5   2   1   6   0   0   0 -2.5739   1   1
   4   5   2   1   8   0   0   0  8.1254   1   1
   4   5   2   2   2   0   0   0  2.6302   1   1
   4   5   2   2   4   0   0   0 -3.1370   1   1
   4   5   2   2   6   0   0   0  1.9892   1   1
   4   5   2   3   2   0   0   0  1.3417   1   1
   4   5   2   3   4   0   0   0  2.0116   1   1
   4   5   3   1   4   0   0   0 -2.3790   1   1
   4   5   3   1   6   0   0   0 -0.9032   1   1
   4   5   3   2   2   0   0   0  0.0323   1   1
   4   5   3   2   4   0   0   0 -0.8462   1   1
   4   5   3   3   2   0   0   0 -1.2049   1   1
   4   6   1   1   4   0   0   0 -3.7656   1   1
   4   6   1   1   6   0   0   0  0.5421   1   1
   4   6   1   2   4   0   0   0 -1.1687   1   1
   4   6   1   2   6   0   0   0  0.9297   1   1
   4   6   1   3   4   0   0   0 -2.0312   1   1
   4   6   1   3   6   0   0   0 -0.0003   1   1
   4   6   2   1   4   0   0   0  2.4715   1   1
   4   6   2   1   6   0   0   0  0.9498   1   1
   4   6   2   2   4   0   0   0 -3.0754   1   1
   4   6   2   2   6   0   0   0 -1.2359   1   1
   4   6   2   3   4   0   0   0  3.0197   1   1
   4   6   3   1   4   0   0   0 -5.2091   1   1
   4   6   3   1   6   0   0   0  0.4598   1   1
   4   6   3   2   4   0   0   0 -3.9430   1   1
   5   4   1   1   2   0   0   0  0.9995   1   1
   5   4   1   1   4   0   0   0  4.7055   1   1
   5   4   1   1   6   0   0   0 -0.3037   1   1
   5   4   1   1   8   0   0   0  5.1273   1   1
   5   4   1   2   2   0   0   0 -4.3132   1   1
   5   4   1   2   4   0   0   0  1.6921   1   1
   5   4   1   2   6   0   0   0 -2.5739   1   1
   5   4   1   2   8   0   0   0  8.1254   1   1
   5   4   1   3   4   0   0   0  2.3790   1   1
   5   4   1   3   6   0   0   0  0.9032   1   1
   5   4   2   1   2   0   0   0 -1.0072   1   1
   5   4   2   1   4   0   0   0 -1.2048   1   1
   5   4   2   1   6   0   0   0 -0.2861   1   1
   5   4   2   1   8   0   0   0 -5.1344   1   1
   5   4   2   2   2   0   0   0 -2.6302   1   1
   5   4   2   2   4   0   0   0  3.1370   1   1
   5   4   2   2   6   0   0   0 -1.9892   1   1
   5   4   2   3   2   0   0   0  0.0323   1   1
   5   4   2   3   4   0   0   0 -0.8462   1   1
   5   4   3   1   4   0   0   0  1.1383   1   1
   5   4   3   1   6   0   0   0 -0.9590   1   1
   5   4   3   2   2   0   0   0  1.3417   1   1
   5   4   3   2   4   0   0   0  2.0116   1   1
   5   4   3   3   2   0   0   0  1.2049   1   1
   5   5   1   1   0   0   0   0 -9.3087   1   1
   5   5   1   1   2   0   0   0  0.1351   1   1
   5   5   1   1   4   0   0   0 -4.4556   1   1
   5   5   1   1   6   0   0   0  1.4683   1   1
   5   5   1   2   2   0   0   0  2.6765   1   1
   5   5   1   2   4   0   0   0 -3.0868   1   1
   5   5   1   2   6   0   0   0  2.0159   1   1
   5   5   1   3   4   0   0   0 -2.9915   1   1
   5   5   1   3   6   0   0   0 -1.1945   1   1
   5   5   2   1   2   0   0   0 -2.6765   1   1
   5   5   2   1   4   0   0   0  3.0868   1   1
   5   5   2   1   6   0   0   0 -2.0159   1   1
   5   5   2   2   0   0   0   0 -4.7925   1   1
   5   5   2   2   2   0   0   0  4.7827   1   1
   5   5   2   2   4   0   0   0 -2.0583   1   1
   5   5   2   2   6   0   0   0 -0.2142   1   1
   5   5   2   3   2   0   0   0  0.3107   1   1
   5   5   2   3   4   0   0   0  1.2312   1   1
   5   5   3   1   4   0   0   0 -2.9915   1   1
   5   5   3   1   6   0   0   0 -1.1945   1   1
   5   5   3   2   2   0   0   0 -0.3107   1   1
   5   5   3   2   4   0   0   0 -1.2312   1   1
   5   5   3   3   0   0   0   0 -2.9864   1   1
   5   5   3   3   2   0   0   0 -1.0433   1   1
   5   6   1   1   2   0   0   0 -0.3421   1   1
   5   6   1   1   4   0   0   0  1.9398   1   1
   5   6   1   2   2   0   0   0  1.3332   1   1
   5   6   1   2   4   0   0   0  2.0782   1   1
   5   6   1   3   4   0   0   0  3.0641   1   1
   5   6   2   1   2   0   0   0 -0.0955   1   1
   5   6   2   1   4   0   0   0 -0.8067   1   1
   5   6   2   2   2   0   0   0  0.3422   1   1
   5   6   2   2   4   0   0   0  1.2461   1   1
   5   6   2   3   2   0   0   0 -0.9711   1   1
   5   6   2   3   4   0   0   0 -0.5719   1   1
   5   6   3   1   4   0   0   0  3.9983   1   1
   5   6   3   2   2   0   0   0 -0.6846   1   1
   5   6   3   2   4   0   0   0  3.3726   1   1
   5   6   3   3   2   0   0   0 -1.1366   1   1
   6   4   1   1   4   0   0   0 -3.7656   1   1
   6   4   1   1   6   0   0   0  0.5421   1   1
   6   4   1   2   4   0   0   0 -2.4715   1   1
   6   4   1   2   6   0   0   0 -0.9498   1   1
   6   4   1   3   4   0   0   0 -5.2091   1   1
   6   4   1   3   6   0   0   0  0.4598   1   1
   6   4   2   1   4   0   0   0  1.1687   1   1
   6   4   2   1   6   0   0   0 -0.9297   1   1
   6   4   2   2   4   0   0   0 -3.0754   1   1
   6   4   2   2   6   0   0   0 -1.2359   1   1
   6   4   2   3   4   0   0   0  3.9430   1   1
   6   4   3   1   4   0   0   0 -2.0312   1   1
   6   4   3   1   6   0   0   0 -0.0003   1   1
   6   4   3   2   4   0   0   0 -3.0197   1   1
   6   5   1   1   2   0   0   0  0.3421   1   1
   6   5   1   1   4   0   0   0 -1.9398   1   1
   6   5   1   2   2   0   0   0 -0.0955   1   1
   6   5   1   2   4   0   0   0 -0.8067   1   1
   6   5   1   3   4   0   0   0 -3.9983   1   1
   6   5   2   1   2   0   0   0  1.3332   1   1
   6   5   2   1   4   0   0   0  2.0782   1   1
   6   5   2   2   2   0   0   0 -0.3422   1   1
   6   5   2   2   4   0   0   0 -1.2461   1   1
   6   5   2   3   2   0   0   0 -0.6846   1   1
   6   5   2   3   4   0   0   0  3.3726   1   1
   6   5   3   1   4   0   0   0 -3.0641   1   1
   6   5   3   2   2   0   0   0 -0.9711   1   1
   6   5   3   2   4   0   0   0 -0.5719   1   1
   6   5   3   3   2   0   0   0  1.1366   1   1
   6   6   1   1   0   0   0   0 -3.9495   1   1
   6   6   1   1   2   0   0   0  1.5288   1   1
   6   6   1   2   2   0   0   0 -1.2463   1   1
   6   6   2   1   2   0   0   0  1.2463   1   1
   6   6   2   2   0   0   0   0 -2.9856   1   1
   6   6   2   2   2   0   0   0 -1.0705   1   1
   6   6   2   3   2   0   0   0 -1.0894   1   1
   6   6   3   2   2   0   0   0  1.0894   1   1
   6   6   3   3   0   0   0   0 -4.5102   1   1
   6   6   3   3   2   0   0   0  1.2398   1   1
