 ! Total Interaction
 256
   1   4   1   4     0     0   0.0000
   1   4   2   5     0     0   0.0000
   2   5   2   5     0     0   0.0000
   1   4   3   6     0     0   0.0000
   2   5   3   6     0     0   0.0000
   3   6   3   6     0     0   0.0000
   1   4   1   4     1     0  -1.4740
   1   4   2   4     1     0  -4.3132
   2   4   2   4     1     0  -5.9199
   1   5   2   4     1     0   6.8927
   1   4   1   5     1     0   4.3459
   1   5   1   5     1     0  -5.9795
   1   4   2   5     1     0   1.4132
   2   4   2   5     1     0  -0.3444
   1   5   2   5     1     0   0.3963
   2   5   2   5     1     0   0.1755
   1   4   3   5     1     0   0.1027
   2   4   3   5     1     0   2.6983
   1   5   3   5     1     0  -2.5114
   2   5   3   5     1     0   0.9974
   3   5   3   5     1     0  -3.0641
   2   6   3   5     1     0   3.5730
   1   4   2   6     1     0  -0.0689
   2   4   2   6     1     0  -2.5904
   1   5   2   6     1     0   2.7418
   2   5   2   6     1     0  -1.0208
   2   6   2   6     1     0  -3.0884
   1   4   3   6     1     0  -0.8955
   2   4   3   6     1     0  -2.4655
   1   5   3   6     1     0   2.5019
   2   5   3   6     1     0  -0.2410
   3   5   3   6     1     0   0.9280
   2   6   3   6     1     0  -0.8895
   3   6   3   6     1     0  -2.6130
   1   4   1   4     2     0   0.0000
   1   4   2   4     2     0   0.0000
   2   4   2   4     2     0   0.0000
   1   5   2   4     2     0   0.0000
   1   6   2   4     2     0   0.0000
   1   4   3   4     2     0   0.0000
   2   4   3   4     2     0   0.0000
   3   4   3   4     2     0   0.0000
   1   5   3   4     2     0   0.0000
   2   5   3   4     2     0   0.0000
   1   6   3   4     2     0   0.0000
   2   6   3   4     2     0   0.0000
   1   4   1   5     2     0   0.0000
   1   5   1   5     2     0   0.0000
   1   4   2   5     2     0   0.0000
   2   4   2   5     2     0   0.0000
   1   5   2   5     2     0   0.0000
   2   5   2   5     2     0   0.0000
   1   6   2   5     2     0   0.0000
   1   4   3   5     2     0   0.0000
   2   4   3   5     2     0   0.0000
   3   4   3   5     2     0   0.0000
   1   5   3   5     2     0   0.0000
   2   5   3   5     2     0   0.0000
   3   5   3   5     2     0   0.0000
   1   6   3   5     2     0   0.0000
   2   6   3   5     2     0   0.0000
   1   4   1   6     2     0   0.0000
   1   5   1   6     2     0   0.0000
   1   6   1   6     2     0   0.0000
   1   4   2   6     2     0   0.0000
   2   4   2   6     2     0   0.0000
   1   5   2   6     2     0   0.0000
   2   5   2   6     2     0   0.0000
   1   6   2   6     2     0   0.0000
   2   6   2   6     2     0   0.0000
   1   4   1   4     3     0  -1.1778
   1   4   2   4     3     0  -1.8578
   2   4   2   4     3     0  -0.9092
   1   5   2   4     3     0   1.3565
   1   6   2   4     3     0  -1.5221
   1   4   3   4     3     0  -1.8178
   2   4   3   4     3     0  -0.9963
   3   4   3   4     3     0  -2.9414
   1   5   3   4     3     0   1.4679
   2   5   3   4     3     0   0.1761
   1   6   3   4     3     0  -3.9405
   1   4   1   5     3     0   1.8520
   1   5   1   5     3     0  -0.9051
   1   4   2   5     3     0   0.3066
   2   4   2   5     3     0  -2.3252
   1   5   2   5     3     0   2.3297
   2   5   2   5     3     0  -2.6668
   1   6   2   5     3     0   0.1047
   1   4   1   6     3     0  -1.8880
   1   5   1   6     3     0   1.0577
   1   6   1   6     3     0  -3.0262
   1   4   1   4     4     0   0.0000
   1   4   2   4     4     0   0.0000
   2   4   2   4     4     0   0.0000
   1   5   2   4     4     0   0.0000
   1   4   1   5     4     0   0.0000
   1   5   1   5     4     0   0.0000
   1   4   1   4     5     0  -3.7892
   1   1   1   1     0     1  -1.5648
   1   1   2   2     0     1  -4.1404
   2   2   2   2     0     1   0.1509
   1   1   3   3     0     1  -1.2286
   2   2   3   3     0     1  -0.9815
   3   3   3   3     0     1  -0.7214
   1   4   1   4     0     1  -2.2304
   4   4   4   4     0     1  -2.1415
   1   4   2   5     0     1  -4.2047
   2   5   2   5     0     1  -0.4195
   4   4   5   5     0     1  -4.0589
   5   5   5   5     0     1  -0.3145
   1   4   3   6     0     1  -1.3114
   2   5   3   6     0     1  -1.0468
   3   6   3   6     0     1  -1.1814
   4   4   6   6     0     1  -1.2875
   5   5   6   6     0     1  -0.9890
   6   6   6   6     0     1  -1.1157
   1   2   1   2     1     1   0.7758
   1   2   2   3     1     1   0.1015
   2   3   2   3     1     1   0.5500
   1   4   1   4     1     1   0.0000
   1   4   2   4     1     1   0.0000
   2   4   2   4     1     1   0.0000
   1   5   2   4     1     1   0.0000
   1   4   1   5     1     1   0.0000
   1   5   1   5     1     1   0.0000
   1   4   2   5     1     1   0.0000
   2   4   2   5     1     1   0.0000
   1   5   2   5     1     1   0.0000
   2   5   2   5     1     1   0.0000
   1   4   3   5     1     1   0.0000
   2   4   3   5     1     1   0.0000
   1   5   3   5     1     1   0.0000
   2   5   3   5     1     1   0.0000
   3   5   3   5     1     1   0.0000
   2   6   3   5     1     1   0.0000
   4   5   4   5     1     1   0.4274
   1   4   2   6     1     1   0.0000
   2   4   2   6     1     1   0.0000
   1   5   2   6     1     1   0.0000
   2   5   2   6     1     1   0.0000
   2   6   2   6     1     1   0.0000
   1   4   3   6     1     1   0.0000
   2   4   3   6     1     1   0.0000
   1   5   3   6     1     1   0.0000
   2   5   3   6     1     1   0.0000
   3   5   3   6     1     1   0.0000
   2   6   3   6     1     1   0.0000
   3   6   3   6     1     1   0.0000
   4   5   5   6     1     1   0.0714
   5   6   5   6     1     1   0.2188
   1   1   1   1     2     1  -0.3833
   1   1   1   2     2     1  -0.2645
   1   2   1   2     2     1   0.6900
   1   1   2   2     2     1  -0.9425
   1   2   2   2     2     1  -0.7798
   2   2   2   2     2     1   0.2721
   1   3   2   2     2     1  -0.4900
   1   1   1   3     2     1  -0.8187
   1   2   1   3     2     1   0.1772
   1   3   1   3     2     1  -0.3371
   1   1   2   3     2     1   0.9037
   1   2   2   3     2     1   0.7909
   2   2   2   3     2     1   0.1824
   1   3   2   3     2     1   1.1968
   2   3   2   3     2     1   0.2972
   1   4   1   4     2     1  -0.8550
   1   4   2   4     2     1   0.2570
   2   4   2   4     2     1  -4.3319
   1   5   2   4     2     1  -4.8743
   1   6   2   4     2     1  -1.5378
   1   4   3   4     2     1  -0.8489
   2   4   3   4     2     1   1.1783
   3   4   3   4     2     1  -1.1446
   1   5   3   4     2     1   1.4710
   2   5   3   4     2     1  -0.4934
   1   6   3   4     2     1  -0.3710
   2   6   3   4     2     1   3.5268
   4   4   4   4     2     1  -0.8488
   1   4   1   5     2     1  -0.2749
   1   5   1   5     2     1  -4.3102
   1   4   2   5     2     1  -0.9572
   2   4   2   5     2     1   0.8035
   1   5   2   5     2     1  -0.7810
   2   5   2   5     2     1  -0.1219
   1   6   2   5     2     1  -0.4986
   1   4   3   5     2     1  -0.9380
   2   4   3   5     2     1  -0.5557
   3   4   3   5     2     1   1.0777
   1   5   3   5     2     1  -2.1251
   2   5   3   5     2     1  -0.2192
   3   5   3   5     2     1  -1.5402
   1   6   3   5     2     1  -3.5762
   2   6   3   5     2     1  -1.3470
   4   4   4   5     2     1  -0.2390
   4   5   4   5     2     1   0.2869
   4   4   5   5     2     1  -0.9060
   4   5   5   5     2     1  -0.7799
   5   5   5   5     2     1  -0.1014
   4   6   5   5     2     1  -0.4846
   1   4   1   6     2     1  -0.8939
   1   5   1   6     2     1  -1.2400
   1   6   1   6     2     1  -1.2359
   1   4   2   6     2     1   0.9430
   2   4   2   6     2     1  -2.1823
   1   5   2   6     2     1  -0.6054
   2   5   2   6     2     1   0.2066
   1   6   2   6     2     1  -1.1147
   2   6   2   6     2     1  -1.5248
   4   4   4   6     2     1  -0.8760
   4   5   4   6     2     1   0.1603
   4   6   4   6     2     1  -0.7643
   4   4   5   6     2     1   0.9363
   4   5   5   6     2     1   0.7570
   5   5   5   6     2     1   0.1711
   4   6   5   6     2     1   1.2164
   5   6   5   6     2     1  -0.0554
   1   2   1   2     3     1   0.5407
   1   2   1   3     3     1  -0.1995
   1   3   1   3     3     1   0.8183
   1   4   1   4     3     1   0.0000
   1   4   2   4     3     1   0.0000
   2   4   2   4     3     1   0.0000
   1   5   2   4     3     1   0.0000
   1   6   2   4     3     1   0.0000
   1   4   3   4     3     1   0.0000
   2   4   3   4     3     1   0.0000
   3   4   3   4     3     1   0.0000
   1   5   3   4     3     1   0.0000
   2   5   3   4     3     1   0.0000
   1   6   3   4     3     1   0.0000
   1   4   1   5     3     1   0.0000
   1   5   1   5     3     1   0.0000
   1   4   2   5     3     1   0.0000
   2   4   2   5     3     1   0.0000
   1   5   2   5     3     1   0.0000
   2   5   2   5     3     1   0.0000
   1   6   2   5     3     1   0.0000
   4   5   4   5     3     1   0.2172
   1   4   1   6     3     1   0.0000
   1   5   1   6     3     1   0.0000
   1   6   1   6     3     1   0.0000
   4   5   4   6     3     1  -0.2260
   4   6   4   6     3     1   0.4716
   1   1   1   1     4     1   0.3509
   1   1   1   2     4     1  -1.3392
   1   2   1   2     4     1  -0.3959
   1   4   1   4     4     1  -0.0687
   1   4   2   4     4     1   1.3525
   2   4   2   4     4     1  -5.0081
   1   5   2   4     4     1  -3.3707
   4   4   4   4     4     1  -0.0563
   1   4   1   5     4     1  -1.4142
   1   5   1   5     4     1  -5.0423
   4   4   4   5     4     1  -1.3760
   4   5   4   5     4     1  -0.7674
   1   4   1   4     5     1   0.0000
