############################################################################################################
# initial vector basename: al260
# final   vector basename: al260
# Operator file: Rp2.int
# Zero body term: 4.07137
# Jf  nJf     Ji  nJi      Ei          Ef         <Op1b>          <Op2b>         <Op1b+2b>     <Op0b+1b+2b>
###########################################################################################################
 0.0   1     0.0   1    -92.548     -92.548    5.126043e+00   -5.480452e-01    4.577998e+00    8.649368e+00
 0.0   1     0.0   2    -92.548     -88.690    1.182616e-01    9.702546e-04    1.192319e-01    1.192319e-01
 0.0   2     0.0   1    -88.690     -92.548    0.000000e+00    0.000000e+00    0.000000e+00    0.000000e+00
 0.0   2     0.0   2    -88.690     -88.690    5.274118e+00   -5.180873e-01    4.756030e+00    8.827400e+00
 1.0   1     1.0   1    -91.915     -91.915    5.392521e+00   -5.812735e-01    4.811247e+00    8.882617e+00
 1.0   1     1.0   2    -91.915     -91.771    1.768949e-02   -2.911978e-05    1.766037e-02    1.766037e-02
 1.0   2     1.0   1    -91.771     -91.915    0.000000e+00    0.000000e+00    0.000000e+00    0.000000e+00
 1.0   2     1.0   2    -91.771     -91.771    5.246526e+00   -5.378769e-01    4.708649e+00    8.780019e+00
