############################################################################################################
# initial vector basename: al260
# final   vector basename: al260
# Operator file: Iso2.int
# Zero body term: 0.00426948
# Jf  nJf     Ji  nJi      Ei          Ef         <Op1b>          <Op2b>         <Op1b+2b>     <Op0b+1b+2b>
###########################################################################################################
 0.0   1     0.0   1    -92.548     -92.548    7.493163e+00   -5.489527e+00    2.003636e+00    2.007905e+00
 0.0   1     0.0   2    -92.548     -88.690   -2.113750e-04    2.716481e-04    6.027310e-05    6.027310e-05
 0.0   2     0.0   1    -88.690     -92.548    0.000000e+00    0.000000e+00    0.000000e+00    0.000000e+00
 0.0   2     0.0   2    -88.690     -88.690    7.492923e+00   -5.492483e+00    2.000440e+00    2.004710e+00
 1.0   1     1.0   1    -91.915     -91.915    7.492785e+00   -7.489239e+00    3.545655e-03    7.815135e-03
 1.0   1     1.0   2    -91.915     -91.771   -1.871102e-05    2.028600e-05    1.574978e-06    1.574978e-06
 1.0   2     1.0   1    -91.771     -91.915    0.000000e+00    0.000000e+00    0.000000e+00    0.000000e+00
 1.0   2     1.0   2    -91.771     -91.771    7.492998e+00   -7.489125e+00    3.873077e-03    8.142557e-03
