############################################################################################################
# initial vector basename: si260
# final   vector basename: si260
# Operator file: Iso2.int
# Zero body term: 0.00426948
# Jf  nJf     Ji  nJi      Ei          Ef         <Op1b>          <Op2b>         <Op1b+2b>     <Op0b+1b+2b>
###########################################################################################################
 0.0   1     0.0   1    -86.805     -86.805    7.497061e+00   -5.493574e+00    2.003486e+00    2.007756e+00
 0.0   1     0.0   2    -86.805     -83.195   -2.613652e-03    4.301911e-03    1.688259e-03    1.688259e-03
 0.0   2     0.0   1    -83.195     -86.805    0.000000e+00    0.000000e+00    0.000000e+00    0.000000e+00
 0.0   2     0.0   2    -83.195     -83.195    7.498910e+00   -5.497963e+00    2.000947e+00    2.005216e+00
 1.0   1     1.0   1    -80.806     -80.806    7.498634e+00   -5.493813e+00    2.004820e+00    2.009090e+00
 1.0   1     1.0   2    -80.806     -80.043    1.019557e-03   -1.976626e-03   -9.570689e-04   -9.570689e-04
 1.0   2     1.0   1    -80.043     -80.806    0.000000e+00    0.000000e+00    0.000000e+00    0.000000e+00
 1.0   2     1.0   2    -80.043     -80.043    7.500125e+00   -5.496808e+00    2.003317e+00    2.007587e+00
