############################################################################################################
# initial vector basename: mg260
# final   vector basename: mg260
# Operator file: Iso2.int
# Zero body term: 0.00426948
# Jf  nJf     Ji  nJi      Ei          Ef         <Op1b>          <Op2b>         <Op1b+2b>     <Op0b+1b+2b>
###########################################################################################################
 0.0   1     0.0   1    -97.400     -97.400    7.489667e+00   -5.487242e+00    2.002425e+00    2.006694e+00
 0.0   1     0.0   2    -97.400     -93.618    2.866762e-03   -3.308798e-03   -4.420363e-04   -4.420363e-04
 0.0   2     0.0   1    -93.618     -97.400    0.000000e+00    0.000000e+00    0.000000e+00    0.000000e+00
 0.0   2     0.0   2    -93.618     -93.618    7.486762e+00   -5.482170e+00    2.004592e+00    2.008862e+00
 1.0   1     1.0   1    -91.328     -91.328    7.487752e+00   -5.488057e+00    1.999694e+00    2.003964e+00
 1.0   1     1.0   2    -91.328     -90.388   -1.289263e-03    2.578872e-03    1.289609e-03    1.289609e-03
 1.0   2     1.0   1    -90.388     -91.328    0.000000e+00    0.000000e+00    0.000000e+00    0.000000e+00
 1.0   2     1.0   2    -90.388     -90.388    7.486350e+00   -5.484088e+00    2.002262e+00    2.006531e+00
