############################################################################################################
# initial vector basename: al260
# final   vector basename: al260
# Operator file: VCoul.int
# Zero body term: 14.355
# Jf  nJf     Ji  nJi      Ei          Ef         <Op1b>          <Op2b>         <Op1b+2b>     <Op0b+1b+2b>
###########################################################################################################
 0.0   1     0.0   1    -92.548     -92.548    1.617902e+01    4.954264e+00    2.113328e+01    3.548828e+01
 0.0   1     0.0   2    -92.548     -88.690   -1.455991e-01   -4.297080e-02   -1.885699e-01   -1.885699e-01
 0.0   2     0.0   1    -88.690     -92.548    0.000000e+00    0.000000e+00    0.000000e+00    0.000000e+00
 0.0   2     0.0   2    -88.690     -88.690    1.599344e+01    4.890500e+00    2.088394e+01    3.523894e+01
 1.0   1     1.0   1    -91.915     -91.915    1.584988e+01    4.893402e+00    2.074328e+01    3.509828e+01
 1.0   1     1.0   2    -91.915     -91.771   -1.149046e-02   -1.461754e-02   -2.610800e-02   -2.610800e-02
 1.0   2     1.0   1    -91.771     -91.915    0.000000e+00    0.000000e+00    0.000000e+00    0.000000e+00
 1.0   2     1.0   2    -91.771     -91.771    1.602840e+01    4.900784e+00    2.092918e+01    3.528418e+01
