############################################################################################################
# initial vector basename: al260
# final   vector basename: al260
# Operator file: Rn2.int
# Zero body term: 3.4481
# Jf  nJf     Ji  nJi      Ei          Ef         <Op1b>          <Op2b>         <Op1b+2b>     <Op0b+1b+2b>
###########################################################################################################
 0.0   1     0.0   1    -92.548     -92.548    4.254412e+00   -4.481689e-01    3.806243e+00    7.254343e+00
 0.0   1     0.0   2    -92.548     -88.690    9.891558e-02    3.113534e-03    1.020291e-01    1.020291e-01
 0.0   2     0.0   1    -88.690     -92.548    0.000000e+00    0.000000e+00    0.000000e+00    0.000000e+00
 0.0   2     0.0   2    -88.690     -88.690    4.379772e+00   -4.191320e-01    3.960640e+00    7.408740e+00
 1.0   1     1.0   1    -91.915     -91.915    4.472635e+00   -4.667329e-01    4.005902e+00    7.454002e+00
 1.0   1     1.0   2    -91.915     -91.771    1.196181e-02   -2.503956e-03    9.457851e-03    9.457851e-03
 1.0   2     1.0   1    -91.771     -91.915    0.000000e+00    0.000000e+00    0.000000e+00    0.000000e+00
 1.0   2     1.0   2    -91.771     -91.771    4.352721e+00   -4.347981e-01    3.917923e+00    7.366023e+00
