############################################################################################################
# initial vector basename: si260
# final   vector basename: si260
# Operator file: VCoul.int
# Zero body term: 14.355
# Jf  nJf     Ji  nJi      Ei          Ef         <Op1b>          <Op2b>         <Op1b+2b>     <Op0b+1b+2b>
###########################################################################################################
 0.0   1     0.0   1    -86.805     -86.805    1.948706e+01    6.936369e+00    2.642343e+01    4.077843e+01
 0.0   1     0.0   2    -86.805     -83.195    2.951994e-01    1.215407e-01    4.167401e-01    4.167401e-01
 0.0   2     0.0   1    -83.195     -86.805    0.000000e+00    0.000000e+00    0.000000e+00    0.000000e+00
 0.0   2     0.0   2    -83.195     -83.195    1.918345e+01    6.674477e+00    2.585793e+01    4.021293e+01
 1.0   1     1.0   1    -80.806     -80.806    1.921744e+01    6.740876e+00    2.595832e+01    4.031332e+01
 1.0   1     1.0   2    -80.806     -80.043   -8.999858e-02   -1.050547e-01   -1.950532e-01   -1.950532e-01
 1.0   2     1.0   1    -80.043     -80.806    0.000000e+00    0.000000e+00    0.000000e+00    0.000000e+00
 1.0   2     1.0   2    -80.043     -80.043    1.916249e+01    6.643433e+00    2.580592e+01    4.016092e+01
