# One and two body transition densities
#
# One-body basis:
# i   n   l   2j  2tz (proton=+1)
  0   0   2   5   1
  1   0   2   3   1
  2   1   0   1   1
  3   0   2   5  -1
  4   0   2   3  -1
  5   1   0   1  -1
# Two-body basis: 
# i   a   b   J
  0   0   0   0
  1   0   0   2
  2   0   0   4
  3   0   1   1
  4   0   1   2
  5   0   1   3
  6   0   1   4
  7   0   2   2
  8   0   2   3
  9   0   3   0
 10   0   3   1
 11   0   3   2
 12   0   3   3
 13   0   3   4
 14   0   3   5
 15   0   4   1
 16   0   4   2
 17   0   4   3
 18   0   4   4
 19   0   5   2
 20   0   5   3
 21   1   1   0
 22   1   1   2
 23   1   2   1
 24   1   2   2
 25   1   3   1
 26   1   3   2
 27   1   3   3
 28   1   3   4
 29   1   4   0
 30   1   4   1
 31   1   4   2
 32   1   4   3
 33   1   5   1
 34   1   5   2
 35   2   2   0
 36   2   3   2
 37   2   3   3
 38   2   4   1
 39   2   4   2
 40   2   5   0
 41   2   5   1
 42   3   3   0
 43   3   3   2
 44   3   3   4
 45   3   4   1
 46   3   4   2
 47   3   4   3
 48   3   4   4
 49   3   5   2
 50   3   5   3
 51   4   4   0
 52   4   4   2
 53   4   5   1
 54   4   5   2
 55   5   5   0

Jf nJf  Ji nJi  Lambda =   0 1      0 1      0
-------------- OBTD ---------------------
  3   0  -0.37874306
  4   1  -0.12319893
  5   2  -0.16945617

-------------- TBTD ---------------------
  9   0  -0.38287286
  9  21  -0.20046074
  9  35  -0.20139209
 10   3   0.09582368
 10  23   0.01003651
 11   1  -0.33065595
 11   4   0.01112775
 11   7   0.04666464
 11  22   0.03471852
 11  24   0.00266383
 12   5   0.03364654
 12   8  -0.09800978
 13   2  -0.49303169
 13   6   0.05094972
 15   3  -0.08546804
 15  23  -0.00160303
 16   1   0.00052574
 16   4  -0.06926132
 16   7  -0.01125760
 16  22  -0.00979440
 16  24   0.01271625
 17   5  -0.05593823
 17   8   0.00326010
 18   2  -0.01122263
 18   6  -0.11913391
 19   1  -0.00993633
 19   4   0.00835846
 19   7  -0.16409957
 19  22   0.00785504
 19  24   0.01178249
 20   5  -0.02285787
 20   8  -0.18436954
 25   3   0.01488356
 25  23  -0.01413372
 26   1  -0.01592323
 26   4   0.06586501
 26   7  -0.05095519
 26  22  -0.01221076
 26  24  -0.00578716
 27   5  -0.08401931
 27   8  -0.05214137
 28   2  -0.08269771
 28   6   0.07236145
 29   0  -0.19816452
 29  21  -0.14236697
 29  35  -0.12218239
 30   3  -0.01839556
 30  23   0.00183281
 31   1   0.03295490
 31   4   0.00134849
 31   7   0.02371279
 31  22  -0.04187311
 31  24   0.00299934
 32   5   0.00975241
 32   8   0.00766150
 33   3   0.00112464
 33  23  -0.03102121
 34   1   0.01435713
 34   4   0.00967167
 34   7  -0.02794284
 34  22   0.00014357
 34  24  -0.04044154
 36   1   0.07704954
 36   4   0.03147668
 36   7  -0.07731952
 36  22   0.02637696
 36  24  -0.02748361
 37   5   0.02547417
 37   8   0.08542760
 38   3  -0.01652981
 38  23  -0.01690322
 39   1   0.00833280
 39   4  -0.00871067
 39   7  -0.01163603
 39  22  -0.00307810
 39  24   0.02712439
 40   0  -0.19052856
 40  21  -0.11699957
 40  35  -0.14095605
 41   3   0.04241805
 41  23  -0.00133810
 42   9   0.28071839
 42  29   0.14481231
 42  40   0.12890437
 43  11  -0.35140331
 43  16  -0.04350624
 43  19   0.02006267
 43  26   0.05763669
 43  31  -0.04186707
 43  34   0.03448934
 43  36  -0.06820814
 43  39  -0.05877675
 44  13  -0.48321140
 44  18   0.04714838
 44  28   0.04605498
 45  10  -0.09452388
 45  15  -0.01325863
 45  25  -0.11203743
 45  30   0.01844374
 45  33  -0.00990417
 45  38   0.00802426
 45  41  -0.04261749
 46  11  -0.06989076
 46  16  -0.06305713
 46  19   0.02734272
 46  26   0.06767628
 46  31  -0.01488547
 46  34   0.02326788
 46  36   0.00497306
 46  39  -0.02416490
 47  12  -0.03367112
 47  17  -0.09902588
 47  20  -0.00862248
 47  27  -0.07312254
 47  32  -0.01024496
 47  37   0.00648468
 48  13   0.00158002
 48  18  -0.05693896
 48  28   0.10460857
 49  11  -0.03257355
 49  16   0.04646265
 49  19  -0.06820263
 49  26   0.01343852
 49  31  -0.01003556
 49  34   0.03525720
 49  36  -0.15588622
 49  39   0.00327207
 50  12   0.09694440
 50  17  -0.03448101
 50  20  -0.07456954
 50  27   0.01935614
 50  32  -0.00759676
 50  37   0.17440383
 51   9   0.14344995
 51  29   0.06277262
 51  40   0.05713140
 52  11  -0.03972337
 52  16   0.00054759
 52  19   0.00199601
 52  26   0.02132634
 52  31  -0.03295071
 52  34   0.00970900
 52  36  -0.01685360
 52  39  -0.00699065
 53  10  -0.01038188
 53  15  -0.00700946
 53  25   0.00433941
 53  30  -0.00168461
 53  33  -0.01791014
 53  38  -0.03187930
 53  41   0.00114465
 54  11   0.06358607
 54  16   0.01934298
 54  19  -0.00334294
 54  26  -0.02695860
 54  31   0.01182537
 54  34  -0.03867133
 54  36   0.03615847
 54  39   0.05180862
 55   9   0.12924330
 55  29   0.05823802
 55  40   0.01589340

Jf nJf  Ji nJi  Lambda =   0 2      0 1      0
-------------- OBTD ---------------------
  3   0   0.16927401
  4   1  -0.19650064
  5   2  -0.03366519

-------------- TBTD ---------------------
  9   0  -0.00526407
  9  21   0.04016026
  9  35   0.04522483
 10   3  -0.03436123
 10  23  -0.01739727
 11   1   0.22763903
 11   4   0.00415324
 11   7   0.04642660
 11  22  -0.01515322
 11  24  -0.04832475
 12   5  -0.01372517
 12   8   0.10627483
 13   2   0.24851923
 13   6  -0.02987500
 15   3  -0.14134798
 15  23   0.01629963
 16   1  -0.01534667
 16   4  -0.11427415
 16   7  -0.05229275
 16  22  -0.02848332
 16  24   0.01289993
 17   5  -0.10664737
 17   8   0.04466136
 18   2   0.03568155
 18   6  -0.20096875
 19   1   0.02259238
 19   4  -0.05831782
 19   7  -0.02007153
 19  22  -0.03426737
 19  24   0.02260002
 20   5   0.05075440
 20   8  -0.04728327
 25   3   0.01347897
 25  23  -0.01192638
 26   1  -0.04273102
 26   4  -0.03775830
 26   7   0.01275160
 26  22  -0.01605577
 26  24   0.03139245
 27   5   0.03877653
 27   8   0.05352349
 28   2   0.04367849
 28   6  -0.00570106
 29   0  -0.21123098
 29  21  -0.16738881
 29  35  -0.12950058
 30   3  -0.02785141
 30  23   0.00245986
 31   1   0.09876787
 31   4   0.00636860
 31   7   0.03527416
 31  22  -0.07199308
 31  24   0.00077098
 32   5   0.03266342
 32   8   0.02221793
 33   3   0.02929314
 33  23  -0.00185228
 34   1  -0.11614153
 34   4  -0.04499440
 34   7  -0.04512988
 34  22   0.01223759
 34  24   0.00897304
 36   1  -0.04993625
 36   4  -0.02701912
 36   7   0.04656039
 36  22   0.01370533
 36  24  -0.01867761
 37   5  -0.02572030
 37   8   0.00952516
 38   3  -0.03472481
 38  23  -0.01653474
 39   1   0.10720156
 39   4  -0.03953570
 39   7  -0.01960557
 39  22  -0.03400815
 39  24   0.03871369
 40   0  -0.10373346
 40  21  -0.08250755
 40  35  -0.06005025
 41   3   0.05326596
 41  23  -0.00591637
 42   9  -0.12480902
 42  29  -0.01851842
 42  40  -0.00863665
 43  11   0.14470552
 43  16   0.04630800
 43  19  -0.03311081
 43  26   0.01042122
 43  31   0.02287470
 43  34  -0.02810291
 43  36   0.04901305
 43  39   0.06235072
 44  13   0.24521037
 44  18  -0.03405301
 44  28  -0.04335933
 45  10  -0.00548974
 45  15   0.03730479
 45  25  -0.16918446
 45  30   0.02954270
 45  33  -0.02392332
 45  38   0.04071906
 45  41  -0.06902207
 46  11   0.00747231
 46  16   0.03987058
 46  19  -0.03569239
 46  26   0.10994219
 46  31  -0.01858168
 46  34   0.05078757
 46  36  -0.08608991
 46  39   0.03882043
 47  12   0.03160448
 47  17   0.02923633
 47  20   0.03354554
 47  27  -0.08541221
 47  32  -0.01950878
 47  37  -0.05934513
 48  13  -0.00645484
 48  18   0.02001202
 48  28   0.18237344
 49  11   0.01899070
 49  16  -0.02277691
 49  19   0.02202378
 49  26   0.07385905
 49  31  -0.02479810
 49  34   0.03558101
 49  36  -0.03754382
 49  39   0.01759508
 50  12  -0.10953621
 50  17   0.04628056
 50  20  -0.00124506
 50  27   0.03096791
 50  32  -0.01572846
 50  37   0.04381584
 51   9  -0.03637411
 51  29  -0.02090756
 51  40  -0.02173296
 52  11   0.00828817
 52  16   0.02240472
 52  19   0.00515751
 52  26   0.03935776
 52  31  -0.04087589
 52  34   0.01668310
 52  36  -0.05316670
 52  39   0.00771340
 53  10   0.00680182
 53  15  -0.00983756
 53  25   0.02110124
 53  30  -0.00705183
 53  33  -0.01295524
 53  38   0.00287678
 53  41   0.00585923
 54  11  -0.06791174
 54  16  -0.00827161
 54  19  -0.01003577
 54  26  -0.03110746
 54  31   0.00149132
 54  34  -0.03522398
 54  36   0.04708078
 54  39  -0.01143418
 55   9  -0.01269284
 55  29  -0.01696038
 55  40  -0.01492920

Jf nJf  Ji nJi  Lambda =   0 1      0 2      0
-------------- OBTD ---------------------
  3   0   0.18181390
  4   1  -0.18621175
  5   2  -0.03287036

-------------- TBTD ---------------------
  9   0   0.00253313
  9  21  -0.20630388
  9  35  -0.11094794
 10   3   0.00290145
 10  23  -0.00895485
 11   1   0.24024402
 11   4   0.02065714
 11   7  -0.02174090
 11  22   0.09853211
 11  24  -0.16237707
 12   5  -0.03242885
 12   8   0.11450890
 13   2   0.26422773
 13   6  -0.00854619
 15   3  -0.15939324
 15  23   0.01523232
 16   1  -0.02492025
 16   4  -0.10674224
 16   7  -0.07165717
 16  22  -0.02451830
 16  24   0.01368574
 17   5  -0.08823876
 17   8   0.03240497
 18   2   0.01899193
 18   6  -0.19024055
 19   1   0.07326488
 19   4  -0.05094187
 19   7  -0.01566077
 19  22  -0.00097480
 19  24   0.01310544
 20   5   0.05856332
 20   8  -0.04861351
 25   3   0.03924862
 25  23  -0.01870320
 26   1  -0.03105312
 26   4  -0.03935705
 26   7   0.01657172
 26  22  -0.03445657
 26  24   0.02337178
 27   5   0.02806743
 27   8   0.04744734
 28   2   0.06202503
 28   6  -0.00720086
 29   0   0.04340575
 29  21  -0.16027390
 29  35  -0.08697996
 30   3  -0.02796248
 30  23   0.00669039
 31   1  -0.01469323
 31   4  -0.00748868
 31   7  -0.01570769
 31  22  -0.06757511
 31  24   0.03205366
 32   5   0.01900686
 32   8   0.01615893
 33   3   0.03160500
 33  23  -0.00164371
 34   1  -0.05092635
 34   4  -0.05094101
 34   7  -0.02422670
 34  22  -0.01244140
 34  24   0.00917970
 36   1  -0.01068307
 36   4  -0.00749314
 36   7   0.04629980
 36  22   0.05154669
 36  24  -0.03995994
 37   5  -0.03636277
 37   8   0.00489265
 38   3  -0.02862718
 38  23  -0.01495413
 39   1   0.01901932
 39   4  -0.03284710
 39   7  -0.03009577
 39  22  -0.01058021
 39  24   0.03440141
 40   0   0.04698578
 40  21  -0.11955110
 40  35  -0.06114364
 41   3   0.06460865
 41  23  -0.00650273
 42   9  -0.13097637
 42  29  -0.04502434
 42  40  -0.01579504
 43  11   0.15538525
 43  16   0.03584326
 43  19  -0.02269908
 43  26   0.02020754
 43  31   0.01010727
 43  34  -0.03925303
 43  36   0.05160611
 43  39   0.05888478
 44  13   0.26082463
 44  18  -0.04572928
 44  28  -0.03524947
 45  10   0.03790151
 45  15   0.01151046
 45  25  -0.13402034
 45  30   0.02660004
 45  33  -0.02541953
 45  38   0.03884160
 45  41  -0.05419337
 46  11   0.02601796
 46  16   0.04290446
 46  19  -0.03302425
 46  26   0.10532691
 46  31  -0.01109978
 46  34   0.05295147
 46  36  -0.06739917
 46  39   0.03349552
 47  12   0.01468824
 47  17   0.04673933
 47  20   0.02688175
 47  27  -0.09451218
 47  32  -0.03142819
 47  37  -0.05376778
 48  13   0.00715623
 48  18   0.02280079
 48  28   0.17425936
 49  11   0.01033515
 49  16  -0.04155515
 49  19   0.02745910
 49  26   0.07454724
 49  31  -0.03098246
 49  34   0.04759044
 49  36  -0.03971094
 49  39   0.01529168
 50  12  -0.10791014
 50  17   0.05085352
 50  20  -0.00024955
 50  27   0.03753557
 50  32  -0.02082256
 50  37   0.04108602
 51   9  -0.01955216
 51  29  -0.02298955
 51  40  -0.01864280
 52  11   0.02307049
 52  16   0.00993252
 52  19   0.00718017
 52  26   0.03338744
 52  31  -0.03834496
 52  34   0.01067701
 52  36  -0.04381492
 52  39   0.00881247
 53  10   0.01655043
 53  15  -0.00565359
 53  25   0.02005535
 53  30  -0.00265683
 53  33  -0.01180043
 53  38   0.00308591
 53  41   0.00551653
 54  11  -0.06439865
 54  16  -0.01619747
 54  19  -0.01175404
 54  26  -0.02721672
 54  31   0.00544525
 54  34  -0.03354260
 54  36   0.03086685
 54  39  -0.01263394
 55   9  -0.01017825
 55  29  -0.02249569
 55  40  -0.01558349

Jf nJf  Ji nJi  Lambda =   0 2      0 2      0
-------------- OBTD ---------------------
  3   0  -0.21720188
  4   1  -0.33745423
  5   2  -0.14567926

-------------- TBTD ---------------------
  9   0   0.05011091
  9  21   0.10468075
  9  35   0.07716556
 10   3   0.03927405
 10  23  -0.00912876
 11   1  -0.29601820
 11   4  -0.06502047
 11   7   0.00970757
 11  22  -0.08543313
 11  24   0.07544754
 12   5   0.00165249
 12   8   0.02515671
 13   2  -0.23580807
 13   6   0.02759534
 15   3  -0.29585386
 15  23   0.02933552
 16   1  -0.07235541
 16   4  -0.22318556
 16   7  -0.15764354
 16  22  -0.07340392
 16  24   0.03850478
 17   5  -0.13359428
 17   8   0.07757774
 18   2   0.02165783
 18   6  -0.32092355
 19   1   0.00672493
 19   4  -0.13976695
 19   7  -0.16716411
 19  22  -0.07888697
 19  24   0.03005245
 20   5   0.06699360
 20   8  -0.15353104
 25   3  -0.00854914
 25  23  -0.01035279
 26   1   0.02284523
 26   4   0.05272235
 26   7   0.02978305
 26  22   0.00240863
 26  24   0.00511146
 27   5  -0.05424866
 27   8   0.02009684
 28   2  -0.01878425
 28   6   0.05729831
 29   0   0.11161161
 29  21  -0.14790462
 29  35  -0.06822066
 30   3  -0.04098041
 30  23   0.01369221
 31   1  -0.08921950
 31   4  -0.05348714
 31   7  -0.05117182
 31  22  -0.14889284
 31  24   0.09081707
 32   5   0.02535395
 32   8   0.02250619
 33   3   0.05637523
 33  23  -0.02226790
 34   1   0.04814522
 34   4  -0.04248710
 34   7  -0.04836232
 34  22   0.04133960
 34  24  -0.05878119
 36   1   0.00322503
 36   4  -0.03368452
 36   7  -0.06632253
 36  22   0.01305312
 36  24  -0.04406433
 37   5  -0.02209512
 37   8   0.07486430
 38   3  -0.04146731
 38  23  -0.04419127
 39   1  -0.06250636
 39   4  -0.08133798
 39   7  -0.04056230
 39  22  -0.08221356
 39  24   0.12981344
 40   0   0.07618213
 40  21  -0.06054829
 40  35  -0.05664267
 41   3   0.09326913
 41  23  -0.00788408
 42   9   0.00534098
 42  29   0.08014380
 42  40   0.06653498
 43  11  -0.15742907
 43  16   0.00031408
 43  19   0.00527217
 43  26   0.04600092
 43  31  -0.00266005
 43  34  -0.00648410
 43  36   0.01228206
 43  39   0.01649548
 44  13  -0.22690911
 44  18   0.01202197
 44  28  -0.01198996
 45  10  -0.03746440
 45  15  -0.00781512
 45  25  -0.29138926
 45  30   0.04145457
 45  33  -0.04402623
 45  38   0.05991543
 45  41  -0.09999879
 46  11  -0.03401277
 46  16  -0.02728143
 46  19   0.00378445
 46  26   0.19900324
 46  31  -0.05044669
 46  34   0.09360017
 46  36  -0.11468427
 46  39   0.03938884
 47  12  -0.00238856
 47  17  -0.06763721
 47  20   0.01429564
 47  27  -0.14712365
 47  32  -0.02549198
 47  37  -0.06719617
 48  13   0.01967733
 48  18  -0.04362979
 48  28   0.30269073
 49  11   0.01137656
 49  16   0.00739201
 49  19  -0.03376162
 49  26   0.10577350
 49  31  -0.04974490
 49  34   0.07207649
 49  36  -0.13636565
 49  39   0.01474340
 50  12  -0.02299221
 50  17   0.01088607
 50  20  -0.08137080
 50  27   0.06222066
 50  32  -0.02107021
 50  37   0.16485702
 51   9   0.08493090
 51  29   0.03397824
 51  40   0.02374226
 52  11  -0.00175237
 52  16   0.00057329
 52  19   0.01216070
 52  26   0.07107888
 52  31  -0.07361165
 52  34   0.02950596
 52  36  -0.09061796
 52  39   0.00836992
 53  10   0.00682028
 53  15  -0.01142917
 53  25   0.02243287
 53  30  -0.01385354
 53  33  -0.04152271
 53  38  -0.01636844
 53  41   0.00709336
 54  11  -0.01536439
 54  16   0.00550531
 54  19  -0.00721146
 54  26  -0.05255642
 54  31   0.01474770
 54  34  -0.08764305
 54  36   0.07211301
 54  39   0.01979469
 55   9   0.06456819
 55  29   0.02408283
 55  40  -0.00733946

Jf nJf  Ji nJi  Lambda =   1 1      1 1      0
-------------- OBTD ---------------------
  3   0   0.03337820
  4   1  -0.07820811
  5   2   0.05121507

-------------- TBTD ---------------------
  9   0   0.02134275
  9  21   0.01966915
  9  35  -0.04653286
 10   3  -0.00789385
 10  23   0.04583676
 11   1   0.02891885
 11   4  -0.01812049
 11   7  -0.00215943
 11  22   0.00464565
 11  24   0.01365608
 12   5  -0.00642694
 12   8  -0.04641691
 13   2   0.01901526
 13   6   0.00303042
 15   3  -0.05625738
 15  23  -0.08087766
 16   1   0.00418580
 16   4  -0.07530746
 16   7   0.04920163
 16  22  -0.02118398
 16  24   0.05805209
 17   5  -0.02730132
 17   8  -0.01788522
 18   2  -0.00122605
 18   6  -0.08424773
 19   1  -0.01814609
 19   4   0.04495174
 19   7   0.05349753
 19  22   0.03899281
 19  24  -0.02563404
 20   5  -0.04739541
 20   8   0.06766700
 25   3  -0.00557956
 25  23   0.05196850
 26   1   0.03803316
 26   4  -0.01482848
 26   7  -0.01333799
 26  22   0.00689417
 26  24  -0.00826899
 27   5   0.00184326
 27   8  -0.02246783
 28   2  -0.01602539
 28   6  -0.01755782
 29   0   0.03104258
 29  21   0.00188935
 29  35  -0.00029258
 30   3  -0.00287113
 30  23   0.04996578
 31   1   0.00794251
 31   4  -0.00658492
 31   7   0.04997916
 31  22  -0.00436040
 31  24   0.00695872
 32   5   0.02319426
 32   8   0.01209649
 33   3  -0.01403701
 33  23   0.02529910
 34   1   0.05087734
 34   4   0.05481488
 34   7   0.03174771
 34  22  -0.00891611
 34  24   0.01764257
 36   1  -0.00170758
 36   4   0.00569384
 36   7   0.00890736
 36  22   0.00601058
 36  24   0.01790565
 37   5   0.00970190
 37   8  -0.03988627
 38   3  -0.01952407
 38  23  -0.04568191
 39   1   0.02504617
 39   4  -0.02187388
 39   7   0.04532018
 39  22  -0.00774693
 39  24   0.04518287
 40   0  -0.04485723
 40  21   0.00779611
 40  35  -0.01398531
 41   3  -0.04041444
 41  23   0.04871210
 42   9   0.01976730
 42  29   0.01848810
 42  40  -0.04610082
 43  11   0.02913484
 43  16  -0.02015490
 43  19   0.01689896
 43  26   0.00496706
 43  31   0.00460626
 43  34  -0.01137793
 43  36  -0.01976180
 43  39  -0.03047039
 44  13   0.01943770
 44  18   0.01078344
 44  28   0.00646460
 45  10   0.00842706
 45  15   0.00558907
 45  25  -0.06759149
 45  30   0.00774419
 45  33  -0.00965019
 45  38  -0.01967299
 45  41   0.02438362
 46  11  -0.02350600
 46  16  -0.00956366
 46  19   0.00880411
 46  26   0.04993820
 46  31  -0.01954367
 46  34   0.03004555
 46  36   0.05418443
 46  39  -0.03574024
 47  12   0.01757236
 47  17  -0.00355792
 47  20   0.00054889
 47  27  -0.02218410
 47  32  -0.02024115
 47  37   0.04060026
 48  13   0.01038102
 48  18   0.01032377
 48  28   0.07684466
 49  11  -0.01365113
 49  16  -0.00407383
 49  19   0.00807943
 49  26  -0.05596304
 49  31   0.03202524
 49  34  -0.03699479
 49  36   0.05309238
 49  39  -0.02837313
 50  12   0.05220008
 50  17  -0.02975655
 50  20   0.03649768
 50  27  -0.02657612
 50  32   0.00643573
 50  37  -0.07120541
 51   9   0.03062239
 51  29   0.00154402
 51  40   0.00023535
 52  11   0.00815772
 52  16   0.00064447
 52  19   0.02337339
 52  26   0.00946441
 52  31  -0.00454611
 52  34   0.00210804
 52  36   0.04753878
 52  39  -0.00742460
 53  10  -0.06606271
 53  15   0.02876909
 53  25  -0.06283262
 53  30  -0.01210702
 53  33  -0.03921376
 53  38   0.01965004
 53  41  -0.04268778
 54  11   0.01833937
 54  16   0.02674436
 54  19   0.01868627
 54  26  -0.04954397
 54  31  -0.00068120
 54  34  -0.01233750
 54  36  -0.03179178
 54  39   0.01428823
 55   9  -0.04539239
 55  29   0.00715894
 55  40  -0.01377386

Jf nJf  Ji nJi  Lambda =   1 2      1 1      0
-------------- OBTD ---------------------
  3   0  -0.01963217
  4   1  -0.00578829
  5   2   0.04172822

-------------- TBTD ---------------------
  9   0   0.00219965
  9  21  -0.03532554
  9  35   0.02851480
 10   3   0.03166483
 10  23  -0.06148966
 11   1  -0.02354475
 11   4   0.04018112
 11   7  -0.00257658
 11  22   0.01354582
 11  24  -0.00768549
 12   5   0.00187811
 12   8   0.04322927
 13   2  -0.01441998
 13   6  -0.02774119
 15   3  -0.01738097
 15  23   0.01666857
 16   1  -0.03711034
 16   4   0.02829107
 16   7  -0.07349632
 16  22  -0.01433598
 16  24   0.04334012
 17   5  -0.01254279
 17   8   0.01171741
 18   2   0.03219060
 18   6  -0.02675890
 19   1  -0.00596041
 19   4   0.07757587
 19   7   0.04944683
 19  22   0.05694026
 19  24  -0.03777016
 20   5  -0.03952316
 20   8   0.05532673
 25   3   0.00410797
 25  23   0.00095771
 26   1   0.00746046
 26   4   0.04418200
 26   7   0.00797832
 26  22   0.01065647
 26  24   0.03813926
 27   5   0.02039391
 27   8   0.02565121
 28   2   0.01000782
 28   6  -0.00835979
 29   0   0.01975241
 29  21  -0.02388451
 29  35   0.01528739
 30   3  -0.02443776
 30  23  -0.00224685
 31   1   0.00174470
 31   4   0.00650517
 31   7  -0.00387101
 31  22   0.01323341
 31  24  -0.01293010
 32   5   0.01702454
 32   8  -0.00234117
 33   3  -0.03174713
 33  23   0.00577381
 34   1   0.01649373
 34   4   0.03822806
 34   7   0.01993582
 34  22  -0.00669258
 34  24   0.00303469
 36   1  -0.00302123
 36   4  -0.00092166
 36   7   0.00086424
 36  22  -0.01181224
 36  24  -0.01640340
 37   5   0.01954956
 37   8   0.03674240
 38   3   0.00041664
 38  23  -0.00283981
 39   1   0.01389050
 39   4  -0.00792730
 39   7  -0.01914504
 39  22  -0.00288181
 39  24  -0.00861854
 40   0  -0.00447562
 40  21   0.00080848
 40  35   0.01508224
 41   3  -0.02020495
 41  23   0.00735896
 42   9   0.00199904
 42  29  -0.03489897
 42  40   0.02778710
 43  11  -0.02311877
 43  16   0.01081988
 43  19  -0.04150799
 43  26  -0.04568989
 43  31   0.01348991
 43  34   0.01669932
 43  36   0.03897113
 43  39   0.02762857
 44  13  -0.01457812
 44  18   0.01317038
 44  28   0.05206872
 45  10   0.01205931
 45  15   0.00205787
 45  25  -0.01550917
 45  30   0.00615317
 45  33  -0.00322929
 45  38   0.02084630
 45  41  -0.02766763
 46  11  -0.03148864
 46  16   0.01258569
 46  19  -0.02662419
 46  26   0.02847579
 46  31  -0.01779322
 46  34   0.02243164
 46  36  -0.05378102
 46  39   0.01729856
 47  12  -0.02237920
 47  17  -0.00588651
 47  20  -0.02728022
 47  27   0.01331013
 47  32   0.01037807
 47  37  -0.06652139
 48  13   0.01570047
 48  18  -0.02840158
 48  28  -0.00998071
 49  11  -0.00675096
 49  16   0.01903229
 49  19   0.03170998
 49  26  -0.05670386
 49  31   0.03202260
 49  34  -0.01977247
 49  36   0.01832091
 49  39   0.03443613
 50  12  -0.01303500
 50  17  -0.00589488
 50  20  -0.02345574
 50  27  -0.05341726
 50  32   0.01482250
 50  37  -0.04367888
 51   9   0.01977514
 51  29  -0.02320303
 51  40   0.01456860
 52  11   0.00170997
 52  16   0.02004594
 52  19   0.01550521
 52  26   0.01126688
 52  31   0.01310646
 52  34   0.01385952
 52  36  -0.02155178
 52  39   0.03214943
 53  10  -0.07332903
 53  15   0.02739324
 53  25  -0.05908776
 53  30  -0.00519751
 53  33  -0.01425529
 53  38   0.01708750
 53  41  -0.06442647
 54  11   0.00177808
 54  16   0.02501862
 54  19   0.03288143
 54  26  -0.02137461
 54  31  -0.00236139
 54  34  -0.00217731
 54  36   0.00487558
 54  39  -0.01315330
 55   9  -0.00436371
 55  29   0.00107271
 55  40   0.01450424

Jf nJf  Ji nJi  Lambda =   1 1      1 2      0
-------------- OBTD ---------------------
  3   0  -0.03444364
  4   1   0.12926527
  5   2  -0.11935933

-------------- TBTD ---------------------
  9   0  -0.00970930
  9  21  -0.01763070
  9  35   0.02529251
 10   3  -0.01429261
 10  23  -0.03102555
 11   1  -0.02510087
 11   4  -0.00308656
 11   7   0.00460668
 11  22  -0.00862264
 11  24  -0.02341846
 12   5  -0.00125841
 12   8   0.03415626
 13   2  -0.02904688
 13   6   0.01042752
 15   3   0.10549308
 15  23   0.06532645
 16   1  -0.01592960
 16   4   0.08579255
 16   7  -0.09015915
 16  22   0.02090524
 16  24  -0.06419297
 17   5   0.06400095
 17   8   0.03012123
 18   2   0.01710406
 18   6   0.13375489
 19   1   0.01544204
 19   4  -0.03284553
 19   7  -0.12020597
 19  22  -0.02269207
 19  24   0.00581399
 20   5   0.00576959
 20   8  -0.13479579
 25   3  -0.01696895
 25  23  -0.03156796
 26   1  -0.00141835
 26   4  -0.00743537
 26   7  -0.01273167
 26  22  -0.00992493
 26  24  -0.00328133
 27   5  -0.02168661
 27   8   0.00799089
 28   2   0.01338263
 28   6   0.02275792
 29   0   0.00319075
 29  21   0.01482491
 29  35   0.01226286
 30   3   0.00485010
 30  23  -0.04926875
 31   1  -0.01351323
 31   4   0.01217399
 31   7  -0.04941870
 31  22   0.01768765
 31  24  -0.00914695
 32   5  -0.01222371
 32   8  -0.02352994
 33   3   0.00408888
 33  23  -0.06218033
 34   1  -0.02229476
 34   4  -0.02025280
 34   7  -0.00738187
 34  22   0.00887218
 34  24  -0.03709936
 36   1   0.00139139
 36   4  -0.00705171
 36   7  -0.00696267
 36  22   0.00274717
 36  24  -0.00603809
 37   5  -0.02193376
 37   8   0.01947236
 38   3   0.02161424
 38  23   0.08147589
 39   1  -0.00518499
 39   4   0.01851988
 39   7  -0.05193120
 39  22   0.00959287
 39  24  -0.05790561
 40   0   0.03066629
 40  21  -0.00865523
 40  35  -0.01974024
 41   3   0.01925352
 41  23  -0.07169166
 42   9  -0.01076972
 42  29  -0.01732053
 42  40   0.02395961
 43  11  -0.02461311
 43  16   0.01828860
 43  19   0.00048301
 43  26   0.02230720
 43  31  -0.00834256
 43  34  -0.01061240
 43  36   0.00716320
 43  39   0.02276041
 44  13  -0.02929777
 44  18  -0.00642310
 44  28  -0.02073134
 45  10   0.01147218
 45  15  -0.00340775
 45  25   0.09166639
 45  30  -0.01740718
 45  33   0.01161155
 45  38   0.02247463
 45  41  -0.04254896
 46  11  -0.01031020
 46  16   0.01954301
 46  19  -0.01560623
 46  26  -0.07403052
 46  31   0.02211492
 46  34  -0.02949796
 46  36  -0.06050242
 46  39   0.03220824
 47  12  -0.01645502
 47  17  -0.00346985
 47  20  -0.01958518
 47  27   0.04604328
 47  32   0.02239320
 47  37  -0.05902952
 48  13   0.00234880
 48  18  -0.01607099
 48  28  -0.12703195
 49  11   0.01230879
 49  16  -0.00314050
 49  19  -0.00879972
 49  26   0.03673918
 49  31  -0.01413777
 49  34   0.02079172
 49  36  -0.11851107
 49  39   0.02031058
 50  12  -0.03182916
 50  17   0.00675533
 50  20  -0.03055474
 50  27   0.02081279
 50  32  -0.00717707
 50  37   0.12371427
 51   9   0.00225343
 51  29   0.01480030
 51  40   0.01112544
 52  11  -0.01272863
 52  16   0.00206087
 52  19  -0.01689702
 52  26  -0.01545719
 52  31   0.01787476
 52  34  -0.00675333
 52  36  -0.05226244
 52  39   0.00629903
 53  10   0.01133264
 53  15   0.01149830
 53  25   0.01469184
 53  30   0.01292282
 53  33   0.02489378
 53  38  -0.00746685
 53  41  -0.01274847
 54  11  -0.01235145
 54  16   0.00090841
 54  19   0.00229321
 54  26   0.03953258
 54  31  -0.00049507
 54  34   0.03860620
 54  36   0.04131685
 54  39   0.01879361
 55   9   0.03082067
 55  29  -0.00828240
 55  40  -0.01974640

Jf nJf  Ji nJi  Lambda =   1 2      1 2      0
-------------- OBTD ---------------------
  3   0   0.02673020
  4   1  -0.07137395
  5   2   0.05312240

-------------- TBTD ---------------------
  9   0   0.00888025
  9  21   0.01448435
  9  35   0.00231246
 10   3   0.05202643
 10  23  -0.17092954
 11   1   0.01036291
 11   4   0.00991504
 11   7  -0.01029226
 11  22  -0.01077907
 11  24   0.02674390
 12   5  -0.01922517
 12   8  -0.01681993
 13   2   0.01996516
 13   6  -0.00088305
 15   3  -0.05869051
 15  23   0.00283536
 16   1   0.03293451
 16   4  -0.06464438
 16   7   0.09336713
 16  22  -0.00521154
 16  24   0.02535305
 17   5  -0.02243635
 17   8  -0.06459003
 18   2  -0.03885247
 18   6  -0.06685277
 19   1  -0.01604807
 19   4  -0.00738020
 19   7   0.06773429
 19  22   0.00475451
 19  24  -0.02293368
 20   5  -0.00842389
 20   8   0.05681888
 25   3   0.02011985
 25  23  -0.04008444
 26   1   0.00073058
 26   4   0.00427073
 26   7   0.02725177
 26  22   0.01252145
 26  24  -0.03913445
 27   5   0.01241145
 27   8  -0.01546092
 28   2   0.00316063
 28   6  -0.02313240
 29   0  -0.00453814
 29  21   0.00614909
 29  35   0.03220155
 30   3  -0.00419463
 30  23   0.06804225
 31   1   0.00808029
 31   4  -0.01588225
 31   7   0.05043466
 31  22  -0.01759729
 31  24   0.00425427
 32   5  -0.01206405
 32   8  -0.03674376
 33   3   0.00094473
 33  23   0.03792356
 34   1   0.01597189
 34   4   0.00476007
 34   7   0.01625059
 34  22   0.00621852
 34  24  -0.00259190
 36   1   0.00888964
 36   4   0.01164002
 36   7   0.01341949
 36  22   0.00243879
 36  24   0.02525176
 37   5  -0.01049715
 37   8  -0.01504379
 38   3   0.00112971
 38  23  -0.06144316
 39   1  -0.01667689
 39   4  -0.00736649
 39   7   0.05755960
 39  22  -0.00241622
 39  24   0.02425773
 40   0  -0.01314120
 40  21  -0.00141396
 40  35   0.00986774
 41   3   0.01130071
 41  23  -0.08333347
 42   9   0.00914585
 42  29   0.01412701
 42  40   0.00189728
 43  11   0.01019058
 43  16  -0.00721776
 43  19  -0.02782506
 43  26  -0.02089199
 43  31  -0.01065601
 43  34   0.00649678
 43  36   0.01375324
 43  39  -0.03050600
 44  13   0.02016690
 44  18   0.01703390
 44  28   0.01864575
 45  10  -0.00771360
 45  15   0.00604291
 45  25  -0.04442043
 45  30   0.00274199
 45  33  -0.01286927
 45  38  -0.02418448
 45  41   0.04413580
 46  11   0.02265717
 46  16  -0.02328554
 46  19   0.00150827
 46  26   0.04609088
 46  31  -0.01273567
 46  34   0.01256999
 46  36   0.06454934
 46  39  -0.05146966
 47  12  -0.02333659
 47  17   0.02243240
 47  20  -0.04063307
 47  27  -0.03227486
 47  32  -0.00129968
 47  37   0.03906440
 48  13  -0.02956606
 48  18   0.01905562
 48  28   0.06263299
 49  11  -0.00511497
 49  16   0.00330187
 49  19   0.03492477
 49  26  -0.00101022
 49  31   0.00518037
 49  34   0.00834565
 49  36   0.04554212
 49  39   0.00654113
 50  12  -0.00775205
 50  17   0.00400823
 50  20  -0.00825068
 50  27  -0.00189755
 50  32   0.00127244
 50  37  -0.08077038
 51   9  -0.00468739
 51  29   0.00588654
 51  40   0.03119246
 52  11   0.00812367
 52  16  -0.01445848
 52  19  -0.00011465
 52  26   0.00796913
 52  31  -0.01760833
 52  34   0.00231761
 52  36   0.07203327
 52  39  -0.00344953
 53  10  -0.02363562
 53  15   0.01799441
 53  25  -0.01591839
 53  30  -0.00550566
 53  33  -0.01701405
 53  38  -0.00623147
 53  41  -0.02943978
 54  11   0.02329960
 54  16  -0.00661187
 54  19   0.02210601
 54  26  -0.01897016
 54  31   0.00591839
 54  34  -0.01827932
 54  36  -0.06377744
 54  39   0.00780174
 55   9  -0.01347989
 55  29  -0.00177274
 55  40   0.00934123
