 ! Total Interaction
 256
   1   4   1   4     0     0   0.0000
   1   4   2   5     0     0   0.0000
   2   5   2   5     0     0   0.0000
   1   4   3   6     0     0   0.0000
   2   5   3   6     0     0   0.0000
   3   6   3   6     0     0   0.0000
   1   4   1   4     1     0  -1.3013
   1   4   2   4     1     0  -4.2501
   2   4   2   4     1     0  -5.5091
   1   5   2   4     1     0   7.4467
   1   4   1   5     1     0   4.3711
   1   5   1   5     1     0  -5.7543
   1   4   2   5     1     0   1.5609
   2   4   2   5     1     0  -0.3023
   1   5   2   5     1     0   0.4011
   2   5   2   5     1     0   0.4997
   1   4   3   5     1     0   0.0664
   2   4   3   5     1     0   2.7056
   1   5   3   5     1     0  -2.5798
   2   5   3   5     1     0   0.9289
   3   5   3   5     1     0  -2.8706
   2   6   3   5     1     0   3.5756
   1   4   2   6     1     0  -0.0476
   2   4   2   6     1     0  -2.4529
   1   5   2   6     1     0   2.8385
   2   5   2   6     1     0  -0.9484
   2   6   2   6     1     0  -2.8480
   1   4   3   6     1     0  -0.9709
   2   4   3   6     1     0  -2.4953
   1   5   3   6     1     0   2.5947
   2   5   3   6     1     0  -0.3729
   3   5   3   6     1     0   1.1979
   2   6   3   6     1     0  -1.1786
   3   6   3   6     1     0  -2.9070
   1   4   1   4     2     0   0.0000
   1   4   2   4     2     0   0.0000
   2   4   2   4     2     0   0.0000
   1   5   2   4     2     0   0.0000
   1   6   2   4     2     0   0.0000
   1   4   3   4     2     0   0.0000
   2   4   3   4     2     0   0.0000
   3   4   3   4     2     0   0.0000
   1   5   3   4     2     0   0.0000
   2   5   3   4     2     0   0.0000
   1   6   3   4     2     0   0.0000
   2   6   3   4     2     0   0.0000
   1   4   1   5     2     0   0.0000
   1   5   1   5     2     0   0.0000
   1   4   2   5     2     0   0.0000
   2   4   2   5     2     0   0.0000
   1   5   2   5     2     0   0.0000
   2   5   2   5     2     0   0.0000
   1   6   2   5     2     0   0.0000
   1   4   3   5     2     0   0.0000
   2   4   3   5     2     0   0.0000
   3   4   3   5     2     0   0.0000
   1   5   3   5     2     0   0.0000
   2   5   3   5     2     0   0.0000
   3   5   3   5     2     0   0.0000
   1   6   3   5     2     0   0.0000
   2   6   3   5     2     0   0.0000
   1   4   1   6     2     0   0.0000
   1   5   1   6     2     0   0.0000
   1   6   1   6     2     0   0.0000
   1   4   2   6     2     0   0.0000
   2   4   2   6     2     0   0.0000
   1   5   2   6     2     0   0.0000
   2   5   2   6     2     0   0.0000
   1   6   2   6     2     0   0.0000
   2   6   2   6     2     0   0.0000
   1   4   1   4     3     0  -1.0554
   1   4   2   4     3     0  -1.7399
   2   4   2   4     3     0  -0.6120
   1   5   2   4     3     0   1.2623
   1   6   2   4     3     0  -1.5937
   1   4   3   4     3     0  -1.7623
   2   4   3   4     3     0  -1.0241
   3   4   3   4     3     0  -2.7818
   1   5   3   4     3     0   1.6089
   2   5   3   4     3     0   0.1159
   1   6   3   4     3     0  -4.0618
   1   4   1   5     3     0   1.8086
   1   5   1   5     3     0  -0.6723
   1   4   2   5     3     0   0.2465
   2   4   2   5     3     0  -2.0623
   1   5   2   5     3     0   2.1822
   2   5   2   5     3     0  -2.2600
   1   6   2   5     3     0   0.0192
   1   4   1   6     3     0  -1.8802
   1   5   1   6     3     0   1.1293
   1   6   1   6     3     0  -2.9079
   1   4   1   4     4     0   0.0000
   1   4   2   4     4     0   0.0000
   2   4   2   4     4     0   0.0000
   1   5   2   4     4     0   0.0000
   1   4   1   5     4     0   0.0000
   1   5   1   5     4     0   0.0000
   1   4   1   4     5     0  -3.3505
   1   1   1   1     0     1  -1.5295
   1   1   2   2     0     1  -4.2995
   2   2   2   2     0     1   0.2029
   1   1   3   3     0     1  -1.3717
   2   2   3   3     0     1  -1.0293
   3   3   3   3     0     1  -0.8391
   1   4   1   4     0     1  -2.0410
   4   4   4   4     0     1  -1.8405
   1   4   2   5     0     1  -4.4890
   2   5   2   5     0     1  -0.2508
   4   4   5   5     0     1  -4.5027
   5   5   5   5     0     1  -0.0095
   1   4   3   6     0     1  -1.4339
   2   5   3   6     0     1  -1.0898
   3   6   3   6     0     1  -1.3409
   4   4   6   6     0     1  -1.3939
   5   5   6   6     0     1  -1.0321
   6   6   6   6     0     1  -1.3056
   1   2   1   2     1     1   1.2543
   1   2   2   3     1     1   0.1445
   2   3   2   3     1     1   0.6756
   1   4   1   4     1     1   0.0000
   1   4   2   4     1     1   0.0000
   2   4   2   4     1     1   0.0000
   1   5   2   4     1     1   0.0000
   1   4   1   5     1     1   0.0000
   1   5   1   5     1     1   0.0000
   1   4   2   5     1     1   0.0000
   2   4   2   5     1     1   0.0000
   1   5   2   5     1     1   0.0000
   2   5   2   5     1     1   0.0000
   1   4   3   5     1     1   0.0000
   2   4   3   5     1     1   0.0000
   1   5   3   5     1     1   0.0000
   2   5   3   5     1     1   0.0000
   3   5   3   5     1     1   0.0000
   2   6   3   5     1     1   0.0000
   4   5   4   5     1     1   0.8163
   1   4   2   6     1     1   0.0000
   2   4   2   6     1     1   0.0000
   1   5   2   6     1     1   0.0000
   2   5   2   6     1     1   0.0000
   2   6   2   6     1     1   0.0000
   1   4   3   6     1     1   0.0000
   2   4   3   6     1     1   0.0000
   1   5   3   6     1     1   0.0000
   2   5   3   6     1     1   0.0000
   3   5   3   6     1     1   0.0000
   2   6   3   6     1     1   0.0000
   3   6   3   6     1     1   0.0000
   4   5   5   6     1     1   0.1019
   5   6   5   6     1     1   0.3058
   1   1   1   1     2     1  -0.2778
   1   1   1   2     2     1  -0.4000
   1   2   1   2     2     1   1.0140
   1   1   2   2     2     1  -0.9851
   1   2   2   2     2     1  -0.6740
   2   2   2   2     2     1   0.3750
   1   3   2   2     2     1  -0.4750
   1   1   1   3     2     1  -0.8585
   1   2   1   3     2     1   0.2032
   1   3   1   3     2     1  -0.3224
   1   1   2   3     2     1   0.9699
   1   2   2   3     2     1   0.7318
   2   2   2   3     2     1   0.1703
   1   3   2   3     2     1   1.2610
   2   3   2   3     2     1   0.4590
   1   4   1   4     2     1  -0.7131
   1   4   2   4     2     1   0.3518
   2   4   2   4     2     1  -3.8325
   1   5   2   4     2     1  -5.1221
   1   6   2   4     2     1  -1.5452
   1   4   3   4     2     1  -0.8411
   2   4   3   4     2     1   1.1777
   3   4   3   4     2     1  -0.9560
   1   5   3   4     2     1   1.6027
   2   5   3   4     2     1  -0.4983
   1   6   3   4     2     1  -0.5354
   2   6   3   4     2     1   3.6877
   4   4   4   4     2     1  -0.6890
   1   4   1   5     2     1  -0.4460
   1   5   1   5     2     1  -3.9973
   1   4   2   5     2     1  -1.0383
   2   4   2   5     2     1   0.7186
   1   5   2   5     2     1  -0.7474
   2   5   2   5     2     1   0.0332
   1   6   2   5     2     1  -0.5416
   1   4   3   5     2     1  -0.9755
   2   4   3   5     2     1  -0.5500
   3   4   3   5     2     1   1.1314
   1   5   3   5     2     1  -2.1081
   2   5   3   5     2     1  -0.2145
   3   5   3   5     2     1  -1.2425
   1   6   3   5     2     1  -3.8056
   2   6   3   5     2     1  -1.3443
   4   4   4   5     2     1  -0.3799
   4   5   4   5     2     1   0.6148
   4   4   5   5     2     1  -1.0380
   4   5   5   5     2     1  -0.7808
   5   5   5   5     2     1   0.1000
   4   6   5   5     2     1  -0.5565
   1   4   1   6     2     1  -0.8752
   1   5   1   6     2     1  -1.3019
   1   6   1   6     2     1  -0.9824
   1   4   2   6     2     1   1.0481
   2   4   2   6     2     1  -2.0715
   1   5   2   6     2     1  -0.5920
   2   5   2   6     2     1   0.1892
   1   6   2   6     2     1  -1.0953
   2   6   2   6     2     1  -1.1624
   4   4   4   6     2     1  -0.8097
   4   5   4   6     2     1   0.1722
   4   6   4   6     2     1  -0.7293
   4   4   5   6     2     1   1.0185
   4   5   5   6     2     1   0.7700
   5   5   5   6     2     1   0.1570
   4   6   5   6     2     1   1.3555
   5   6   5   6     2     1   0.1179
   1   2   1   2     3     1   0.6488
   1   2   1   3     3     1  -0.2455
   1   3   1   3     3     1   0.9837
   1   4   1   4     3     1   0.0000
   1   4   2   4     3     1   0.0000
   2   4   2   4     3     1   0.0000
   1   5   2   4     3     1   0.0000
   1   6   2   4     3     1   0.0000
   1   4   3   4     3     1   0.0000
   2   4   3   4     3     1   0.0000
   3   4   3   4     3     1   0.0000
   1   5   3   4     3     1   0.0000
   2   5   3   4     3     1   0.0000
   1   6   3   4     3     1   0.0000
   1   4   1   5     3     1   0.0000
   1   5   1   5     3     1   0.0000
   1   4   2   5     3     1   0.0000
   2   4   2   5     3     1   0.0000
   1   5   2   5     3     1   0.0000
   2   5   2   5     3     1   0.0000
   1   6   2   5     3     1   0.0000
   4   5   4   5     3     1   0.2683
   1   4   1   6     3     1   0.0000
   1   5   1   6     3     1   0.0000
   1   6   1   6     3     1   0.0000
   4   5   4   6     3     1  -0.2393
   4   6   4   6     3     1   0.5806
   1   1   1   1     4     1   0.3617
   1   1   1   2     4     1  -1.2386
   1   2   1   2     4     1  -0.0889
   1   4   1   4     4     1  -0.0310
   1   4   2   4     4     1   1.2747
   2   4   2   4     4     1  -4.1790
   1   5   2   4     4     1  -3.1688
   4   4   4   4     4     1  -0.0058
   1   4   1   5     4     1  -1.2714
   1   5   1   5     4     1  -4.3959
   4   4   4   5     4     1  -1.2683
   4   5   4   5     4     1  -0.5671
   1   4   1   4     5     1   0.0000
