      1      4      1      4          10           0  0.235916864789031     
      1      4      1      4           8           0  -1.93686130952381     
      1      4      1      4           6           0   2.31487216964220     
      1      4      1      4           4           0  -5.56225713913017     
      1      4      1      4           2           0   4.67703064171104     
      1      4      1      4           0           0  -9.00542150000000     
      1      4      1      5           8           0  -5.28273395242522     
      1      4      1      5           6           0  0.185295684405993     
      1      4      1      5           4           0  -4.34161621728298     
      1      4      1      5           2           0  -1.04321156166464     
      1      4      1      6           6           0  0.560295464881142     
      1      4      1      6           4           0  -3.73823108537629     
      1      4      2      4           8           0  -5.04319215677542     
      1      4      2      4           6           0  0.155594717120480     
      1      4      2      4           4           0  -4.34364117877859     
      1      4      2      4           2           0 -0.993569410848870     
      1      4      2      5           8           0  -5.53745510945754     
      1      4      2      5           6           0 -0.372038782415313     
      1      4      2      5           4           0  -1.07904214084838     
      1      4      2      5           2           0  -1.14444700691421     
      1      4      2      6           6           0   1.00433585057909     
      1      4      2      6           4           0  -1.31942356572162     
      1      4      3      4           6           0  0.496663170986135     
      1      4      3      4           4           0  -3.52017672658093     
      1      4      3      5           6           0  0.956899803280216     
      1      4      3      5           4           0  -1.21247925503069     
      1      4      3      6           6           0 -9.656527661731085E-003
      1      4      3      6           4           0  -2.20998270994922     
      1      5      1      4           8           0   5.28273395242522     
      1      5      1      4           6           0 -0.185295684405993     
      1      5      1      4           4           0   4.34161621728298     
      1      5      1      4           2           0   1.04321156166464     
      1      5      1      5           6           0   1.33850888032823     
      1      5      1      5           4           0  -4.24213313480571     
      1      5      1      5           2           0 -0.259248838703385     
      1      5      1      5           0           0  -8.31995216964824     
      1      5      1      6           4           0   2.05092072376726     
      1      5      1      6           2           0 -0.379416281781961     
      1      5      2      4           8           0   8.65057449107143     
      1      5      2      4           6           0  -2.41703000798169     
      1      5      2      4           4           0   1.40416044855506     
      1      5      2      4           2           0  -4.13771782483638     
      1      5      2      5           6           0   1.93151502931228     
      1      5      2      5           4           0  -2.88224638787937     
      1      5      2      5           2           0   2.50333809660134     
      1      5      2      6           4           0   2.12232801588593     
      1      5      2      6           2           0   1.40591395774953     
      1      5      3      4           6           0  0.979953895356667     
      1      5      3      4           4           0   2.60397489523004     
      1      5      3      5           6           0  -1.25659954971755     
      1      5      3      5           4           0  -2.99462456544516     
      1      5      3      6           4           0   3.17780510121900     
      1      6      1      4           6           0  0.560295464881141     
      1      6      1      4           4           0  -3.73823108537630     
      1      6      1      5           4           0  -2.05092072376726     
      1      6      1      5           2           0  0.379416281781960     
      1      6      1      6           2           0   1.64425560684561     
      1      6      1      6           0           0  -3.64700690210486     
      1      6      2      4           6           0 -0.925961064299168     
      1      6      2      4           4           0  -2.56359738703988     
      1      6      2      5           4           0 -0.813687918843631     
      1      6      2      5           2           0 -0.269105125439708     
      1      6      2      6           2           0  -1.22460610659152     
      1      6      3      4           6           0  0.305259289975251     
      1      6      3      4           4           0  -5.39782598507092     
      1      6      3      5           4           0  -4.25479238365458     
      2      4      1      4           8           0   5.04319215677542     
      2      4      1      4           6           0 -0.155594717120480     
      2      4      1      4           4           0   4.34364117877859     
      2      4      1      4           2           0  0.993569410848870     
      2      4      1      5           8           0   8.65057449107143     
      2      4      1      5           6           0  -2.41703000798169     
      2      4      1      5           4           0   1.40416044855506     
      2      4      1      5           2           0  -4.13771782483638     
      2      4      1      6           6           0  0.925961064299167     
      2      4      1      6           4           0   2.56359738703988     
      2      4      2      4           6           0   1.30091728032256     
      2      4      2      4           4           0  -4.07427760253226     
      2      4      2      4           2           0 -0.280062771288766     
      2      4      2      4           0           0  -7.91843813885972     
      2      4      2      5           6           0   1.76734049722975     
      2      4      2      5           4           0  -2.78932324479758     
      2      4      2      5           2           0   2.32610997567443     
      2      4      2      6           6           0  -1.16826289740003     
      2      4      2      6           4           0  -2.91753052464704     
      2      4      3      4           4           0   1.85720878400535     
      2      4      3      4           2           0 -0.345949447801454     
      2      4      3      5           4           0   2.01105123842012     
      2      4      3      5           2           0   1.35059230418987     
      2      4      3      6           4           0   3.05615976635777     
      2      5      1      4           8           0  -5.53745510945754     
      2      5      1      4           6           0 -0.372038782415314     
      2      5      1      4           4           0  -1.07904214084838     
      2      5      1      4           2           0  -1.14444700691421     
      2      5      1      5           6           0  -1.93151502931228     
      2      5      1      5           4           0   2.88224638787937     
      2      5      1      5           2           0  -2.50333809660134     
      2      5      1      6           4           0 -0.813687918843631     
      2      5      1      6           2           0 -0.269105125439708     
      2      5      2      4           6           0  -1.76734049722975     
      2      5      2      4           4           0   2.78932324479758     
      2      5      2      4           2           0  -2.32610997567443     
      2      5      2      5           6           0 -0.439830756251902     
      2      5      2      5           4           0  -1.79704107407905     
      2      5      2      5           2           0   4.49200725867887     
      2      5      2      5           0           0  -3.60151200000000     
      2      5      2      6           4           0   1.15556062596585     
      2      5      2      6           2           0  0.321694538287364     
      2      5      3      4           4           0 -0.813699909955320     
      2      5      3      4           2           0 -7.571165765391821E-002
      2      5      3      5           4           0   1.15483511186529     
      2      5      3      5           2           0  0.275073439058690     
      2      5      3      6           4           0 -0.466087570832823     
      2      5      3      6           2           0  -1.17796683802183     
      2      6      1      4           6           0  -1.00433585057910     
      2      6      1      4           4           0   1.31942356572162     
      2      6      1      5           4           0   2.12232801588593     
      2      6      1      5           2           0   1.40591395774953     
      2      6      1      6           2           0   1.22460610659152     
      2      6      2      4           6           0  -1.16826289740003     
      2      6      2      4           4           0  -2.91753052464704     
      2      6      2      5           4           0  -1.15556062596585     
      2      6      2      5           2           0 -0.321694538287364     
      2      6      2      6           2           0  -1.15406991429970     
      2      6      2      6           0           0  -2.53775550276697     
      2      6      3      4           4           0   4.12292810091945     
      2      6      3      5           4           0   3.37397949253567     
      2      6      3      5           2           0 -0.681121185847827     
      2      6      3      6           2           0  -1.44345613629008     
      3      4      1      4           6           0  0.496663170986135     
      3      4      1      4           4           0  -3.52017672658093     
      3      4      1      5           6           0 -0.979953895356667     
      3      4      1      5           4           0  -2.60397489523004     
      3      4      1      6           6           0  0.305259289975251     
      3      4      1      6           4           0  -5.39782598507092     
      3      4      2      4           4           0  -1.85720878400535     
      3      4      2      4           2           0  0.345949447801454     
      3      4      2      5           4           0 -0.813699909955320     
      3      4      2      5           2           0 -7.571165765391824E-002
      3      4      2      6           4           0  -4.12292810091945     
      3      4      3      4           2           0   1.55912308596946     
      3      4      3      4           0           0  -3.50058178057164     
      3      4      3      5           2           0  -1.26494589093961     
      3      5      1      4           6           0 -0.956899803280216     
      3      5      1      4           4           0   1.21247925503069     
      3      5      1      5           6           0  -1.25659954971755     
      3      5      1      5           4           0  -2.99462456544517     
      3      5      1      6           4           0   4.25479238365458     
      3      5      2      4           4           0   2.01105123842012     
      3      5      2      4           2           0   1.35059230418987     
      3      5      2      5           4           0  -1.15483511186529     
      3      5      2      5           2           0 -0.275073439058690     
      3      5      2      6           4           0   3.37397949253567     
      3      5      2      6           2           0 -0.681121185847827     
      3      5      3      4           2           0   1.26494589093961     
      3      5      3      5           2           0  -1.11471262527697     
      3      5      3      5           0           0  -2.62058758210542     
      3      5      3      6           2           0  -1.46710106077717     
      3      6      1      4           6           0 -9.656527661730863E-003
      3      6      1      4           4           0  -2.20998270994922     
      3      6      1      5           4           0  -3.17780510121900     
      3      6      2      4           4           0  -3.05615976635777     
      3      6      2      5           4           0 -0.466087570832823     
      3      6      2      5           2           0  -1.17796683802183     
      3      6      2      6           2           0   1.44345613629008     
      3      6      3      5           2           0   1.46710106077717     
      3      6      3      6           2           0   1.35626852846035     
      3      6      3      6           0           0  -5.03100600000000     
      4      1      4      1          10           0  0.235916864789031     
      4      1      4      1           8           0  -1.93686130952381     
      4      1      4      1           6           0   2.31487216964220     
      4      1      4      1           4           0  -5.56225713913017     
      4      1      4      1           2           0   4.67703064171104     
      4      1      4      1           0           0  -9.00542150000000     
      4      1      4      2           8           0  -5.04319215677542     
      4      1      4      2           6           0  0.155594717120480     
      4      1      4      2           4           0  -4.34364117877859     
      4      1      4      2           2           0 -0.993569410848869     
      4      1      4      3           6           0  0.496663170986135     
      4      1      4      3           4           0  -3.52017672658093     
      4      1      5      1           8           0  -5.28273395242522     
      4      1      5      1           6           0  0.185295684405993     
      4      1      5      1           4           0  -4.34161621728298     
      4      1      5      1           2           0  -1.04321156166464     
      4      1      5      2           8           0  -5.53745510945754     
      4      1      5      2           6           0 -0.372038782415313     
      4      1      5      2           4           0  -1.07904214084838     
      4      1      5      2           2           0  -1.14444700691421     
      4      1      5      3           6           0  0.956899803280216     
      4      1      5      3           4           0  -1.21247925503069     
      4      1      6      1           6           0  0.560295464881142     
      4      1      6      1           4           0  -3.73823108537629     
      4      1      6      2           6           0   1.00433585057909     
      4      1      6      2           4           0  -1.31942356572162     
      4      1      6      3           6           0 -9.656527661731085E-003
      4      1      6      3           4           0  -2.20998270994922     
      4      2      4      1           8           0   5.04319215677542     
      4      2      4      1           6           0 -0.155594717120480     
      4      2      4      1           4           0   4.34364117877859     
      4      2      4      1           2           0  0.993569410848870     
      4      2      4      2           6           0   1.30091728032256     
      4      2      4      2           4           0  -4.07427760253226     
      4      2      4      2           2           0 -0.280062771288765     
      4      2      4      2           0           0  -7.91843813885972     
      4      2      4      3           4           0   1.85720878400535     
      4      2      4      3           2           0 -0.345949447801454     
      4      2      5      1           8           0   8.65057449107143     
      4      2      5      1           6           0  -2.41703000798169     
      4      2      5      1           4           0   1.40416044855506     
      4      2      5      1           2           0  -4.13771782483638     
      4      2      5      2           6           0   1.76734049722975     
      4      2      5      2           4           0  -2.78932324479758     
      4      2      5      2           2           0   2.32610997567443     
      4      2      5      3           4           0   2.01105123842012     
      4      2      5      3           2           0   1.35059230418987     
      4      2      6      1           6           0  0.925961064299167     
      4      2      6      1           4           0   2.56359738703988     
      4      2      6      2           6           0  -1.16826289740003     
      4      2      6      2           4           0  -2.91753052464704     
      4      2      6      3           4           0   3.05615976635777     
      4      3      4      1           6           0  0.496663170986135     
      4      3      4      1           4           0  -3.52017672658093     
      4      3      4      2           4           0  -1.85720878400535     
      4      3      4      2           2           0  0.345949447801454     
      4      3      4      3           2           0   1.55912308596946     
      4      3      4      3           0           0  -3.50058178057164     
      4      3      5      1           6           0 -0.979953895356667     
      4      3      5      1           4           0  -2.60397489523004     
      4      3      5      2           4           0 -0.813699909955320     
      4      3      5      2           2           0 -7.571165765391824E-002
      4      3      5      3           2           0  -1.26494589093961     
      4      3      6      1           6           0  0.305259289975251     
      4      3      6      1           4           0  -5.39782598507092     
      4      3      6      2           4           0  -4.12292810091945     
      5      1      4      1           8           0   5.28273395242522     
      5      1      4      1           6           0 -0.185295684405994     
      5      1      4      1           4           0   4.34161621728298     
      5      1      4      1           2           0   1.04321156166464     
      5      1      4      2           8           0   8.65057449107143     
      5      1      4      2           6           0  -2.41703000798169     
      5      1      4      2           4           0   1.40416044855506     
      5      1      4      2           2           0  -4.13771782483638     
      5      1      4      3           6           0  0.979953895356667     
      5      1      4      3           4           0   2.60397489523004     
      5      1      5      1           6           0   1.33850888032823     
      5      1      5      1           4           0  -4.24213313480571     
      5      1      5      1           2           0 -0.259248838703385     
      5      1      5      1           0           0  -8.31995216964824     
      5      1      5      2           6           0   1.93151502931228     
      5      1      5      2           4           0  -2.88224638787937     
      5      1      5      2           2           0   2.50333809660134     
      5      1      5      3           6           0  -1.25659954971755     
      5      1      5      3           4           0  -2.99462456544516     
      5      1      6      1           4           0   2.05092072376726     
      5      1      6      1           2           0 -0.379416281781961     
      5      1      6      2           4           0   2.12232801588593     
      5      1      6      2           2           0   1.40591395774953     
      5      1      6      3           4           0   3.17780510121900     
      5      2      4      1           8           0  -5.53745510945754     
      5      2      4      1           6           0 -0.372038782415314     
      5      2      4      1           4           0  -1.07904214084838     
      5      2      4      1           2           0  -1.14444700691421     
      5      2      4      2           6           0  -1.76734049722975     
      5      2      4      2           4           0   2.78932324479758     
      5      2      4      2           2           0  -2.32610997567443     
      5      2      4      3           4           0 -0.813699909955320     
      5      2      4      3           2           0 -7.571165765391821E-002
      5      2      5      1           6           0  -1.93151502931228     
      5      2      5      1           4           0   2.88224638787937     
      5      2      5      1           2           0  -2.50333809660134     
      5      2      5      2           6           0 -0.439830756251902     
      5      2      5      2           4           0  -1.79704107407905     
      5      2      5      2           2           0   4.49200725867887     
      5      2      5      2           0           0  -3.60151200000000     
      5      2      5      3           4           0   1.15483511186529     
      5      2      5      3           2           0  0.275073439058690     
      5      2      6      1           4           0 -0.813687918843631     
      5      2      6      1           2           0 -0.269105125439708     
      5      2      6      2           4           0   1.15556062596585     
      5      2      6      2           2           0  0.321694538287364     
      5      2      6      3           4           0 -0.466087570832823     
      5      2      6      3           2           0  -1.17796683802183     
      5      3      4      1           6           0 -0.956899803280216     
      5      3      4      1           4           0   1.21247925503069     
      5      3      4      2           4           0   2.01105123842012     
      5      3      4      2           2           0   1.35059230418987     
      5      3      4      3           2           0   1.26494589093961     
      5      3      5      1           6           0  -1.25659954971755     
      5      3      5      1           4           0  -2.99462456544517     
      5      3      5      2           4           0  -1.15483511186529     
      5      3      5      2           2           0 -0.275073439058690     
      5      3      5      3           2           0  -1.11471262527697     
      5      3      5      3           0           0  -2.62058758210542     
      5      3      6      1           4           0   4.25479238365458     
      5      3      6      2           4           0   3.37397949253567     
      5      3      6      2           2           0 -0.681121185847827     
      5      3      6      3           2           0  -1.46710106077717     
      6      1      4      1           6           0  0.560295464881141     
      6      1      4      1           4           0  -3.73823108537630     
      6      1      4      2           6           0 -0.925961064299168     
      6      1      4      2           4           0  -2.56359738703988     
      6      1      4      3           6           0  0.305259289975251     
      6      1      4      3           4           0  -5.39782598507092     
      6      1      5      1           4           0  -2.05092072376726     
      6      1      5      1           2           0  0.379416281781960     
      6      1      5      2           4           0 -0.813687918843631     
      6      1      5      2           2           0 -0.269105125439708     
      6      1      5      3           4           0  -4.25479238365458     
      6      1      6      1           2           0   1.64425560684561     
      6      1      6      1           0           0  -3.64700690210486     
      6      1      6      2           2           0  -1.22460610659152     
      6      2      4      1           6           0  -1.00433585057910     
      6      2      4      1           4           0   1.31942356572162     
      6      2      4      2           6           0  -1.16826289740003     
      6      2      4      2           4           0  -2.91753052464704     
      6      2      4      3           4           0   4.12292810091945     
      6      2      5      1           4           0   2.12232801588593     
      6      2      5      1           2           0   1.40591395774953     
      6      2      5      2           4           0  -1.15556062596585     
      6      2      5      2           2           0 -0.321694538287364     
      6      2      5      3           4           0   3.37397949253567     
      6      2      5      3           2           0 -0.681121185847827     
      6      2      6      1           2           0   1.22460610659152     
      6      2      6      2           2           0  -1.15406991429970     
      6      2      6      2           0           0  -2.53775550276697     
      6      2      6      3           2           0  -1.44345613629008     
      6      3      4      1           6           0 -9.656527661730863E-003
      6      3      4      1           4           0  -2.20998270994922     
      6      3      4      2           4           0  -3.05615976635777     
      6      3      5      1           4           0  -3.17780510121900     
      6      3      5      2           4           0 -0.466087570832823     
      6      3      5      2           2           0  -1.17796683802183     
      6      3      5      3           2           0   1.46710106077717     
      6      3      6      2           2           0   1.44345613629008     
      6      3      6      3           2           0   1.35626852846035     
      6      3      6      3           0           0  -5.03100600000000     
         336          10
   1   1   4   4   0   0   0   0 -9.0054   1   1
   1   1   4   4   2   0   0   0  4.6770   1   1
   1   1   4   4   4   0   0   0 -5.5623   1   1
   1   1   4   4   6   0   0   0  2.3149   1   1
   1   1   4   4   8   0   0   0 -1.9369   1   1
   1   1   4   4  10   0   0   0  0.2359   1   1
   1   1   4   5   2   0   0   0 -1.0432   1   1
   1   1   4   5   4   0   0   0 -4.3416   1   1
   1   1   4   5   6   0   0   0  0.1853   1   1
   1   1   4   5   8   0   0   0 -5.2827   1   1
   1   1   4   6   4   0   0   0 -3.7382   1   1
   1   1   4   6   6   0   0   0  0.5603   1   1
   1   1   5   4   2   0   0   0  1.0432   1   1
   1   1   5   4   4   0   0   0  4.3416   1   1
   1   1   5   4   6   0   0   0 -0.1853   1   1
   1   1   5   4   8   0   0   0  5.2827   1   1
   1   1   5   5   0   0   0   0 -8.3200   1   1
   1   1   5   5   2   0   0   0 -0.2592   1   1
   1   1   5   5   4   0   0   0 -4.2421   1   1
   1   1   5   5   6   0   0   0  1.3385   1   1
   1   1   5   6   2   0   0   0 -0.3794   1   1
   1   1   5   6   4   0   0   0  2.0509   1   1
   1   1   6   4   4   0   0   0 -3.7382   1   1
   1   1   6   4   6   0   0   0  0.5603   1   1
   1   1   6   5   2   0   0   0  0.3794   1   1
   1   1   6   5   4   0   0   0 -2.0509   1   1
   1   1   6   6   0   0   0   0 -3.6470   1   1
   1   1   6   6   2   0   0   0  1.6443   1   1
   1   2   4   4   2   0   0   0 -0.9936   1   1
   1   2   4   4   4   0   0   0 -4.3436   1   1
   1   2   4   4   6   0   0   0  0.1556   1   1
   1   2   4   4   8   0   0   0 -5.0432   1   1
   1   2   4   5   2   0   0   0 -1.1444   1   1
   1   2   4   5   4   0   0   0 -1.0790   1   1
   1   2   4   5   6   0   0   0 -0.3720   1   1
   1   2   4   5   8   0   0   0 -5.5375   1   1
   1   2   4   6   4   0   0   0 -1.3194   1   1
   1   2   4   6   6   0   0   0  1.0043   1   1
   1   2   5   4   2   0   0   0 -4.1377   1   1
   1   2   5   4   4   0   0   0  1.4042   1   1
   1   2   5   4   6   0   0   0 -2.4170   1   1
   1   2   5   4   8   0   0   0  8.6506   1   1
   1   2   5   5   2   0   0   0  2.5033   1   1
   1   2   5   5   4   0   0   0 -2.8822   1   1
   1   2   5   5   6   0   0   0  1.9315   1   1
   1   2   5   6   2   0   0   0  1.4059   1   1
   1   2   5   6   4   0   0   0  2.1223   1   1
   1   2   6   4   4   0   0   0 -2.5636   1   1
   1   2   6   4   6   0   0   0 -0.9260   1   1
   1   2   6   5   2   0   0   0 -0.2691   1   1
   1   2   6   5   4   0   0   0 -0.8137   1   1
   1   2   6   6   2   0   0   0 -1.2246   1   1
   1   3   4   4   4   0   0   0 -3.5202   1   1
   1   3   4   4   6   0   0   0  0.4967   1   1
   1   3   4   5   4   0   0   0 -1.2125   1   1
   1   3   4   5   6   0   0   0  0.9569   1   1
   1   3   4   6   4   0   0   0 -2.2100   1   1
   1   3   4   6   6   0   0   0 -0.0097   1   1
   1   3   5   4   4   0   0   0  2.6040   1   1
   1   3   5   4   6   0   0   0  0.9800   1   1
   1   3   5   5   4   0   0   0 -2.9946   1   1
   1   3   5   5   6   0   0   0 -1.2566   1   1
   1   3   5   6   4   0   0   0  3.1778   1   1
   1   3   6   4   4   0   0   0 -5.3978   1   1
   1   3   6   4   6   0   0   0  0.3053   1   1
   1   3   6   5   4   0   0   0 -4.2548   1   1
   2   1   4   4   2   0   0   0  0.9936   1   1
   2   1   4   4   4   0   0   0  4.3436   1   1
   2   1   4   4   6   0   0   0 -0.1556   1   1
   2   1   4   4   8   0   0   0  5.0432   1   1
   2   1   4   5   2   0   0   0 -4.1377   1   1
   2   1   4   5   4   0   0   0  1.4042   1   1
   2   1   4   5   6   0   0   0 -2.4170   1   1
   2   1   4   5   8   0   0   0  8.6506   1   1
   2   1   4   6   4   0   0   0  2.5636   1   1
   2   1   4   6   6   0   0   0  0.9260   1   1
   2   1   5   4   2   0   0   0 -1.1444   1   1
   2   1   5   4   4   0   0   0 -1.0790   1   1
   2   1   5   4   6   0   0   0 -0.3720   1   1
   2   1   5   4   8   0   0   0 -5.5375   1   1
   2   1   5   5   2   0   0   0 -2.5033   1   1
   2   1   5   5   4   0   0   0  2.8822   1   1
   2   1   5   5   6   0   0   0 -1.9315   1   1
   2   1   5   6   2   0   0   0 -0.2691   1   1
   2   1   5   6   4   0   0   0 -0.8137   1   1
   2   1   6   4   4   0   0   0  1.3194   1   1
   2   1   6   4   6   0   0   0 -1.0043   1   1
   2   1   6   5   2   0   0   0  1.4059   1   1
   2   1   6   5   4   0   0   0  2.1223   1   1
   2   1   6   6   2   0   0   0  1.2246   1   1
   2   2   4   4   0   0   0   0 -7.9184   1   1
   2   2   4   4   2   0   0   0 -0.2801   1   1
   2   2   4   4   4   0   0   0 -4.0743   1   1
   2   2   4   4   6   0   0   0  1.3009   1   1
   2   2   4   5   2   0   0   0  2.3261   1   1
   2   2   4   5   4   0   0   0 -2.7893   1   1
   2   2   4   5   6   0   0   0  1.7673   1   1
   2   2   4   6   4   0   0   0 -2.9175   1   1
   2   2   4   6   6   0   0   0 -1.1683   1   1
   2   2   5   4   2   0   0   0 -2.3261   1   1
   2   2   5   4   4   0   0   0  2.7893   1   1
   2   2   5   4   6   0   0   0 -1.7673   1   1
   2   2   5   5   0   0   0   0 -3.6015   1   1
   2   2   5   5   2   0   0   0  4.4920   1   1
   2   2   5   5   4   0   0   0 -1.7970   1   1
   2   2   5   5   6   0   0   0 -0.4398   1   1
   2   2   5   6   2   0   0   0  0.3217   1   1
   2   2   5   6   4   0   0   0  1.1556   1   1
   2   2   6   4   4   0   0   0 -2.9175   1   1
   2   2   6   4   6   0   0   0 -1.1683   1   1
   2   2   6   5   2   0   0   0 -0.3217   1   1
   2   2   6   5   4   0   0   0 -1.1556   1   1
   2   2   6   6   0   0   0   0 -2.5378   1   1
   2   2   6   6   2   0   0   0 -1.1541   1   1
   2   3   4   4   2   0   0   0 -0.3459   1   1
   2   3   4   4   4   0   0   0  1.8572   1   1
   2   3   4   5   2   0   0   0  1.3506   1   1
   2   3   4   5   4   0   0   0  2.0111   1   1
   2   3   4   6   4   0   0   0  3.0562   1   1
   2   3   5   4   2   0   0   0 -0.0757   1   1
   2   3   5   4   4   0   0   0 -0.8137   1   1
   2   3   5   5   2   0   0   0  0.2751   1   1
   2   3   5   5   4   0   0   0  1.1548   1   1
   2   3   5   6   2   0   0   0 -1.1780   1   1
   2   3   5   6   4   0   0   0 -0.4661   1   1
   2   3   6   4   4   0   0   0  4.1229   1   1
   2   3   6   5   2   0   0   0 -0.6811   1   1
   2   3   6   5   4   0   0   0  3.3740   1   1
   2   3   6   6   2   0   0   0 -1.4435   1   1
   3   1   4   4   4   0   0   0 -3.5202   1   1
   3   1   4   4   6   0   0   0  0.4967   1   1
   3   1   4   5   4   0   0   0 -2.6040   1   1
   3   1   4   5   6   0   0   0 -0.9800   1   1
   3   1   4   6   4   0   0   0 -5.3978   1   1
   3   1   4   6   6   0   0   0  0.3053   1   1
   3   1   5   4   4   0   0   0  1.2125   1   1
   3   1   5   4   6   0   0   0 -0.9569   1   1
   3   1   5   5   4   0   0   0 -2.9946   1   1
   3   1   5   5   6   0   0   0 -1.2566   1   1
   3   1   5   6   4   0   0   0  4.2548   1   1
   3   1   6   4   4   0   0   0 -2.2100   1   1
   3   1   6   4   6   0   0   0 -0.0097   1   1
   3   1   6   5   4   0   0   0 -3.1778   1   1
   3   2   4   4   2   0   0   0  0.3459   1   1
   3   2   4   4   4   0   0   0 -1.8572   1   1
   3   2   4   5   2   0   0   0 -0.0757   1   1
   3   2   4   5   4   0   0   0 -0.8137   1   1
   3   2   4   6   4   0   0   0 -4.1229   1   1
   3   2   5   4   2   0   0   0  1.3506   1   1
   3   2   5   4   4   0   0   0  2.0111   1   1
   3   2   5   5   2   0   0   0 -0.2751   1   1
   3   2   5   5   4   0   0   0 -1.1548   1   1
   3   2   5   6   2   0   0   0 -0.6811   1   1
   3   2   5   6   4   0   0   0  3.3740   1   1
   3   2   6   4   4   0   0   0 -3.0562   1   1
   3   2   6   5   2   0   0   0 -1.1780   1   1
   3   2   6   5   4   0   0   0 -0.4661   1   1
   3   2   6   6   2   0   0   0  1.4435   1   1
   3   3   4   4   0   0   0   0 -3.5006   1   1
   3   3   4   4   2   0   0   0  1.5591   1   1
   3   3   4   5   2   0   0   0 -1.2649   1   1
   3   3   5   4   2   0   0   0  1.2649   1   1
   3   3   5   5   0   0   0   0 -2.6206   1   1
   3   3   5   5   2   0   0   0 -1.1147   1   1
   3   3   5   6   2   0   0   0 -1.4671   1   1
   3   3   6   5   2   0   0   0  1.4671   1   1
   3   3   6   6   0   0   0   0 -5.0310   1   1
   3   3   6   6   2   0   0   0  1.3563   1   1
   4   4   1   1   0   0   0   0 -9.0054   1   1
   4   4   1   1   2   0   0   0  4.6770   1   1
   4   4   1   1   4   0   0   0 -5.5623   1   1
   4   4   1   1   6   0   0   0  2.3149   1   1
   4   4   1   1   8   0   0   0 -1.9369   1   1
   4   4   1   1  10   0   0   0  0.2359   1   1
   4   4   1   2   2   0   0   0 -0.9936   1   1
   4   4   1   2   4   0   0   0 -4.3436   1   1
   4   4   1   2   6   0   0   0  0.1556   1   1
   4   4   1   2   8   0   0   0 -5.0432   1   1
   4   4   1   3   4   0   0   0 -3.5202   1   1
   4   4   1   3   6   0   0   0  0.4967   1   1
   4   4   2   1   2   0   0   0  0.9936   1   1
   4   4   2   1   4   0   0   0  4.3436   1   1
   4   4   2   1   6   0   0   0 -0.1556   1   1
   4   4   2   1   8   0   0   0  5.0432   1   1
   4   4   2   2   0   0   0   0 -7.9184   1   1
   4   4   2   2   2   0   0   0 -0.2801   1   1
   4   4   2   2   4   0   0   0 -4.0743   1   1
   4   4   2   2   6   0   0   0  1.3009   1   1
   4   4   2   3   2   0   0   0 -0.3459   1   1
   4   4   2   3   4   0   0   0  1.8572   1   1
   4   4   3   1   4   0   0   0 -3.5202   1   1
   4   4   3   1   6   0   0   0  0.4967   1   1
   4   4   3   2   2   0   0   0  0.3459   1   1
   4   4   3   2   4   0   0   0 -1.8572   1   1
   4   4   3   3   0   0   0   0 -3.5006   1   1
   4   4   3   3   2   0   0   0  1.5591   1   1
   4   5   1   1   2   0   0   0 -1.0432   1   1
   4   5   1   1   4   0   0   0 -4.3416   1   1
   4   5   1   1   6   0   0   0  0.1853   1   1
   4   5   1   1   8   0   0   0 -5.2827   1   1
   4   5   1   2   2   0   0   0 -1.1444   1   1
   4   5   1   2   4   0   0   0 -1.0790   1   1
   4   5   1   2   6   0   0   0 -0.3720   1   1
   4   5   1   2   8   0   0   0 -5.5375   1   1
   4   5   1   3   4   0   0   0 -1.2125   1   1
   4   5   1   3   6   0   0   0  0.9569   1   1
   4   5   2   1   2   0   0   0 -4.1377   1   1
   4   5   2   1   4   0   0   0  1.4042   1   1
   4   5   2   1   6   0   0   0 -2.4170   1   1
   4   5   2   1   8   0   0   0  8.6506   1   1
   4   5   2   2   2   0   0   0  2.3261   1   1
   4   5   2   2   4   0   0   0 -2.7893   1   1
   4   5   2   2   6   0   0   0  1.7673   1   1
   4   5   2   3   2   0   0   0  1.3506   1   1
   4   5   2   3   4   0   0   0  2.0111   1   1
   4   5   3   1   4   0   0   0 -2.6040   1   1
   4   5   3   1   6   0   0   0 -0.9800   1   1
   4   5   3   2   2   0   0   0 -0.0757   1   1
   4   5   3   2   4   0   0   0 -0.8137   1   1
   4   5   3   3   2   0   0   0 -1.2649   1   1
   4   6   1   1   4   0   0   0 -3.7382   1   1
   4   6   1   1   6   0   0   0  0.5603   1   1
   4   6   1   2   4   0   0   0 -1.3194   1   1
   4   6   1   2   6   0   0   0  1.0043   1   1
   4   6   1   3   4   0   0   0 -2.2100   1   1
   4   6   1   3   6   0   0   0 -0.0097   1   1
   4   6   2   1   4   0   0   0  2.5636   1   1
   4   6   2   1   6   0   0   0  0.9260   1   1
   4   6   2   2   4   0   0   0 -2.9175   1   1
   4   6   2   2   6   0   0   0 -1.1683   1   1
   4   6   2   3   4   0   0   0  3.0562   1   1
   4   6   3   1   4   0   0   0 -5.3978   1   1
   4   6   3   1   6   0   0   0  0.3053   1   1
   4   6   3   2   4   0   0   0 -4.1229   1   1
   5   4   1   1   2   0   0   0  1.0432   1   1
   5   4   1   1   4   0   0   0  4.3416   1   1
   5   4   1   1   6   0   0   0 -0.1853   1   1
   5   4   1   1   8   0   0   0  5.2827   1   1
   5   4   1   2   2   0   0   0 -4.1377   1   1
   5   4   1   2   4   0   0   0  1.4042   1   1
   5   4   1   2   6   0   0   0 -2.4170   1   1
   5   4   1   2   8   0   0   0  8.6506   1   1
   5   4   1   3   4   0   0   0  2.6040   1   1
   5   4   1   3   6   0   0   0  0.9800   1   1
   5   4   2   1   2   0   0   0 -1.1444   1   1
   5   4   2   1   4   0   0   0 -1.0790   1   1
   5   4   2   1   6   0   0   0 -0.3720   1   1
   5   4   2   1   8   0   0   0 -5.5375   1   1
   5   4   2   2   2   0   0   0 -2.3261   1   1
   5   4   2   2   4   0   0   0  2.7893   1   1
   5   4   2   2   6   0   0   0 -1.7673   1   1
   5   4   2   3   2   0   0   0 -0.0757   1   1
   5   4   2   3   4   0   0   0 -0.8137   1   1
   5   4   3   1   4   0   0   0  1.2125   1   1
   5   4   3   1   6   0   0   0 -0.9569   1   1
   5   4   3   2   2   0   0   0  1.3506   1   1
   5   4   3   2   4   0   0   0  2.0111   1   1
   5   4   3   3   2   0   0   0  1.2649   1   1
   5   5   1   1   0   0   0   0 -8.3200   1   1
   5   5   1   1   2   0   0   0 -0.2592   1   1
   5   5   1   1   4   0   0   0 -4.2421   1   1
   5   5   1   1   6   0   0   0  1.3385   1   1
   5   5   1   2   2   0   0   0  2.5033   1   1
   5   5   1   2   4   0   0   0 -2.8822   1   1
   5   5   1   2   6   0   0   0  1.9315   1   1
   5   5   1   3   4   0   0   0 -2.9946   1   1
   5   5   1   3   6   0   0   0 -1.2566   1   1
   5   5   2   1   2   0   0   0 -2.5033   1   1
   5   5   2   1   4   0   0   0  2.8822   1   1
   5   5   2   1   6   0   0   0 -1.9315   1   1
   5   5   2   2   0   0   0   0 -3.6015   1   1
   5   5   2   2   2   0   0   0  4.4920   1   1
   5   5   2   2   4   0   0   0 -1.7970   1   1
   5   5   2   2   6   0   0   0 -0.4398   1   1
   5   5   2   3   2   0   0   0  0.2751   1   1
   5   5   2   3   4   0   0   0  1.1548   1   1
   5   5   3   1   4   0   0   0 -2.9946   1   1
   5   5   3   1   6   0   0   0 -1.2566   1   1
   5   5   3   2   2   0   0   0 -0.2751   1   1
   5   5   3   2   4   0   0   0 -1.1548   1   1
   5   5   3   3   0   0   0   0 -2.6206   1   1
   5   5   3   3   2   0   0   0 -1.1147   1   1
   5   6   1   1   2   0   0   0 -0.3794   1   1
   5   6   1   1   4   0   0   0  2.0509   1   1
   5   6   1   2   2   0   0   0  1.4059   1   1
   5   6   1   2   4   0   0   0  2.1223   1   1
   5   6   1   3   4   0   0   0  3.1778   1   1
   5   6   2   1   2   0   0   0 -0.2691   1   1
   5   6   2   1   4   0   0   0 -0.8137   1   1
   5   6   2   2   2   0   0   0  0.3217   1   1
   5   6   2   2   4   0   0   0  1.1556   1   1
   5   6   2   3   2   0   0   0 -1.1780   1   1
   5   6   2   3   4   0   0   0 -0.4661   1   1
   5   6   3   1   4   0   0   0  4.2548   1   1
   5   6   3   2   2   0   0   0 -0.6811   1   1
   5   6   3   2   4   0   0   0  3.3740   1   1
   5   6   3   3   2   0   0   0 -1.4671   1   1
   6   4   1   1   4   0   0   0 -3.7382   1   1
   6   4   1   1   6   0   0   0  0.5603   1   1
   6   4   1   2   4   0   0   0 -2.5636   1   1
   6   4   1   2   6   0   0   0 -0.9260   1   1
   6   4   1   3   4   0   0   0 -5.3978   1   1
   6   4   1   3   6   0   0   0  0.3053   1   1
   6   4   2   1   4   0   0   0  1.3194   1   1
   6   4   2   1   6   0   0   0 -1.0043   1   1
   6   4   2   2   4   0   0   0 -2.9175   1   1
   6   4   2   2   6   0   0   0 -1.1683   1   1
   6   4   2   3   4   0   0   0  4.1229   1   1
   6   4   3   1   4   0   0   0 -2.2100   1   1
   6   4   3   1   6   0   0   0 -0.0097   1   1
   6   4   3   2   4   0   0   0 -3.0562   1   1
   6   5   1   1   2   0   0   0  0.3794   1   1
   6   5   1   1   4   0   0   0 -2.0509   1   1
   6   5   1   2   2   0   0   0 -0.2691   1   1
   6   5   1   2   4   0   0   0 -0.8137   1   1
   6   5   1   3   4   0   0   0 -4.2548   1   1
   6   5   2   1   2   0   0   0  1.4059   1   1
   6   5   2   1   4   0   0   0  2.1223   1   1
   6   5   2   2   2   0   0   0 -0.3217   1   1
   6   5   2   2   4   0   0   0 -1.1556   1   1
   6   5   2   3   2   0   0   0 -0.6811   1   1
   6   5   2   3   4   0   0   0  3.3740   1   1
   6   5   3   1   4   0   0   0 -3.1778   1   1
   6   5   3   2   2   0   0   0 -1.1780   1   1
   6   5   3   2   4   0   0   0 -0.4661   1   1
   6   5   3   3   2   0   0   0  1.4671   1   1
   6   6   1   1   0   0   0   0 -3.6470   1   1
   6   6   1   1   2   0   0   0  1.6443   1   1
   6   6   1   2   2   0   0   0 -1.2246   1   1
   6   6   2   1   2   0   0   0  1.2246   1   1
   6   6   2   2   0   0   0   0 -2.5378   1   1
   6   6   2   2   2   0   0   0 -1.1541   1   1
   6   6   2   3   2   0   0   0 -1.4435   1   1
   6   6   3   2   2   0   0   0  1.4435   1   1
   6   6   3   3   0   0   0   0 -5.0310   1   1
   6   6   3   3   2   0   0   0  1.3563   1   1
