############################################################################################################
# initial vector basename: ar340
# final   vector basename: ar340
# Operator file: Rp2.int
# Zero body term: 3.14295
# Jf  nJf     Ji  nJi      Ei          Ef         <Op1b>          <Op2b>         <Op1b+2b>     <Op0b+1b+2b>
###########################################################################################################
 0.0   1     0.0   1   -179.460    -179.460    8.111806e+00   -4.246174e-01    7.687188e+00    1.083014e+01
 0.0   1     0.0   2   -179.460    -174.532   -1.624956e-02   -4.969698e-03   -2.121926e-02   -2.121926e-02
 0.0   2     0.0   1   -174.532    -179.460    0.000000e+00    0.000000e+00    0.000000e+00    0.000000e+00
 0.0   2     0.0   2   -174.532    -174.532    8.130845e+00   -4.203047e-01    7.710541e+00    1.085349e+01
 1.0   1     1.0   1   -175.290    -175.290    8.120807e+00   -4.215716e-01    7.699236e+00    1.084219e+01
 1.0   1     1.0   2   -175.290    -172.906    1.870650e-02   -2.726998e-03    1.597951e-02    1.597951e-02
 1.0   2     1.0   1   -172.906    -175.290    0.000000e+00    0.000000e+00    0.000000e+00    0.000000e+00
 1.0   2     1.0   2   -172.906    -172.906    8.010973e+00   -3.974364e-01    7.613537e+00    1.075649e+01
