############################################################################################################
# initial vector basename: ar340
# final   vector basename: ar340
# Operator file: VCoul.int
# Zero body term: 14.4793
# Jf  nJf     Ji  nJi      Ei          Ef         <Op1b>          <Op2b>         <Op1b+2b>     <Op0b+1b+2b>
###########################################################################################################
 0.0   1     0.0   1   -179.460    -179.460    3.124065e+01    1.779037e+01    4.903102e+01    6.351032e+01
 0.0   1     0.0   2   -179.460    -174.532    1.740775e-02    4.431456e-02    6.172231e-02    6.172231e-02
 0.0   2     0.0   1   -174.532    -179.460    0.000000e+00    0.000000e+00    0.000000e+00    0.000000e+00
 0.0   2     0.0   2   -174.532    -174.532    3.120137e+01    1.774252e+01    4.894389e+01    6.342319e+01
 1.0   1     1.0   1   -175.290    -175.290    3.121600e+01    1.776491e+01    4.898091e+01    6.346021e+01
 1.0   1     1.0   2   -175.290    -172.906   -2.171265e-02    2.898215e-02    7.269497e-03    7.269497e-03
 1.0   2     1.0   1   -172.906    -175.290    0.000000e+00    0.000000e+00    0.000000e+00    0.000000e+00
 1.0   2     1.0   2   -172.906    -172.906    3.137959e+01    1.765509e+01    4.903468e+01    6.351398e+01
