# One and two body transition densities
#
# One-body basis:
# i   n   l   2j  2tz (proton=+1)
  0   0   2   5   1
  1   0   2   3   1
  2   1   0   1   1
  3   0   2   5  -1
  4   0   2   3  -1
  5   1   0   1  -1
# Two-body basis: 
# i   a   b   J
  0   0   0   0
  1   0   0   2
  2   0   0   4
  3   0   1   1
  4   0   1   2
  5   0   1   3
  6   0   1   4
  7   0   2   2
  8   0   2   3
  9   0   3   0
 10   0   3   1
 11   0   3   2
 12   0   3   3
 13   0   3   4
 14   0   3   5
 15   0   4   1
 16   0   4   2
 17   0   4   3
 18   0   4   4
 19   0   5   2
 20   0   5   3
 21   1   1   0
 22   1   1   2
 23   1   2   1
 24   1   2   2
 25   1   3   1
 26   1   3   2
 27   1   3   3
 28   1   3   4
 29   1   4   0
 30   1   4   1
 31   1   4   2
 32   1   4   3
 33   1   5   1
 34   1   5   2
 35   2   2   0
 36   2   3   2
 37   2   3   3
 38   2   4   1
 39   2   4   2
 40   2   5   0
 41   2   5   1
 42   3   3   0
 43   3   3   2
 44   3   3   4
 45   3   4   1
 46   3   4   2
 47   3   4   3
 48   3   4   4
 49   3   5   2
 50   3   5   3
 51   4   4   0
 52   4   4   2
 53   4   5   1
 54   4   5   2
 55   5   5   0

Jf nJf  Ji nJi  Lambda =   0 1      0 1      0
-------------- OBTD ---------------------
  3   0  -0.04054483
  4   1  -0.61813859
  5   2  -0.05427437

-------------- TBTD ---------------------
  9   0  -0.08921363
  9  21  -0.11709724
  9  35  -0.05027548
 10   3   0.00942721
 10  23   0.00114473
 11   1  -0.03583323
 11   4  -0.00320676
 11   7   0.01281469
 11  22   0.05573723
 11  24  -0.02219850
 12   5  -0.00755564
 12   8   0.00023513
 13   2  -0.06163568
 13   6   0.00824718
 15   3  -0.53627982
 15  23  -0.01876692
 16   1  -0.01595708
 16   4  -0.62683351
 16   7  -0.02158235
 16  22  -0.02342575
 16  24   0.05082659
 17   5  -0.68574245
 17   8   0.01484946
 18   2   0.01286102
 18   6  -0.87456611
 19   1   0.00871160
 19   4  -0.01017299
 19   7  -0.07277793
 19  22   0.02745206
 19  24  -0.00825038
 20   5  -0.00270845
 20   8  -0.09558634
 25   3   0.00191766
 25  23  -0.01091707
 26   1  -0.00927356
 26   4   0.02339203
 26   7  -0.00949896
 26  22  -0.05303044
 26  24   0.01674796
 27   5  -0.03664943
 27   8  -0.00071866
 28   2  -0.00047246
 28   6   0.03658407
 29   0  -0.11832279
 29  21  -0.63648310
 29  35  -0.09792580
 30   3  -0.04410723
 30  23   0.06439148
 31   1   0.05911460
 31   4   0.02480408
 31   7   0.06521725
 31  22  -0.43862382
 31  24  -0.01441347
 32   5   0.04469776
 32   8   0.00614969
 33   3   0.00413727
 33  23  -0.03184944
 34   1  -0.01278286
 34   4  -0.01961909
 34   7  -0.02062826
 34  22  -0.04354976
 34  24  -0.04709280
 36   1   0.00970904
 36   4  -0.00081079
 36   7  -0.01861084
 36  22   0.05487760
 36  24  -0.01890116
 37   5  -0.01409026
 37   8   0.03610703
 38   3  -0.03465653
 38  23  -0.44345274
 39   1   0.02240407
 39   4  -0.05386656
 39   7   0.00870441
 39  22  -0.02594629
 39  24   0.58259859
 40   0  -0.05065134
 40  21  -0.09823685
 40  35  -0.08110393
 41   3   0.01802439
 41  23   0.00208838
 42   9   0.04485966
 42  29   0.18575112
 42  40   0.06407261
 43  11  -0.04545158
 43  16   0.00078772
 43  19   0.00035494
 43  26   0.01844607
 43  31   0.00207873
 43  34  -0.00978994
 43  36  -0.00086793
 43  39   0.00367175
 44  13  -0.06196660
 44  18  -0.00096979
 44  28  -0.00850572
 45  10  -0.00808348
 45  15  -0.00748501
 45  25  -0.54270396
 45  30   0.04268082
 45  33  -0.02014293
 45  38   0.01527712
 45  41  -0.01590873
 46  11  -0.01377012
 46  16  -0.01539868
 46  19  -0.00324585
 46  26   0.62788808
 46  31  -0.04361906
 46  34   0.06266798
 46  36  -0.01141446
 46  39   0.00515536
 47  12   0.00679744
 47  17  -0.05260491
 47  20   0.01892437
 47  27  -0.71532540
 47  32  -0.04388021
 47  37  -0.00280446
 48  13   0.00660297
 48  18  -0.03761255
 48  28   0.88033374
 49  11  -0.00020012
 49  16   0.00566446
 49  19  -0.02642402
 49  26   0.01976628
 49  31  -0.01890994
 49  34   0.01465805
 49  36  -0.08003546
 49  39  -0.00399330
 50  12  -0.00046871
 50  17   0.00417242
 50  20  -0.03508333
 50  27   0.01495092
 50  32  -0.00578869
 50  37   0.09422414
 51   9   0.20167984
 51  29   0.13226056
 51  40   0.18039410
 52  11   0.00018005
 52  16   0.00548155
 52  19   0.00095692
 52  26   0.07095714
 52  31  -0.34066580
 52  34   0.05912944
 52  36  -0.03198598
 52  39   0.00925201
 53  10  -0.00059350
 53  15  -0.00220031
 53  25  -0.00347626
 53  30  -0.06371068
 53  33  -0.46435773
 53  38  -0.04934162
 53  41  -0.00092297
 54  11  -0.01167799
 54  16   0.00210715
 54  19   0.00417294
 54  26  -0.05676827
 54  31   0.03978987
 54  34  -0.58948364
 54  36   0.01292399
 54  39   0.05090616
 55   9   0.06310190
 55  29   0.16223183
 55  40   0.00955007

Jf nJf  Ji nJi  Lambda =   0 2      0 1      0
-------------- OBTD ---------------------
  3   0  -0.06147495
  4   1   0.21427934
  5   2  -0.15721111

-------------- TBTD ---------------------
  9   0  -0.01609819
  9  21   0.03456738
  9  35  -0.02325469
 10   3   0.01445794
 10  23   0.00419270
 11   1  -0.07532250
 11   4   0.00330239
 11   7   0.00808385
 11  22  -0.04236923
 11  24  -0.01610223
 12   5   0.00801183
 12   8   0.00261852
 13   2  -0.10328402
 13   6  -0.00173846
 15   3   0.16085748
 15  23  -0.01234257
 16   1  -0.00464386
 16   4   0.21313698
 16   7  -0.02785750
 16  22   0.02931381
 16  24  -0.00411447
 17   5   0.24633354
 17   8   0.01761342
 18   2  -0.00244592
 18   6   0.29942710
 19   1   0.00112235
 19   4  -0.01879976
 19   7  -0.23360063
 19  22  -0.04138966
 19  24   0.01718910
 20   5   0.01464432
 20   8  -0.27946525
 25   3  -0.00282492
 25  23   0.01379143
 26   1  -0.00903599
 26   4   0.03381666
 26   7  -0.01583160
 26  22   0.03198049
 26  24   0.04782030
 27   5  -0.06535490
 27   8   0.00046389
 28   2  -0.00484798
 28   6   0.05383979
 29   0   0.02721882
 29  21   0.22756089
 29  35  -0.07229355
 30   3   0.03812836
 30  23  -0.01549225
 31   1  -0.00821076
 31   4  -0.01253703
 31   7  -0.00411200
 31  22   0.05661716
 31  24  -0.01353811
 32   5  -0.04781778
 32   8   0.00380423
 33   3   0.02624310
 33  23  -0.11301108
 34   1  -0.01920411
 34   4  -0.03789519
 34   7  -0.03678170
 34  22   0.03965638
 34  24  -0.14573866
 36   1   0.00828756
 36   4   0.01365357
 36   7  -0.03440659
 36  22  -0.03900567
 36  24  -0.03750469
 37   5   0.01186612
 37   8   0.06206538
 38   3  -0.00024999
 38  23   0.24662957
 39   1   0.00329265
 39   4   0.02853419
 39   7  -0.00709831
 39  22   0.00925840
 39  24  -0.27895999
 40   0   0.00102039
 40  21  -0.02751119
 40  35  -0.15387058
 41   3   0.04415264
 41  23   0.00273703
 42   9   0.02020438
 42  29  -0.01541962
 42  40   0.16840498
 43  11  -0.07455003
 43  16  -0.00252234
 43  19   0.00359963
 43  26  -0.00362906
 43  31  -0.00329223
 43  34   0.00584489
 43  36  -0.00171135
 43  39   0.01389394
 44  13  -0.10235524
 44  18   0.00926810
 44  28   0.00613315
 45  10  -0.00926660
 45  15  -0.01991882
 45  25   0.18403307
 45  30  -0.03043688
 45  33   0.00447562
 45  38   0.00990412
 45  41  -0.03590742
 46  11   0.00159350
 46  16  -0.03719920
 46  19   0.01561825
 46  26  -0.20708972
 46  31   0.02276695
 46  34   0.01495388
 46  36  -0.01909215
 46  39   0.01618152
 47  12  -0.01152424
 47  17  -0.04158093
 47  20  -0.01148122
 47  27   0.24708127
 47  32   0.03677770
 47  37  -0.03750953
 48  13   0.00188819
 48  18  -0.02934411
 48  28  -0.31761419
 49  11   0.00380551
 49  16  -0.00466260
 49  19  -0.03816418
 49  26   0.01460051
 49  31  -0.00016208
 49  34   0.04724806
 49  36  -0.23281814
 49  39   0.00250177
 50  12  -0.00277069
 50  17   0.00308191
 50  20  -0.06129217
 50  27  -0.00029948
 50  32  -0.00413402
 50  37   0.27618368
 51   9   0.13708474
 51  29   0.15362254
 51  40   0.43116618
 52  11  -0.05572738
 52  16  -0.01067260
 52  19  -0.07924682
 52  26  -0.04785127
 52  31  -0.07961235
 52  34  -0.04706865
 52  36  -0.10455192
 52  39   0.01068990
 53  10   0.00957115
 53  15  -0.00344351
 53  25   0.02692806
 53  30   0.06180142
 53  33   0.23244019
 53  38  -0.11377193
 53  41   0.00293275
 54  11  -0.00848546
 54  16  -0.01059374
 54  19   0.00121150
 54  26   0.04861635
 54  31  -0.00504541
 54  34   0.30052437
 54  36   0.02963843
 54  39   0.14259105
 55   9   0.03341638
 55  29  -0.07123726
 55  40  -0.00808091

Jf nJf  Ji nJi  Lambda =   0 1      0 2      0
-------------- OBTD ---------------------
  3   0   0.06360077
  4   1  -0.17199655
  5   2   0.17182609

-------------- TBTD ---------------------
  9   0   0.02055763
  9  21  -0.02159171
  9  35   0.00061368
 10   3  -0.01088304
 10  23   0.01212257
 11   1   0.07747523
 11   4  -0.00424489
 11   7  -0.00771145
 11  22   0.00699898
 11  24   0.01685724
 12   5  -0.01282390
 12   8  -0.00357512
 13   2   0.10673187
 13   6  -0.00160902
 15   3  -0.14605096
 15  23  -0.03156366
 16   1  -0.00696472
 16   4  -0.16930278
 16   7   0.00764545
 16  22  -0.01763174
 16  24   0.05762430
 17   5  -0.18252538
 17   8   0.00053839
 18   2   0.00942170
 18   6  -0.23675254
 19   1  -0.00316402
 19   4   0.02844376
 19   7   0.25242503
 19  22   0.02618402
 19  24  -0.00214601
 20   5  -0.03913443
 20   8   0.30251679
 25   3   0.02138709
 25  23   0.00292021
 26   1  -0.00002565
 26   4  -0.03321151
 26   7   0.00431915
 26  22  -0.03253905
 26  24  -0.01793929
 27   5   0.05393399
 27   8  -0.00332522
 28   2   0.00717117
 28   6  -0.05333143
 29   0  -0.02877899
 29  21  -0.19238185
 29  35   0.03283058
 30   3  -0.03035051
 30  23   0.06100579
 31   1   0.04037996
 31   4   0.00199552
 31   7   0.05547286
 31  22  -0.02003085
 31  24  -0.01720020
 32   5   0.03517082
 32   8  -0.00458736
 33   3  -0.00641418
 33  23   0.11784117
 34   1   0.02346042
 34   4   0.04716367
 34   7   0.04032707
 34  22  -0.01109044
 34  24   0.16959530
 36   1  -0.00899020
 36   4  -0.01397312
 36   7   0.03770536
 36  22  -0.00728151
 36  24   0.03237356
 37   5  -0.01964839
 37   8  -0.06686201
 38   3   0.00336497
 38  23  -0.21439512
 39   1  -0.00274633
 39   4  -0.01078182
 39   7   0.01496809
 39  22  -0.02105554
 39  24   0.25243772
 40   0   0.02936654
 40  21   0.08809622
 40  35   0.16887967
 41   3  -0.04474150
 41  23   0.00380865
 42   9  -0.02178333
 42  29  -0.13718487
 42  40  -0.03654371
 43  11   0.07682523
 43  16  -0.00768194
 43  19  -0.00670090
 43  26  -0.00468502
 43  31   0.05020044
 43  34  -0.00447510
 43  36   0.00041642
 43  39  -0.01367142
 44  13   0.10581010
 44  18  -0.00495356
 44  28  -0.00319613
 45  10   0.01472762
 45  15  -0.00038955
 45  25  -0.12953616
 45  30   0.03513385
 45  33  -0.00064525
 45  38  -0.02712537
 45  41   0.04414135
 46  11  -0.00072137
 46  16   0.04159044
 46  19  -0.00589823
 46  26   0.16602024
 46  31  -0.02315387
 46  34   0.02598408
 46  36   0.02536190
 46  39  -0.03537985
 47  12   0.00737622
 47  17   0.05693403
 47  20   0.01060691
 47  27  -0.20804138
 47  32  -0.04493839
 47  37   0.01442771
 48  13  -0.00298732
 48  18   0.03307630
 48  28   0.26044373
 49  11  -0.00159879
 49  16  -0.02028934
 49  19   0.03599807
 49  26  -0.02469376
 49  31   0.12961390
 49  34  -0.04342564
 49  36   0.25635729
 49  39  -0.00354671
 50  12   0.00282242
 50  17  -0.00608200
 50  20   0.06145106
 50  27  -0.02025528
 50  32   0.00590601
 50  37  -0.30368207
 51   9   0.01247031
 51  29  -0.14650037
 51  40   0.07184338
 52  11   0.00144123
 52  16   0.01218379
 52  19  -0.00318348
 52  26   0.04242410
 52  31   0.09795553
 52  34   0.02559962
 52  36  -0.00038889
 52  39   0.02413860
 53  10   0.00441758
 53  15  -0.01994487
 53  25   0.00158036
 53  30  -0.02975576
 53  33  -0.20912027
 53  38   0.13168457
 53  41   0.00151531
 54  11   0.00699966
 54  16   0.02042624
 54  19   0.00396838
 54  26   0.01568498
 54  31   0.03559348
 54  34  -0.25265998
 54  36  -0.05100647
 54  39  -0.14704687
 55   9  -0.18243969
 55  29  -0.43263980
 55  40   0.00735363

Jf nJf  Ji nJi  Lambda =   0 2      0 2      0
-------------- OBTD ---------------------
  3   0   0.04336710
  4   1   0.39011812
  5   2   0.37112059

-------------- TBTD ---------------------
  9   0   0.06114214
  9  21   0.06696945
  9  35   0.04101455
 10   3  -0.01620570
 10  23   0.01060332
 11   1   0.05018856
 11   4  -0.00999726
 11   7  -0.01087476
 11  22  -0.00233059
 11  24   0.02679195
 12   5  -0.00358958
 12   8  -0.00868250
 13   2   0.07211937
 13   6  -0.00202806
 15   3   0.31592777
 15  23  -0.03878672
 16   1  -0.00412819
 16   4   0.37413297
 16   7   0.02332840
 16  22  -0.01852957
 16  24   0.08590817
 17   5   0.47940646
 17   8  -0.00249091
 18   2  -0.00041693
 18   6   0.54806518
 19   1  -0.00274181
 19   4   0.03063845
 19   7   0.54527083
 19  22   0.04357834
 19  24  -0.04076863
 20   5  -0.01874048
 20   8   0.65398863
 25   3  -0.01762699
 25  23  -0.00357483
 26   1   0.01020848
 26   4  -0.01452070
 26   7   0.01416608
 26  22   0.02530477
 26  24  -0.05615464
 27   5   0.04182669
 27   8  -0.00868438
 28   2   0.00293868
 28   6  -0.04618915
 29   0   0.06513531
 29  21   0.29643631
 29  35   0.16774247
 30   3  -0.01001032
 30  23   0.10077284
 31   1  -0.00395540
 31   4  -0.03151462
 31   7   0.03823792
 31  22   0.41158881
 31  24   0.01678700
 32   5  -0.00311446
 32   8  -0.01920856
 33   3  -0.04015230
 33  23   0.26741392
 34   1   0.03585326
 34   4   0.07700275
 34   7   0.07084602
 34  22  -0.02115687
 34  24   0.37153707
 36   1  -0.01225868
 36   4  -0.02005186
 36   7   0.00895304
 36  22   0.01393681
 36  24   0.06433675
 37   5  -0.00765234
 37   8  -0.05053468
 38   3  -0.00032840
 38  23   0.17901274
 39   1  -0.00343610
 39   4  -0.06332329
 39   7   0.04092523
 39  22  -0.04271061
 39  24  -0.31077285
 40   0   0.04396588
 40  21   0.17842354
 40  35   0.33947022
 41   3  -0.10683834
 41  23   0.00599837
 42   9   0.01553286
 42  29   0.00081921
 42  40  -0.04783630
 43  11   0.04786532
 43  16   0.00006722
 43  19  -0.01435283
 43  26  -0.00633311
 43  31  -0.02901079
 43  34  -0.01586021
 43  36  -0.00508111
 43  39  -0.01580277
 44  13   0.07132683
 44  18  -0.00298564
 44  28   0.00059084
 45  10   0.01427704
 45  15  -0.01291740
 45  25   0.31839584
 45  30   0.01109814
 45  33  -0.01905030
 45  38  -0.05825993
 45  41   0.09551652
 46  11   0.00404822
 46  16   0.02788368
 46  19   0.00020628
 46  26  -0.39276612
 46  31   0.02834343
 46  34   0.04999444
 46  36   0.04658843
 46  39  -0.06644317
 47  12   0.00321989
 47  17   0.05236937
 47  20   0.00636909
 47  27   0.49236616
 47  32   0.00111152
 47  37   0.01841692
 48  13  -0.00293390
 48  18   0.02804904
 48  28  -0.53487558
 49  11  -0.01394747
 49  16   0.00808749
 49  19  -0.00416709
 49  26  -0.04339195
 49  31  -0.06117927
 49  34  -0.10912830
 49  36   0.53546240
 49  39  -0.00205342
 50  12   0.00801903
 50  17  -0.00928743
 50  20   0.04554929
 50  27  -0.00193152
 50  32   0.01839079
 50  37  -0.65381038
 51   9  -0.00587466
 51  29  -0.01503983
 51  40   0.17466514
 52  11  -0.02903280
 52  16   0.01410636
 52  19  -0.05777290
 52  26  -0.02614342
 52  31   0.31757822
 52  34  -0.02768133
 52  36  -0.02379037
 52  39   0.09051717
 53  10  -0.00806503
 53  15  -0.02479270
 53  25  -0.05425191
 53  30  -0.10850732
 53  33   0.21021336
 53  38   0.29502270
 53  41  -0.00744551
 54  11   0.00229251
 54  16   0.04521222
 54  19  -0.00065831
 54  26  -0.07357973
 54  31  -0.09078686
 54  34   0.24943522
 54  36  -0.09621263
 54  39  -0.30869888
 55   9  -0.04604291
 55  29   0.19136553
 55  40   0.04973379

Jf nJf  Ji nJi  Lambda =   1 1      1 1      0
-------------- OBTD ---------------------
  3   0   0.00193525
  4   1  -0.11632843
  5   2   0.17712836

-------------- TBTD ---------------------
  9   0  -0.00031493
  9  21  -0.01158234
  9  35   0.00821291
 10   3   0.00049055
 10  23   0.01285617
 11   1   0.00218479
 11   4  -0.00296097
 11   7  -0.00181339
 11  22   0.01307742
 11  24   0.00558987
 12   5  -0.01018065
 12   8  -0.01081572
 13   2   0.00381853
 13   6   0.00249651
 15   3  -0.10722310
 15  23  -0.03035535
 16   1  -0.00458889
 16   4  -0.12551965
 16   7   0.01332958
 16  22  -0.01693781
 16  24   0.05560945
 17   5  -0.11451847
 17   8  -0.00360835
 18   2  -0.00962704
 18   6  -0.16441610
 19   1   0.00400517
 19   4   0.01332346
 19   7   0.26028052
 19  22   0.02870595
 19  24  -0.01343929
 20   5  -0.02631066
 20   8   0.29349762
 25   3   0.00051931
 25  23  -0.00576734
 26   1   0.00156276
 26   4   0.00176190
 26   7   0.00323886
 26  22  -0.02216858
 26  24  -0.02468493
 27   5  -0.00539032
 27   8  -0.00940693
 28   2   0.00163557
 28   6   0.00042717
 29   0   0.00054604
 29  21  -0.11897364
 29  35   0.05705465
 30   3  -0.00997545
 30  23   0.06510220
 31   1   0.00280127
 31   4  -0.00368860
 31   7   0.00776608
 31  22  -0.06043259
 31  24   0.02005217
 32   5   0.00613147
 32   8  -0.00860960
 33   3  -0.01229800
 33  23   0.14114038
 34   1   0.00705331
 34   4   0.00943253
 34   7   0.00801744
 34  22  -0.04620863
 34  24   0.19120523
 36   1  -0.00127996
 36   4  -0.00478179
 36   7  -0.00093545
 36  22   0.02644379
 36  24   0.02049792
 37   5  -0.01835224
 37   8  -0.01537336
 38   3  -0.01056405
 38  23  -0.11342166
 39   1  -0.00530072
 39   4  -0.02093665
 39   7   0.02311707
 39  22  -0.01464866
 39  24   0.12319791
 40   0   0.00516672
 40  21   0.01720510
 40  35   0.15834885
 41   3  -0.00791099
 41  23   0.00699142
 42   9  -0.00054651
 42  29  -0.01121330
 42  40   0.00693552
 43  11   0.00226196
 43  16   0.00392179
 43  19  -0.00139702
 43  26   0.00746464
 43  31   0.01261950
 43  34  -0.00638411
 43  36  -0.00077713
 43  39  -0.01450909
 44  13   0.00372844
 44  18  -0.00155522
 44  28  -0.00452824
 45  10  -0.00004523
 45  15   0.00185137
 45  25  -0.10752983
 45  30   0.01552797
 45  33  -0.02370587
 45  38  -0.01123254
 45  41   0.03091661
 46  11  -0.00417806
 46  16  -0.00927845
 46  19  -0.00040611
 46  26   0.11899361
 46  31   0.00366250
 46  34   0.04413083
 46  36   0.00864782
 46  39  -0.03176114
 47  12   0.00372016
 47  17   0.01302779
 47  20   0.00175281
 47  27  -0.13532682
 47  32  -0.04893569
 47  37   0.01499837
 48  13  -0.00708159
 48  18  -0.00104158
 48  28   0.16506284
 49  11   0.00187007
 49  16   0.01242177
 49  19  -0.00167338
 49  26   0.00382246
 49  31   0.03881355
 49  34  -0.01429440
 49  36   0.26392591
 49  39  -0.02370773
 50  12   0.00269331
 50  17  -0.00151320
 50  20   0.00214053
 50  27  -0.00476952
 50  32  -0.00369637
 50  37  -0.30935252
 51   9  -0.00146867
 51  29  -0.12213804
 51  40   0.05313112
 52  11   0.00346721
 52  16  -0.02457081
 52  19  -0.00780746
 52  26  -0.01796801
 52  31  -0.05573131
 52  34   0.04509784
 52  36   0.02102245
 52  39   0.02485904
 53  10   0.01848876
 53  15  -0.07972440
 53  25   0.05097800
 53  30  -0.03371175
 53  33   0.02789318
 53  38  -0.01067214
 53  41   0.08917664
 54  11   0.00830632
 54  16  -0.04654606
 54  19   0.00496175
 54  26  -0.07118175
 54  31  -0.02453916
 54  34  -0.11405984
 54  36  -0.01802888
 54  39  -0.17321801
 55   9   0.00529880
 55  29   0.01786244
 55  40   0.16016670

Jf nJf  Ji nJi  Lambda =   1 2      1 1      0
-------------- OBTD ---------------------
  3   0  -0.00286307
  4   1  -0.08288186
  5   2   0.13717811

-------------- TBTD ---------------------
  9   0   0.00331588
  9  21   0.01080165
  9  35   0.00928612
 10   3  -0.00249192
 10  23   0.00383045
 11   1  -0.00244525
 11   4  -0.00343805
 11   7  -0.00100104
 11  22  -0.00341109
 11  24   0.00491108
 12   5   0.00098144
 12   8  -0.00580951
 13   2  -0.00530866
 13   6  -0.00024216
 15   3  -0.07459664
 15  23  -0.01043181
 16   1  -0.00365447
 16   4  -0.08926233
 16   7  -0.00109499
 16  22  -0.02126435
 16  24   0.02639395
 17   5  -0.09125444
 17   8   0.00259936
 18   2   0.00382349
 18   6  -0.11578184
 19   1   0.00068280
 19   4   0.00225593
 19   7   0.19904284
 19  22  -0.00500563
 19  24  -0.00331402
 20   5   0.00922982
 20   8   0.23560697
 25   3  -0.00396552
 25  23  -0.01424481
 26   1  -0.00436097
 26   4   0.00179173
 26   7  -0.00510553
 26  22  -0.01478928
 26  24  -0.01809668
 27   5  -0.00282615
 27   8  -0.00457313
 28   2   0.00023982
 28   6   0.00803855
 29   0  -0.02496884
 29  21  -0.11170680
 29  35   0.01727592
 30   3  -0.01329651
 30  23   0.04969509
 31   1   0.01748494
 31   4  -0.00889877
 31   7   0.03072643
 31  22  -0.01705498
 31  24  -0.01921083
 32   5   0.01612382
 32   8  -0.00502064
 33   3   0.00303300
 33  23   0.09359273
 34   1  -0.00377315
 34   4  -0.00054734
 34   7   0.00465430
 34  22   0.02598965
 34  24   0.13981236
 36   1   0.00218432
 36   4  -0.00207325
 36   7  -0.00232780
 36  22   0.00478729
 36  24   0.01984822
 37   5  -0.00117055
 37   8  -0.00382556
 38   3   0.00058928
 38  23  -0.09735362
 39   1  -0.00364843
 39   4  -0.03596476
 39   7   0.00319546
 39  22  -0.05258275
 39  24   0.08665137
 40   0   0.03323627
 40  21   0.06838795
 40  35   0.14341841
 41   3  -0.00612353
 41  23   0.00166194
 42   9   0.00255200
 42  29   0.00948918
 42  40   0.00828337
 43  11  -0.00241480
 43  16   0.00212123
 43  19  -0.00154654
 43  26   0.00653921
 43  31  -0.00250529
 43  34  -0.00531520
 43  36   0.00038437
 43  39  -0.01209435
 44  13  -0.00526117
 44  18  -0.00099473
 44  28  -0.00063188
 45  10  -0.01159340
 45  15   0.00347644
 45  25  -0.08187622
 45  30   0.05514252
 45  33  -0.01100166
 45  38  -0.01127590
 45  41   0.00024705
 46  11   0.00070540
 46  16  -0.00739990
 46  19  -0.00131241
 46  26   0.08328231
 46  31  -0.00449285
 46  34   0.00750343
 46  36   0.00547884
 46  39  -0.03438491
 47  12   0.00669166
 47  17   0.00889736
 47  20   0.01873510
 47  27  -0.10369547
 47  32  -0.06537475
 47  37   0.02097353
 48  13   0.00223864
 48  18  -0.00630282
 48  28   0.11857080
 49  11   0.00202131
 49  16   0.00459133
 49  19  -0.00859911
 49  26   0.00538605
 49  31   0.00055145
 49  34  -0.00464883
 49  36   0.20706713
 49  39  -0.02185026
 50  12   0.00002157
 50  17   0.00837014
 50  20  -0.00175156
 50  27   0.00167237
 50  32  -0.01774587
 50  37  -0.24221754
 51   9  -0.02462504
 51  29  -0.11366200
 51  40   0.01615579
 52  11   0.01646979
 52  16   0.01011126
 52  19   0.02487958
 52  26   0.01910621
 52  31  -0.01598206
 52  34  -0.01575237
 52  36   0.01664277
 52  39   0.01263322
 53  10   0.02244484
 53  15  -0.02141005
 53  25   0.02165144
 53  30   0.01028042
 53  33   0.00795465
 53  38  -0.01855516
 53  41   0.09670411
 54  11  -0.00126469
 54  16  -0.01173260
 54  19   0.01544914
 54  26  -0.04518349
 54  31   0.05140472
 54  34  -0.07625086
 54  36  -0.01413040
 54  39  -0.12429432
 55   9   0.03029575
 55  29   0.06494589
 55  40   0.14307425

Jf nJf  Ji nJi  Lambda =   1 1      1 2      0
-------------- OBTD ---------------------
  3   0   0.01431895
  4   1   0.00146898
  5   2  -0.02815538

-------------- TBTD ---------------------
  9   0   0.01122439
  9  21  -0.03159493
  9  35   0.04404404
 10   3  -0.00150189
 10  23  -0.01441308
 11   1   0.01704378
 11   4  -0.00694648
 11   7  -0.00180118
 11  22  -0.00943949
 11  24  -0.00317400
 12   5   0.00111659
 12   8   0.00085466
 13   2   0.02428108
 13   6   0.00264898
 15   3   0.00509395
 15  23   0.01276016
 16   1  -0.00231826
 16   4  -0.00203388
 16   7  -0.00989656
 16  22  -0.02759223
 16  24   0.00750335
 17   5  -0.00105189
 17   8   0.00158937
 18   2  -0.00100909
 18   6   0.00759017
 19   1   0.00144866
 19   4  -0.01162809
 19   7  -0.04325181
 19  22  -0.01281269
 19  24  -0.01241380
 20   5  -0.00262454
 20   8  -0.05492276
 25   3   0.00485758
 25  23  -0.01640151
 26   1   0.00566610
 26   4  -0.00605172
 26   7  -0.00439284
 26  22   0.01123627
 26  24   0.00612694
 27   5   0.01188628
 27   8  -0.01029054
 28   2  -0.00359442
 28   6  -0.01917468
 29   0  -0.00237726
 29  21  -0.09677732
 29  35   0.09346894
 30   3   0.00472837
 30  23   0.02681844
 31   1   0.00674747
 31   4  -0.00696563
 31   7  -0.04379570
 31  22   0.05379484
 31  24  -0.03746910
 32   5  -0.03566761
 32   8  -0.07737236
 33   3  -0.02671845
 33  23  -0.06456872
 34   1  -0.00471993
 34   4  -0.02905954
 34   7   0.01290261
 34  22  -0.04245633
 34  24  -0.02091438
 36   1   0.00353886
 36   4   0.01411429
 36   7   0.00764574
 36  22  -0.00487469
 36  24  -0.01192928
 37   5   0.00153917
 37   8  -0.00561888
 38   3   0.03155019
 38  23   0.02479216
 39   1  -0.02197455
 39   4  -0.06849978
 39   7  -0.01391717
 39  22  -0.12660642
 39  24   0.03309944
 40   0   0.03159937
 40  21   0.02000112
 40  35   0.02988851
 41   3  -0.00988447
 41  23  -0.05540419
 42   9   0.01211023
 42  29  -0.02710114
 42  40   0.04146379
 43  11   0.01690956
 43  16  -0.00667151
 43  19  -0.00155834
 43  26   0.00286566
 43  31  -0.01028892
 43  34   0.00604881
 43  36  -0.00102741
 43  39   0.01037105
 44  13   0.02432481
 44  18   0.00340536
 44  28  -0.00003911
 45  10   0.00686340
 45  15  -0.00374442
 45  25   0.01264927
 45  30   0.02290839
 45  33   0.00961943
 45  38  -0.01288800
 45  41   0.01891232
 46  11  -0.00520564
 46  16   0.00310243
 46  19   0.00780367
 46  26  -0.00085432
 46  31  -0.02554619
 46  34   0.00998013
 46  36  -0.01215733
 46  39   0.01038345
 47  12  -0.00459472
 47  17  -0.00080686
 47  20  -0.01541361
 47  27   0.01078932
 47  32   0.01542863
 47  37  -0.00689165
 48  13   0.00159295
 48  18   0.02058900
 48  28  -0.00508885
 49  11   0.00282254
 49  16   0.00149358
 49  19   0.01023956
 49  26  -0.00213431
 49  31  -0.01366242
 49  34  -0.00677516
 49  36  -0.04584807
 49  39   0.01519807
 50  12   0.00004166
 50  17  -0.00200512
 50  20   0.00900013
 50  27  -0.00113505
 50  32   0.01544145
 50  37   0.05697515
 51   9   0.00139442
 51  29  -0.08762466
 51  40   0.09338389
 52  11   0.00297677
 52  16  -0.02213861
 52  19  -0.06234839
 52  26  -0.00933700
 52  31   0.05236776
 52  34   0.00355460
 52  36  -0.00184744
 52  39   0.04669331
 53  10  -0.00812648
 53  15   0.01704553
 53  25  -0.01032223
 53  30  -0.05222058
 53  33   0.00455575
 53  38  -0.04773354
 53  41  -0.01797655
 54  11   0.01132374
 54  16  -0.02019261
 54  19   0.00174466
 54  26  -0.05404947
 54  31   0.06130787
 54  34  -0.04190409
 54  36   0.02363224
 54  39   0.00995481
 55   9   0.03099225
 55  29   0.02310155
 55  40   0.02804121

Jf nJf  Ji nJi  Lambda =   1 2      1 2      0
-------------- OBTD ---------------------
  3   0   0.02255481
  4   1  -0.04644094
  5   2   0.03687613

-------------- TBTD ---------------------
  9   0  -0.01210588
  9  21  -0.04478292
  9  35   0.01146166
 10   3   0.00008346
 10  23  -0.01120646
 11   1   0.02704384
 11   4   0.00197846
 11   7   0.00332772
 11  22   0.01271999
 11  24   0.00540210
 12   5   0.00324330
 12   8   0.00171488
 13   2   0.03809288
 13   6  -0.00045393
 15   3  -0.04335405
 15  23   0.00919476
 16   1   0.00139944
 16   4  -0.03108987
 16   7   0.00486457
 16  22  -0.00134198
 16  24  -0.01401331
 17   5  -0.06880131
 17   8  -0.00796373
 18   2   0.00153529
 18   6  -0.06535498
 19   1  -0.00354619
 19   4   0.01272880
 19   7   0.06649283
 19  22   0.04472085
 19  24   0.00762470
 20   5  -0.00270741
 20   8   0.06446677
 25   3   0.03116650
 25  23  -0.01817804
 26   1  -0.00049336
 26   4  -0.00237264
 26   7  -0.00949277
 26  22  -0.03150631
 26  24  -0.01051918
 27   5   0.03296699
 27   8   0.00329783
 28   2   0.00275097
 28   6  -0.01857434
 29   0  -0.04478655
 29  21  -0.10527034
 29  35   0.03813959
 30   3   0.02506897
 30  23  -0.00821538
 31   1   0.00182690
 31   4   0.01661680
 31   7   0.00005432
 31  22  -0.00179160
 31  24   0.00827153
 32   5   0.02468039
 32   8   0.00308775
 33   3   0.05200786
 33  23  -0.05307352
 34   1  -0.00705874
 34   4   0.01739530
 34   7   0.01879968
 34  22   0.07921135
 34  24   0.07754256
 36   1   0.00142268
 36   4  -0.00577305
 36   7   0.00921489
 36  22  -0.02607138
 36  24  -0.01872408
 37   5  -0.00022759
 37   8  -0.01677325
 38   3  -0.07238315
 38  23   0.06514208
 39   1  -0.01499571
 39   4   0.04580455
 39   7   0.04842568
 39  22   0.15356016
 39  24   0.12142718
 40   0  -0.01144759
 40  21  -0.01508676
 40  35   0.04854042
 41   3   0.01426690
 41  23  -0.10787627
 42   9  -0.00796967
 42  29  -0.03823871
 42  40   0.01098666
 43  11   0.02714183
 43  16   0.00029577
 43  19  -0.00057388
 43  26  -0.00174651
 43  31   0.01155539
 43  34   0.00057138
 43  36   0.00419410
 43  39  -0.00690343
 44  13   0.03810497
 44  18  -0.00372567
 44  28  -0.00274721
 45  10   0.00031786
 45  15   0.01576055
 45  25  -0.02902635
 45  30  -0.00807984
 45  33   0.00566397
 45  38  -0.01347005
 45  41   0.01517057
 46  11   0.00088196
 46  16   0.00919966
 46  19   0.00432438
 46  26   0.04025520
 46  31   0.02101400
 46  34  -0.00622396
 46  36   0.00816322
 46  39  -0.00425948
 47  12   0.00599098
 47  17   0.01551709
 47  20  -0.00079925
 47  27  -0.05284394
 47  32  -0.00929979
 47  37   0.00266558
 48  13  -0.00121209
 48  18   0.01245267
 48  28   0.06149947
 49  11  -0.00122520
 49  16  -0.00153509
 49  19   0.01241844
 49  26  -0.00649922
 49  31   0.01014669
 49  34  -0.01388299
 49  36   0.06232411
 49  39  -0.00241159
 50  12   0.00096403
 50  17   0.00134959
 50  20   0.01954355
 50  27  -0.00338047
 50  32  -0.01260671
 50  37  -0.06239822
 51   9  -0.03758066
 51  29  -0.09305128
 51  40   0.03873329
 52  11   0.00191525
 52  16   0.02150781
 52  19  -0.01251922
 52  26   0.00337939
 52  31  -0.00424449
 52  34   0.01403656
 52  36   0.01059239
 52  39   0.00157925
 53  10   0.01047483
 53  15  -0.01037188
 53  25  -0.00554317
 53  30   0.00308425
 53  33  -0.01759593
 53  38   0.02012309
 53  41   0.02274759
 54  11   0.00547226
 54  16  -0.00842303
 54  19   0.00544599
 54  26   0.01557496
 54  31  -0.04353104
 54  34  -0.04604624
 54  36  -0.02917714
 54  39  -0.00380465
 55   9  -0.00777368
 55  29  -0.00854198
 55  40   0.04906823
