############################################################################################################
# initial vector basename: cl340
# final   vector basename: cl340
# Operator file: Rn2.int
# Zero body term: 2.7676
# Jf  nJf     Ji  nJi      Ei          Ef         <Op1b>          <Op2b>         <Op1b+2b>     <Op0b+1b+2b>
###########################################################################################################
 0.0   1     0.0   1   -186.098    -186.098    6.240994e+00   -4.328520e-01    5.808142e+00    8.575742e+00
 0.0   1     0.0   2   -186.098    -181.145   -2.400124e-02   -2.198000e-02   -4.598124e-02   -4.598124e-02
 0.0   2     0.0   1   -181.145    -186.098    0.000000e+00    0.000000e+00    0.000000e+00    0.000000e+00
 0.0   2     0.0   2   -181.145    -181.145    6.233077e+00   -4.029522e-01    5.830125e+00    8.597725e+00
 1.0   1     1.0   1   -186.348    -186.348    6.302375e+00   -4.293911e-01    5.872984e+00    8.640584e+00
 1.0   1     1.0   2   -186.348    -184.608   -2.074922e-02    1.547799e-03   -1.920142e-02   -1.920142e-02
 1.0   2     1.0   1   -184.608    -186.348    0.000000e+00    0.000000e+00    0.000000e+00    0.000000e+00
 1.0   2     1.0   2   -184.608    -184.608    6.237685e+00   -4.307768e-01    5.806909e+00    8.574509e+00
