############################################################################################################
# initial vector basename: ar340
# final   vector basename: ar340
# Operator file: Rn2.int
# Zero body term: 2.7676
# Jf  nJf     Ji  nJi      Ei          Ef         <Op1b>          <Op2b>         <Op1b+2b>     <Op0b+1b+2b>
###########################################################################################################
 0.0   1     0.0   1   -179.460    -179.460    5.516981e+00   -5.271938e-01    4.989787e+00    7.757387e+00
 0.0   1     0.0   2   -179.460    -174.532   -2.918778e-02   -2.942749e-02   -5.861527e-02   -5.861527e-02
 0.0   2     0.0   1   -174.532    -179.460    0.000000e+00    0.000000e+00    0.000000e+00    0.000000e+00
 0.0   2     0.0   2   -174.532    -174.532    5.499330e+00   -4.657520e-01    5.033578e+00    7.801178e+00
 1.0   1     1.0   1   -175.290    -175.290    5.494932e+00   -4.866549e-01    5.008277e+00    7.775877e+00
 1.0   1     1.0   2   -175.290    -172.906    3.097486e-03   -9.444495e-03   -6.347008e-03   -6.347008e-03
 1.0   2     1.0   1   -172.906    -175.290    0.000000e+00    0.000000e+00    0.000000e+00    0.000000e+00
 1.0   2     1.0   2   -172.906    -172.906    5.462753e+00   -5.248094e-01    4.937944e+00    7.705544e+00
