############################################################################################################
# initial vector basename: s_340
# final   vector basename: s_340
# Operator file: Rn2.int
# Zero body term: 2.7676
# Jf  nJf     Ji  nJi      Ei          Ef         <Op1b>          <Op2b>         <Op1b+2b>     <Op0b+1b+2b>
###########################################################################################################
 0.0   1     0.0   1   -191.909    -191.909    6.959157e+00   -3.435473e-01    6.615610e+00    9.383210e+00
 0.0   1     0.0   2   -191.909    -187.211   -1.927919e-02   -7.787686e-03   -2.706688e-02   -2.706688e-02
 0.0   2     0.0   1   -187.211    -191.909    0.000000e+00    0.000000e+00    0.000000e+00    0.000000e+00
 0.0   2     0.0   2   -187.211    -187.211    6.972001e+00   -3.403735e-01    6.631628e+00    9.399228e+00
 1.0   1     1.0   1   -187.798    -187.798    6.963567e+00   -3.414203e-01    6.622146e+00    9.389746e+00
 1.0   1     1.0   2   -187.798    -185.296    8.534481e-03   -3.177116e-03    5.357365e-03    5.357365e-03
 1.0   2     1.0   1   -185.296    -187.798    0.000000e+00    0.000000e+00    0.000000e+00    0.000000e+00
 1.0   2     1.0   2   -185.296    -185.296    6.885308e+00   -3.250316e-01    6.560276e+00    9.327876e+00
