############################################################################################################
# initial vector basename: s_340
# final   vector basename: s_340
# Operator file: VCoul.int
# Zero body term: 14.4793
# Jf  nJf     Ji  nJi      Ei          Ef         <Op1b>          <Op2b>         <Op1b+2b>     <Op0b+1b+2b>
###########################################################################################################
 0.0   1     0.0   1   -191.909    -191.909    2.492287e+01    1.248635e+01    3.740922e+01    5.188852e+01
 0.0   1     0.0   2   -191.909    -187.211    6.440003e-02    1.718195e-01    2.362196e-01    2.362196e-01
 0.0   2     0.0   1   -187.211    -191.909    0.000000e+00    0.000000e+00    0.000000e+00    0.000000e+00
 0.0   2     0.0   2   -187.211    -187.211    2.497370e+01    1.218729e+01    3.716098e+01    5.164028e+01
 1.0   1     1.0   1   -187.798    -187.798    2.497753e+01    1.224671e+01    3.722424e+01    5.170354e+01
 1.0   1     1.0   2   -187.798    -185.296   -1.783707e-02    3.338844e-02    1.555137e-02    1.555137e-02
 1.0   2     1.0   1   -185.296    -187.798    0.000000e+00    0.000000e+00    0.000000e+00    0.000000e+00
 1.0   2     1.0   2   -185.296    -185.296    2.500360e+01    1.246241e+01    3.746601e+01    5.194531e+01
