############################################################################################################
# initial vector basename: cl340
# final   vector basename: cl340
# Operator file: Rp2.int
# Zero body term: 3.14295
# Jf  nJf     Ji  nJi      Ei          Ef         <Op1b>          <Op2b>         <Op1b+2b>     <Op0b+1b+2b>
###########################################################################################################
 0.0   1     0.0   1   -186.098    -186.098    7.287286e+00   -5.643668e-01    6.722919e+00    9.865869e+00
 0.0   1     0.0   2   -186.098    -181.145   -2.128103e-02   -1.702895e-02   -3.830997e-02   -3.830997e-02
 0.0   2     0.0   1   -181.145    -186.098    0.000000e+00    0.000000e+00    0.000000e+00    0.000000e+00
 0.0   2     0.0   2   -181.145    -181.145    7.271459e+00   -5.292533e-01    6.742206e+00    9.885156e+00
 1.0   1     1.0   1   -186.348    -186.348    7.357733e+00   -5.605427e-01    6.797191e+00    9.940141e+00
 1.0   1     1.0   2   -186.348    -184.608   -2.937706e-02    2.146061e-04   -2.916245e-02   -2.916245e-02
 1.0   2     1.0   1   -184.608    -186.348    0.000000e+00    0.000000e+00    0.000000e+00    0.000000e+00
 1.0   2     1.0   2   -184.608    -184.608    7.283486e+00   -5.569594e-01    6.726527e+00    9.869477e+00
