############################################################################################################
# initial vector basename: cl340
# final   vector basename: cl340
# Operator file: VCoul.int
# Zero body term: 14.4793
# Jf  nJf     Ji  nJi      Ei          Ef         <Op1b>          <Op2b>         <Op1b+2b>     <Op0b+1b+2b>
###########################################################################################################
 0.0   1     0.0   1   -186.097    -186.097    2.808536e+01    1.491769e+01    4.300305e+01    5.748235e+01
 0.0   1     0.0   2   -186.097    -181.145   -4.514191e-02   -1.210863e-01   -1.662282e-01   -1.662282e-01
 0.0   2     0.0   1   -181.145    -186.097    0.000000e+00    0.000000e+00    0.000000e+00    0.000000e+00
 0.0   2     0.0   2   -181.145    -181.145    2.808894e+01    1.478802e+01    4.287696e+01    5.735626e+01
 1.0   1     1.0   1   -186.348    -186.348    2.796986e+01    1.473429e+01    4.270415e+01    5.718345e+01
 1.0   1     1.0   2   -186.348    -184.608    3.747922e-02   -1.281321e-03    3.619790e-02    3.619790e-02
 1.0   2     1.0   1   -184.608    -186.348    0.000000e+00    0.000000e+00    0.000000e+00    0.000000e+00
 1.0   2     1.0   2   -184.608    -184.608    2.808245e+01    1.489942e+01    4.298187e+01    5.746117e+01
