############################################################################################################
# initial vector basename: cl340
# final   vector basename: cl340
# Operator file: Iso2.int
# Zero body term: 0.0143668
# Jf  nJf     Ji  nJi      Ei          Ef         <Op1b>          <Op2b>         <Op1b+2b>     <Op0b+1b+2b>
###########################################################################################################
 0.0   1     0.0   1   -186.098    -186.098    1.347160e+01   -1.146909e+01    2.002511e+00    2.016878e+00
 0.0   1     0.0   2   -186.098    -181.145   -4.304143e-04    1.850425e-03    1.420011e-03    1.420011e-03
 0.0   2     0.0   1   -181.145    -186.098    0.000000e+00    0.000000e+00    0.000000e+00    0.000000e+00
 0.0   2     0.0   2   -181.145    -181.145    1.347147e+01   -1.147500e+01    1.996473e+00    2.010840e+00
 1.0   1     1.0   1   -186.348    -186.348    1.347288e+01   -1.346769e+01    5.185430e-03    1.955223e-02
 1.0   1     1.0   2   -186.348    -184.608   -5.447840e-04   -1.546738e-04   -6.994577e-04   -6.994577e-04
 1.0   2     1.0   1   -184.608    -186.348    0.000000e+00    0.000000e+00    0.000000e+00    0.000000e+00
 1.0   2     1.0   2   -184.608    -184.608    1.347157e+01   -1.346724e+01    4.330934e-03    1.869773e-02
