############################################################################################################
# initial vector basename: ar340
# final   vector basename: ar340
# Operator file: Iso2.int
# Zero body term: 0.0143668
# Jf  nJf     Ji  nJi      Ei          Ef         <Op1b>          <Op2b>         <Op1b+2b>     <Op0b+1b+2b>
###########################################################################################################
 0.0   1     0.0   1   -179.460    -179.460    1.346973e+01   -1.146719e+01    2.002541e+00    2.016908e+00
 0.0   1     0.0   2   -179.460    -174.532   -7.784874e-04    1.344249e-03    5.657613e-04    5.657613e-04
 0.0   2     0.0   1   -174.532    -179.460    0.000000e+00    0.000000e+00    0.000000e+00    0.000000e+00
 0.0   2     0.0   2   -174.532    -174.532    1.347192e+01   -1.147096e+01    2.000962e+00    2.015329e+00
 1.0   1     1.0   1   -175.290    -175.290    1.347119e+01   -1.146889e+01    2.002296e+00    2.016663e+00
 1.0   1     1.0   2   -175.290    -172.906    1.017599e-03    8.048151e-04    1.822414e-03    1.822414e-03
 1.0   2     1.0   1   -172.906    -175.290    0.000000e+00    0.000000e+00    0.000000e+00    0.000000e+00
 1.0   2     1.0   2   -172.906    -172.906    1.346743e+01   -1.146529e+01    2.002138e+00    2.016505e+00
