############################################################################################################
# initial vector basename: s_340
# final   vector basename: s_340
# Operator file: Rp2.int
# Zero body term: 3.14295
# Jf  nJf     Ji  nJi      Ei          Ef         <Op1b>          <Op2b>         <Op1b+2b>     <Op0b+1b+2b>
###########################################################################################################
 0.0   1     0.0   1   -191.909    -191.909    6.464000e+00   -6.859194e-01    5.778081e+00    8.921031e+00
 0.0   1     0.0   2   -191.909    -187.211   -2.051953e-02   -3.531001e-02   -5.582955e-02   -5.582955e-02
 0.0   2     0.0   1   -187.211    -191.909    0.000000e+00    0.000000e+00    0.000000e+00    0.000000e+00
 0.0   2     0.0   2   -187.211    -187.211    6.413051e+00   -6.232937e-01    5.789757e+00    8.932707e+00
 1.0   1     1.0   1   -187.798    -187.798    6.419536e+00   -6.434872e-01    5.776049e+00    8.918999e+00
 1.0   1     1.0   2   -187.798    -185.296   -1.190522e-02    8.333608e-03   -3.571610e-03   -3.571610e-03
 1.0   2     1.0   1   -185.296    -187.798    0.000000e+00    0.000000e+00    0.000000e+00    0.000000e+00
 1.0   2     1.0   2   -185.296    -185.296    6.395704e+00   -6.826016e-01    5.713102e+00    8.856052e+00
