############################################################################################################
# initial vector basename: s_300
# final   vector basename: s_300
# Operator file: Rn2.int
# Zero body term: 3.44728
# Jf  nJf     Ji  nJi      Ei          Ef         <Op1b>          <Op2b>         <Op1b+2b>     <Op0b+1b+2b>
###########################################################################################################
 0.0   1     0.0   1   -132.187    -132.187    5.091098e+00   -5.572711e-01    4.533827e+00    7.981107e+00
 0.0   1     0.0   2   -132.187    -127.509   -2.439212e-02   -4.018024e-03   -2.841014e-02   -2.841014e-02
 0.0   2     0.0   1   -127.509    -132.187    0.000000e+00    0.000000e+00    0.000000e+00    0.000000e+00
 0.0   2     0.0   2   -127.509    -127.509    5.040536e+00   -5.524119e-01    4.488124e+00    7.935404e+00
 1.0   1     1.0   1   -127.683    -127.683    5.046231e+00   -5.562442e-01    4.489987e+00    7.937267e+00
 1.0   1     1.0   2   -127.683    -124.586   -5.080318e-02    4.507698e-03   -4.629549e-02   -4.629549e-02
 1.0   2     1.0   1   -124.586    -127.683    0.000000e+00    0.000000e+00    0.000000e+00    0.000000e+00
 1.0   2     1.0   2   -124.586    -124.586    5.256448e+00   -5.060847e-01    4.750363e+00    8.197643e+00
