############################################################################################################
# initial vector basename: p_300
# final   vector basename: p_300
# Operator file: Rn2.int
# Zero body term: 3.44728
# Jf  nJf     Ji  nJi      Ei          Ef         <Op1b>          <Op2b>         <Op1b+2b>     <Op0b+1b+2b>
###########################################################################################################
 0.0   1     0.0   1   -138.390    -138.390    5.993520e+00   -4.975395e-01    5.495981e+00    8.943261e+00
 0.0   1     0.0   2   -138.390    -133.333    1.288096e-02    1.335085e-02    2.623182e-02    2.623182e-02
 0.0   2     0.0   1   -133.333    -138.390    0.000000e+00    0.000000e+00    0.000000e+00    0.000000e+00
 0.0   2     0.0   2   -133.333    -133.333    5.908179e+00   -4.823779e-01    5.425802e+00    8.873082e+00
 1.0   1     1.0   1   -138.975    -138.975    6.077026e+00   -5.080392e-01    5.568986e+00    9.016266e+00
 1.0   1     1.0   2   -138.975    -137.862   -5.314226e-02   -1.621597e-03   -5.476386e-02   -5.476386e-02
 1.0   2     1.0   1   -137.862    -138.975    0.000000e+00    0.000000e+00    0.000000e+00    0.000000e+00
 1.0   2     1.0   2   -137.862    -137.862    5.938696e+00   -5.229359e-01    5.415760e+00    8.863040e+00
