############################################################################################################
# initial vector basename: si300
# final   vector basename: si300
# Operator file: VCoul.int
# Zero body term: 14.73
# Jf  nJf     Ji  nJi      Ei          Ef         <Op1b>          <Op2b>         <Op1b+2b>     <Op0b+1b+2b>
###########################################################################################################
 0.0   1     0.0   1   -143.783    -143.783    1.859281e+01    7.962640e+00    2.655545e+01    4.128545e+01
 0.0   1     0.0   2   -143.783    -138.731   -4.160593e-02    3.779806e-03   -3.782612e-02   -3.782612e-02
 0.0   2     0.0   1   -138.731    -143.783    0.000000e+00    0.000000e+00    0.000000e+00    0.000000e+00
 0.0   2     0.0   2   -138.731    -138.731    1.864436e+01    7.956509e+00    2.660087e+01    4.133087e+01
 1.0   1     1.0   1   -138.890    -138.890    1.863599e+01    7.974761e+00    2.661075e+01    4.134075e+01
 1.0   1     1.0   2   -138.890    -136.168    5.360933e-02   -1.565336e-02    3.795598e-02    3.795598e-02
 1.0   2     1.0   1   -136.168    -138.890    0.000000e+00    0.000000e+00    0.000000e+00    0.000000e+00
 1.0   2     1.0   2   -136.168    -136.168    1.824589e+01    7.541934e+00    2.578782e+01    4.051782e+01
