############################################################################################################
# initial vector basename: p_300
# final   vector basename: p_300
# Operator file: Rp2.int
# Zero body term: 3.10276
# Jf  nJf     Ji  nJi      Ei          Ef         <Op1b>          <Op2b>         <Op1b+2b>     <Op0b+1b+2b>
###########################################################################################################
 0.0   1     0.0   1   -138.390    -138.390    5.512329e+00   -6.049163e-01    4.907412e+00    8.010172e+00
 0.0   1     0.0   2   -138.390    -133.333   -1.230347e-02   -6.075442e-03   -1.837891e-02   -1.837891e-02
 0.0   2     0.0   1   -133.333    -138.390    0.000000e+00    0.000000e+00    0.000000e+00    0.000000e+00
 0.0   2     0.0   2   -133.333    -133.333    5.429699e+00   -5.575450e-01    4.872154e+00    7.974914e+00
 1.0   1     1.0   1   -138.975    -138.975    5.598386e+00   -6.299119e-01    4.968474e+00    8.071234e+00
 1.0   1     1.0   2   -138.975    -137.862    5.702253e-02   -7.540987e-03    4.948154e-02    4.948154e-02
 1.0   2     1.0   1   -137.862    -138.975    0.000000e+00    0.000000e+00    0.000000e+00    0.000000e+00
 1.0   2     1.0   2   -137.862    -137.862    5.458679e+00   -6.111697e-01    4.847509e+00    7.950269e+00
