############################################################################################################
# initial vector basename: s_300
# final   vector basename: s_300
# Operator file: VCoul.int
# Zero body term: 14.73
# Jf  nJf     Ji  nJi      Ei          Ef         <Op1b>          <Op2b>         <Op1b+2b>     <Op0b+1b+2b>
###########################################################################################################
 0.0   1     0.0   1   -132.187    -132.187    2.475796e+01    1.228737e+01    3.704534e+01    5.177534e+01
 0.0   1     0.0   2   -132.187    -127.509    7.633866e-02    1.051756e-01    1.815143e-01    1.815143e-01
 0.0   2     0.0   1   -127.509    -132.187    0.000000e+00    0.000000e+00    0.000000e+00    0.000000e+00
 0.0   2     0.0   2   -127.509    -127.509    2.490613e+01    1.214253e+01    3.704866e+01    5.177866e+01
 1.0   1     1.0   1   -127.683    -127.683    2.492531e+01    1.218546e+01    3.711077e+01    5.184077e+01
 1.0   1     1.0   2   -127.683    -124.586    2.120508e-02   -7.386916e-03    1.381817e-02    1.381817e-02
 1.0   2     1.0   1   -124.586    -127.683    0.000000e+00    0.000000e+00    0.000000e+00    0.000000e+00
 1.0   2     1.0   2   -124.586    -124.586    2.460296e+01    1.198029e+01    3.658326e+01    5.131326e+01
