############################################################################################################
# initial vector basename: p_300
# final   vector basename: p_300
# Operator file: VCoul.int
# Zero body term: 14.73
# Jf  nJf     Ji  nJi      Ei          Ef         <Op1b>          <Op2b>         <Op1b+2b>     <Op0b+1b+2b>
###########################################################################################################
 0.0   1     0.0   1   -138.390    -138.390    2.166437e+01    9.916237e+00    3.158060e+01    4.631060e+01
 0.0   1     0.0   2   -138.390    -133.333    5.667596e-02    6.579850e-02    1.224745e-01    1.224745e-01
 0.0   2     0.0   1   -133.333    -138.390    0.000000e+00    0.000000e+00    0.000000e+00    0.000000e+00
 0.0   2     0.0   2   -133.333    -133.333    2.176320e+01    9.874825e+00    3.163802e+01    4.636802e+01
 1.0   1     1.0   1   -138.975    -138.975    2.153181e+01    9.884606e+00    3.141642e+01    4.614642e+01
 1.0   1     1.0   2   -138.975    -137.862   -7.674603e-02   -1.491585e-02   -9.166188e-02   -9.166188e-02
 1.0   2     1.0   1   -137.862    -138.975    0.000000e+00    0.000000e+00    0.000000e+00    0.000000e+00
 1.0   2     1.0   2   -137.862    -137.862    2.175471e+01    1.000062e+01    3.175533e+01    4.648533e+01
