      1      4      1      4          10           0  0.247509679262596     
      1      4      1      4           8           0  -2.01364292857143     
      1      4      1      4           6           0   2.52228265197311     
      1      4      1      4           4           0  -5.92478285436515     
      1      4      1      4           2           0   5.08230479735588     
      1      4      1      4           0           0  -9.69284150000000     
      1      4      1      5           8           0  -5.12440321140495     
      1      4      1      5           6           0  0.251173514837131     
      1      4      1      5           4           0  -4.54679384332343     
      1      4      1      5           2           0  -1.04057871224581     
      1      4      1      6           6           0  0.579560881939661     
      1      4      1      6           4           0  -3.85812284561052     
      1      4      2      4           8           0  -5.09849004993367     
      1      4      2      4           6           0  0.245870004169406     
      1      4      2      4           4           0  -4.52558989977548     
      1      4      2      4           2           0 -0.975644145660090     
      1      4      2      5           8           0  -5.27242054905809     
      1      4      2      5           6           0 -0.337388273721193     
      1      4      2      5           4           0  -1.18960410646071     
      1      4      2      5           2           0  -1.19120619827856     
      1      4      2      6           6           0  0.997730287420015     
      1      4      2      6           4           0  -1.26405347990039     
      1      4      3      4           6           0  0.513015346724801     
      1      4      3      4           4           0  -3.60966430027757     
      1      4      3      5           6           0   1.01433209851586     
      1      4      3      5           4           0  -1.10658548232679     
      1      4      3      6           6           0 -1.365489776755613E-002
      1      4      3      6           4           0  -2.10490277613931     
      1      5      1      4           8           0   5.12440321140495     
      1      5      1      4           6           0 -0.251173514837132     
      1      5      1      4           4           0   4.54679384332343     
      1      5      1      4           2           0   1.04057871224582     
      1      5      1      5           6           0   1.43608956522492     
      1      5      1      5           4           0  -4.35108177723587     
      1      5      1      5           2           0 -2.090385286257224E-002
      1      5      1      5           0           0  -9.14535417672207     
      1      5      1      6           4           0   2.07467620853865     
      1      5      1      6           2           0 -0.371626846980519     
      1      5      2      4           8           0   8.30200411607143     
      1      5      2      4           6           0  -2.56327393374871     
      1      5      2      4           4           0   1.54007549886873     
      1      5      2      4           2           0  -4.36622975605135     
      1      5      2      5           6           0   2.07108320235710     
      1      5      2      5           4           0  -3.12858184029412     
      1      5      2      5           2           0   2.69574047764314     
      1      5      2      6           4           0   2.13732955545040     
      1      5      2      6           2           0   1.37793485344925     
      1      5      3      4           6           0  0.922631229936616     
      1      5      3      4           4           0   2.42017586247377     
      1      5      3      5           6           0  -1.27324830293680     
      1      5      3      5           4           0  -2.99582552880617     
      1      5      3      6           4           0   3.19198029836049     
      1      6      1      4           6           0  0.579560881939660     
      1      6      1      4           4           0  -3.85812284561052     
      1      6      1      5           4           0  -2.07467620853865     
      1      6      1      5           2           0  0.371626846980518     
      1      6      1      6           2           0   1.66967060648288     
      1      6      1      6           0           0  -4.03435538349364     
      1      6      2      4           6           0 -0.974122594440167     
      1      6      2      4           4           0  -2.61623207413145     
      1      6      2      5           4           0 -0.871663539774747     
      1      6      2      5           2           0 -0.222559850452320     
      1      6      2      6           2           0  -1.22638937080358     
      1      6      3      4           6           0  0.414417918046430     
      1      6      3      4           4           0  -5.36867790728922     
      1      6      3      5           4           0  -4.19833390329068     
      2      4      1      4           8           0   5.09849004993367     
      2      4      1      4           6           0 -0.245870004169406     
      2      4      1      4           4           0   4.52558989977548     
      2      4      1      4           2           0  0.975644145660091     
      2      4      1      5           8           0   8.30200411607143     
      2      4      1      5           6           0  -2.56327393374871     
      2      4      1      5           4           0   1.54007549886873     
      2      4      1      5           2           0  -4.36622975605135     
      2      4      1      6           6           0  0.974122594440167     
      2      4      1      6           4           0   2.61623207413145     
      2      4      2      4           6           0   1.47971251441040     
      2      4      2      4           4           0  -4.17925603949065     
      2      4      2      4           2           0  1.267788726991892E-002
      2      4      2      4           0           0  -8.41324792672307     
      2      4      2      5           6           0   2.02983835259735     
      2      4      2      5           4           0  -2.98497305901756     
      2      4      2      5           2           0   2.65226769992468     
      2      4      2      6           6           0  -1.27604609816648     
      2      4      2      6           4           0  -3.04074190982527     
      2      4      3      4           4           0   1.76040461515770     
      2      4      3      4           2           0 -0.351093216528357     
      2      4      3      5           4           0   1.99097364149591     
      2      4      3      5           2           0   1.50755019174414     
      2      4      3      6           4           0   3.02417677878625     
      2      5      1      4           8           0  -5.27242054905809     
      2      5      1      4           6           0 -0.337388273721194     
      2      5      1      4           4           0  -1.18960410646071     
      2      5      1      4           2           0  -1.19120619827856     
      2      5      1      5           6           0  -2.07108320235710     
      2      5      1      5           4           0   3.12858184029412     
      2      5      1      5           2           0  -2.69574047764314     
      2      5      1      6           4           0 -0.871663539774747     
      2      5      1      6           2           0 -0.222559850452320     
      2      5      2      4           6           0  -2.02983835259735     
      2      5      2      4           4           0   2.98497305901756     
      2      5      2      4           2           0  -2.65226769992467     
      2      5      2      5           6           0 -0.389413583843386     
      2      5      2      5           4           0  -1.82990970810072     
      2      5      2      5           2           0   4.81589885443836     
      2      5      2      5           0           0  -3.99085550000000     
      2      5      2      6           4           0   1.16875413003106     
      2      5      2      6           2           0  0.290078444616873     
      2      5      3      4           4           0 -0.764558240027328     
      2      5      3      4           2           0  4.778814772320883E-002
      2      5      3      5           4           0   1.09350440237127     
      2      5      3      5           2           0  0.319118597356285     
      2      5      3      6           4           0 -0.461645536239235     
      2      5      3      6           2           0  -1.14317222273916     
      2      6      1      4           6           0 -0.997730287420016     
      2      6      1      4           4           0   1.26405347990039     
      2      6      1      5           4           0   2.13732955545040     
      2      6      1      5           2           0   1.37793485344925     
      2      6      1      6           2           0   1.22638937080358     
      2      6      2      4           6           0  -1.27604609816648     
      2      6      2      4           4           0  -3.04074190982527     
      2      6      2      5           4           0  -1.16875413003106     
      2      6      2      5           2           0 -0.290078444616873     
      2      6      2      6           2           0  -1.20709082717259     
      2      6      2      6           0           0  -2.76637974213394     
      2      6      3      4           4           0   4.09030834126368     
      2      6      3      5           4           0   3.33988672309972     
      2      6      3      5           2           0 -0.721093887397603     
      2      6      3      6           2           0  -1.35717408484542     
      3      4      1      4           6           0  0.513015346724800     
      3      4      1      4           4           0  -3.60966430027757     
      3      4      1      5           6           0 -0.922631229936616     
      3      4      1      5           4           0  -2.42017586247377     
      3      4      1      6           6           0  0.414417918046430     
      3      4      1      6           4           0  -5.36867790728922     
      3      4      2      4           4           0  -1.76040461515770     
      3      4      2      4           2           0  0.351093216528357     
      3      4      2      5           4           0 -0.764558240027328     
      3      4      2      5           2           0  4.778814772320883E-002
      3      4      2      6           4           0  -4.09030834126368     
      3      4      3      4           2           0   1.52623122792329     
      3      4      3      4           0           0  -3.63154315249489     
      3      4      3      5           2           0  -1.27794303605883     
      3      5      1      4           6           0  -1.01433209851586     
      3      5      1      4           4           0   1.10658548232679     
      3      5      1      5           6           0  -1.27324830293680     
      3      5      1      5           4           0  -2.99582552880618     
      3      5      1      6           4           0   4.19833390329068     
      3      5      2      4           4           0   1.99097364149591     
      3      5      2      4           2           0   1.50755019174413     
      3      5      2      5           4           0  -1.09350440237127     
      3      5      2      5           2           0 -0.319118597356284     
      3      5      2      6           4           0   3.33988672309972     
      3      5      2      6           2           0 -0.721093887397603     
      3      5      3      4           2           0   1.27794303605883     
      3      5      3      5           2           0 -0.977699827517053     
      3      5      3      5           0           0  -2.71317190139330     
      3      5      3      6           2           0  -1.28778248992211     
      3      6      1      4           6           0 -1.365489776755591E-002
      3      6      1      4           4           0  -2.10490277613931     
      3      6      1      5           4           0  -3.19198029836049     
      3      6      2      4           4           0  -3.02417677878625     
      3      6      2      5           4           0 -0.461645536239234     
      3      6      2      5           2           0  -1.14317222273916     
      3      6      2      6           2           0   1.35717408484542     
      3      6      3      5           2           0   1.28778248992211     
      3      6      3      6           2           0   1.29697869726646     
      3      6      3      6           0           0  -4.68719700000000     
      4      1      4      1          10           0  0.247509679262596     
      4      1      4      1           8           0  -2.01364292857143     
      4      1      4      1           6           0   2.52228265197311     
      4      1      4      1           4           0  -5.92478285436515     
      4      1      4      1           2           0   5.08230479735588     
      4      1      4      1           0           0  -9.69284150000000     
      4      1      4      2           8           0  -5.09849004993367     
      4      1      4      2           6           0  0.245870004169406     
      4      1      4      2           4           0  -4.52558989977548     
      4      1      4      2           2           0 -0.975644145660089     
      4      1      4      3           6           0  0.513015346724801     
      4      1      4      3           4           0  -3.60966430027757     
      4      1      5      1           8           0  -5.12440321140495     
      4      1      5      1           6           0  0.251173514837131     
      4      1      5      1           4           0  -4.54679384332343     
      4      1      5      1           2           0  -1.04057871224581     
      4      1      5      2           8           0  -5.27242054905809     
      4      1      5      2           6           0 -0.337388273721193     
      4      1      5      2           4           0  -1.18960410646071     
      4      1      5      2           2           0  -1.19120619827856     
      4      1      5      3           6           0   1.01433209851586     
      4      1      5      3           4           0  -1.10658548232679     
      4      1      6      1           6           0  0.579560881939661     
      4      1      6      1           4           0  -3.85812284561052     
      4      1      6      2           6           0  0.997730287420015     
      4      1      6      2           4           0  -1.26405347990039     
      4      1      6      3           6           0 -1.365489776755613E-002
      4      1      6      3           4           0  -2.10490277613931     
      4      2      4      1           8           0   5.09849004993367     
      4      2      4      1           6           0 -0.245870004169406     
      4      2      4      1           4           0   4.52558989977548     
      4      2      4      1           2           0  0.975644145660091     
      4      2      4      2           6           0   1.47971251441040     
      4      2      4      2           4           0  -4.17925603949065     
      4      2      4      2           2           0  1.267788726991981E-002
      4      2      4      2           0           0  -8.41324792672307     
      4      2      4      3           4           0   1.76040461515770     
      4      2      4      3           2           0 -0.351093216528357     
      4      2      5      1           8           0   8.30200411607143     
      4      2      5      1           6           0  -2.56327393374871     
      4      2      5      1           4           0   1.54007549886873     
      4      2      5      1           2           0  -4.36622975605135     
      4      2      5      2           6           0   2.02983835259735     
      4      2      5      2           4           0  -2.98497305901756     
      4      2      5      2           2           0   2.65226769992468     
      4      2      5      3           4           0   1.99097364149591     
      4      2      5      3           2           0   1.50755019174414     
      4      2      6      1           6           0  0.974122594440167     
      4      2      6      1           4           0   2.61623207413145     
      4      2      6      2           6           0  -1.27604609816648     
      4      2      6      2           4           0  -3.04074190982527     
      4      2      6      3           4           0   3.02417677878625     
      4      3      4      1           6           0  0.513015346724800     
      4      3      4      1           4           0  -3.60966430027757     
      4      3      4      2           4           0  -1.76040461515770     
      4      3      4      2           2           0  0.351093216528357     
      4      3      4      3           2           0   1.52623122792329     
      4      3      4      3           0           0  -3.63154315249489     
      4      3      5      1           6           0 -0.922631229936616     
      4      3      5      1           4           0  -2.42017586247377     
      4      3      5      2           4           0 -0.764558240027328     
      4      3      5      2           2           0  4.778814772320883E-002
      4      3      5      3           2           0  -1.27794303605883     
      4      3      6      1           6           0  0.414417918046430     
      4      3      6      1           4           0  -5.36867790728922     
      4      3      6      2           4           0  -4.09030834126368     
      5      1      4      1           8           0   5.12440321140495     
      5      1      4      1           6           0 -0.251173514837132     
      5      1      4      1           4           0   4.54679384332343     
      5      1      4      1           2           0   1.04057871224582     
      5      1      4      2           8           0   8.30200411607143     
      5      1      4      2           6           0  -2.56327393374871     
      5      1      4      2           4           0   1.54007549886873     
      5      1      4      2           2           0  -4.36622975605135     
      5      1      4      3           6           0  0.922631229936616     
      5      1      4      3           4           0   2.42017586247377     
      5      1      5      1           6           0   1.43608956522492     
      5      1      5      1           4           0  -4.35108177723587     
      5      1      5      1           2           0 -2.090385286257312E-002
      5      1      5      1           0           0  -9.14535417672207     
      5      1      5      2           6           0   2.07108320235710     
      5      1      5      2           4           0  -3.12858184029412     
      5      1      5      2           2           0   2.69574047764314     
      5      1      5      3           6           0  -1.27324830293680     
      5      1      5      3           4           0  -2.99582552880617     
      5      1      6      1           4           0   2.07467620853865     
      5      1      6      1           2           0 -0.371626846980519     
      5      1      6      2           4           0   2.13732955545040     
      5      1      6      2           2           0   1.37793485344925     
      5      1      6      3           4           0   3.19198029836049     
      5      2      4      1           8           0  -5.27242054905809     
      5      2      4      1           6           0 -0.337388273721194     
      5      2      4      1           4           0  -1.18960410646071     
      5      2      4      1           2           0  -1.19120619827856     
      5      2      4      2           6           0  -2.02983835259735     
      5      2      4      2           4           0   2.98497305901756     
      5      2      4      2           2           0  -2.65226769992467     
      5      2      4      3           4           0 -0.764558240027328     
      5      2      4      3           2           0  4.778814772320883E-002
      5      2      5      1           6           0  -2.07108320235710     
      5      2      5      1           4           0   3.12858184029412     
      5      2      5      1           2           0  -2.69574047764314     
      5      2      5      2           6           0 -0.389413583843386     
      5      2      5      2           4           0  -1.82990970810072     
      5      2      5      2           2           0   4.81589885443836     
      5      2      5      2           0           0  -3.99085550000000     
      5      2      5      3           4           0   1.09350440237127     
      5      2      5      3           2           0  0.319118597356285     
      5      2      6      1           4           0 -0.871663539774747     
      5      2      6      1           2           0 -0.222559850452320     
      5      2      6      2           4           0   1.16875413003106     
      5      2      6      2           2           0  0.290078444616873     
      5      2      6      3           4           0 -0.461645536239235     
      5      2      6      3           2           0  -1.14317222273916     
      5      3      4      1           6           0  -1.01433209851586     
      5      3      4      1           4           0   1.10658548232679     
      5      3      4      2           4           0   1.99097364149591     
      5      3      4      2           2           0   1.50755019174413     
      5      3      4      3           2           0   1.27794303605883     
      5      3      5      1           6           0  -1.27324830293680     
      5      3      5      1           4           0  -2.99582552880618     
      5      3      5      2           4           0  -1.09350440237127     
      5      3      5      2           2           0 -0.319118597356284     
      5      3      5      3           2           0 -0.977699827517053     
      5      3      5      3           0           0  -2.71317190139330     
      5      3      6      1           4           0   4.19833390329068     
      5      3      6      2           4           0   3.33988672309972     
      5      3      6      2           2           0 -0.721093887397603     
      5      3      6      3           2           0  -1.28778248992211     
      6      1      4      1           6           0  0.579560881939660     
      6      1      4      1           4           0  -3.85812284561052     
      6      1      4      2           6           0 -0.974122594440167     
      6      1      4      2           4           0  -2.61623207413145     
      6      1      4      3           6           0  0.414417918046430     
      6      1      4      3           4           0  -5.36867790728922     
      6      1      5      1           4           0  -2.07467620853865     
      6      1      5      1           2           0  0.371626846980518     
      6      1      5      2           4           0 -0.871663539774747     
      6      1      5      2           2           0 -0.222559850452320     
      6      1      5      3           4           0  -4.19833390329068     
      6      1      6      1           2           0   1.66967060648288     
      6      1      6      1           0           0  -4.03435538349364     
      6      1      6      2           2           0  -1.22638937080358     
      6      2      4      1           6           0 -0.997730287420016     
      6      2      4      1           4           0   1.26405347990039     
      6      2      4      2           6           0  -1.27604609816648     
      6      2      4      2           4           0  -3.04074190982527     
      6      2      4      3           4           0   4.09030834126368     
      6      2      5      1           4           0   2.13732955545040     
      6      2      5      1           2           0   1.37793485344925     
      6      2      5      2           4           0  -1.16875413003106     
      6      2      5      2           2           0 -0.290078444616873     
      6      2      5      3           4           0   3.33988672309972     
      6      2      5      3           2           0 -0.721093887397603     
      6      2      6      1           2           0   1.22638937080358     
      6      2      6      2           2           0  -1.20709082717259     
      6      2      6      2           0           0  -2.76637974213394     
      6      2      6      3           2           0  -1.35717408484542     
      6      3      4      1           6           0 -1.365489776755591E-002
      6      3      4      1           4           0  -2.10490277613931     
      6      3      4      2           4           0  -3.02417677878625     
      6      3      5      1           4           0  -3.19198029836049     
      6      3      5      2           4           0 -0.461645536239234     
      6      3      5      2           2           0  -1.14317222273916     
      6      3      5      3           2           0   1.28778248992211     
      6      3      6      2           2           0   1.35717408484542     
      6      3      6      3           2           0   1.29697869726646     
      6      3      6      3           0           0  -4.68719700000000     
         336          10
   1   1   4   4   0   0   0   0 -9.6928   1   1
   1   1   4   4   2   0   0   0  5.0823   1   1
   1   1   4   4   4   0   0   0 -5.9248   1   1
   1   1   4   4   6   0   0   0  2.5223   1   1
   1   1   4   4   8   0   0   0 -2.0136   1   1
   1   1   4   4  10   0   0   0  0.2475   1   1
   1   1   4   5   2   0   0   0 -1.0406   1   1
   1   1   4   5   4   0   0   0 -4.5468   1   1
   1   1   4   5   6   0   0   0  0.2512   1   1
   1   1   4   5   8   0   0   0 -5.1244   1   1
   1   1   4   6   4   0   0   0 -3.8581   1   1
   1   1   4   6   6   0   0   0  0.5796   1   1
   1   1   5   4   2   0   0   0  1.0406   1   1
   1   1   5   4   4   0   0   0  4.5468   1   1
   1   1   5   4   6   0   0   0 -0.2512   1   1
   1   1   5   4   8   0   0   0  5.1244   1   1
   1   1   5   5   0   0   0   0 -9.1454   1   1
   1   1   5   5   2   0   0   0 -0.0209   1   1
   1   1   5   5   4   0   0   0 -4.3511   1   1
   1   1   5   5   6   0   0   0  1.4361   1   1
   1   1   5   6   2   0   0   0 -0.3716   1   1
   1   1   5   6   4   0   0   0  2.0747   1   1
   1   1   6   4   4   0   0   0 -3.8581   1   1
   1   1   6   4   6   0   0   0  0.5796   1   1
   1   1   6   5   2   0   0   0  0.3716   1   1
   1   1   6   5   4   0   0   0 -2.0747   1   1
   1   1   6   6   0   0   0   0 -4.0344   1   1
   1   1   6   6   2   0   0   0  1.6697   1   1
   1   2   4   4   2   0   0   0 -0.9756   1   1
   1   2   4   4   4   0   0   0 -4.5256   1   1
   1   2   4   4   6   0   0   0  0.2459   1   1
   1   2   4   4   8   0   0   0 -5.0985   1   1
   1   2   4   5   2   0   0   0 -1.1912   1   1
   1   2   4   5   4   0   0   0 -1.1896   1   1
   1   2   4   5   6   0   0   0 -0.3374   1   1
   1   2   4   5   8   0   0   0 -5.2724   1   1
   1   2   4   6   4   0   0   0 -1.2641   1   1
   1   2   4   6   6   0   0   0  0.9977   1   1
   1   2   5   4   2   0   0   0 -4.3662   1   1
   1   2   5   4   4   0   0   0  1.5401   1   1
   1   2   5   4   6   0   0   0 -2.5633   1   1
   1   2   5   4   8   0   0   0  8.3020   1   1
   1   2   5   5   2   0   0   0  2.6957   1   1
   1   2   5   5   4   0   0   0 -3.1286   1   1
   1   2   5   5   6   0   0   0  2.0711   1   1
   1   2   5   6   2   0   0   0  1.3779   1   1
   1   2   5   6   4   0   0   0  2.1373   1   1
   1   2   6   4   4   0   0   0 -2.6162   1   1
   1   2   6   4   6   0   0   0 -0.9741   1   1
   1   2   6   5   2   0   0   0 -0.2226   1   1
   1   2   6   5   4   0   0   0 -0.8717   1   1
   1   2   6   6   2   0   0   0 -1.2264   1   1
   1   3   4   4   4   0   0   0 -3.6097   1   1
   1   3   4   4   6   0   0   0  0.5130   1   1
   1   3   4   5   4   0   0   0 -1.1066   1   1
   1   3   4   5   6   0   0   0  1.0143   1   1
   1   3   4   6   4   0   0   0 -2.1049   1   1
   1   3   4   6   6   0   0   0 -0.0137   1   1
   1   3   5   4   4   0   0   0  2.4202   1   1
   1   3   5   4   6   0   0   0  0.9226   1   1
   1   3   5   5   4   0   0   0 -2.9958   1   1
   1   3   5   5   6   0   0   0 -1.2732   1   1
   1   3   5   6   4   0   0   0  3.1920   1   1
   1   3   6   4   4   0   0   0 -5.3687   1   1
   1   3   6   4   6   0   0   0  0.4144   1   1
   1   3   6   5   4   0   0   0 -4.1983   1   1
   2   1   4   4   2   0   0   0  0.9756   1   1
   2   1   4   4   4   0   0   0  4.5256   1   1
   2   1   4   4   6   0   0   0 -0.2459   1   1
   2   1   4   4   8   0   0   0  5.0985   1   1
   2   1   4   5   2   0   0   0 -4.3662   1   1
   2   1   4   5   4   0   0   0  1.5401   1   1
   2   1   4   5   6   0   0   0 -2.5633   1   1
   2   1   4   5   8   0   0   0  8.3020   1   1
   2   1   4   6   4   0   0   0  2.6162   1   1
   2   1   4   6   6   0   0   0  0.9741   1   1
   2   1   5   4   2   0   0   0 -1.1912   1   1
   2   1   5   4   4   0   0   0 -1.1896   1   1
   2   1   5   4   6   0   0   0 -0.3374   1   1
   2   1   5   4   8   0   0   0 -5.2724   1   1
   2   1   5   5   2   0   0   0 -2.6957   1   1
   2   1   5   5   4   0   0   0  3.1286   1   1
   2   1   5   5   6   0   0   0 -2.0711   1   1
   2   1   5   6   2   0   0   0 -0.2226   1   1
   2   1   5   6   4   0   0   0 -0.8717   1   1
   2   1   6   4   4   0   0   0  1.2641   1   1
   2   1   6   4   6   0   0   0 -0.9977   1   1
   2   1   6   5   2   0   0   0  1.3779   1   1
   2   1   6   5   4   0   0   0  2.1373   1   1
   2   1   6   6   2   0   0   0  1.2264   1   1
   2   2   4   4   0   0   0   0 -8.4132   1   1
   2   2   4   4   2   0   0   0  0.0127   1   1
   2   2   4   4   4   0   0   0 -4.1793   1   1
   2   2   4   4   6   0   0   0  1.4797   1   1
   2   2   4   5   2   0   0   0  2.6523   1   1
   2   2   4   5   4   0   0   0 -2.9850   1   1
   2   2   4   5   6   0   0   0  2.0298   1   1
   2   2   4   6   4   0   0   0 -3.0407   1   1
   2   2   4   6   6   0   0   0 -1.2760   1   1
   2   2   5   4   2   0   0   0 -2.6523   1   1
   2   2   5   4   4   0   0   0  2.9850   1   1
   2   2   5   4   6   0   0   0 -2.0298   1   1
   2   2   5   5   0   0   0   0 -3.9909   1   1
   2   2   5   5   2   0   0   0  4.8159   1   1
   2   2   5   5   4   0   0   0 -1.8299   1   1
   2   2   5   5   6   0   0   0 -0.3894   1   1
   2   2   5   6   2   0   0   0  0.2901   1   1
   2   2   5   6   4   0   0   0  1.1688   1   1
   2   2   6   4   4   0   0   0 -3.0407   1   1
   2   2   6   4   6   0   0   0 -1.2760   1   1
   2   2   6   5   2   0   0   0 -0.2901   1   1
   2   2   6   5   4   0   0   0 -1.1688   1   1
   2   2   6   6   0   0   0   0 -2.7664   1   1
   2   2   6   6   2   0   0   0 -1.2071   1   1
   2   3   4   4   2   0   0   0 -0.3511   1   1
   2   3   4   4   4   0   0   0  1.7604   1   1
   2   3   4   5   2   0   0   0  1.5076   1   1
   2   3   4   5   4   0   0   0  1.9910   1   1
   2   3   4   6   4   0   0   0  3.0242   1   1
   2   3   5   4   2   0   0   0  0.0478   1   1
   2   3   5   4   4   0   0   0 -0.7646   1   1
   2   3   5   5   2   0   0   0  0.3191   1   1
   2   3   5   5   4   0   0   0  1.0935   1   1
   2   3   5   6   2   0   0   0 -1.1432   1   1
   2   3   5   6   4   0   0   0 -0.4616   1   1
   2   3   6   4   4   0   0   0  4.0903   1   1
   2   3   6   5   2   0   0   0 -0.7211   1   1
   2   3   6   5   4   0   0   0  3.3399   1   1
   2   3   6   6   2   0   0   0 -1.3572   1   1
   3   1   4   4   4   0   0   0 -3.6097   1   1
   3   1   4   4   6   0   0   0  0.5130   1   1
   3   1   4   5   4   0   0   0 -2.4202   1   1
   3   1   4   5   6   0   0   0 -0.9226   1   1
   3   1   4   6   4   0   0   0 -5.3687   1   1
   3   1   4   6   6   0   0   0  0.4144   1   1
   3   1   5   4   4   0   0   0  1.1066   1   1
   3   1   5   4   6   0   0   0 -1.0143   1   1
   3   1   5   5   4   0   0   0 -2.9958   1   1
   3   1   5   5   6   0   0   0 -1.2732   1   1
   3   1   5   6   4   0   0   0  4.1983   1   1
   3   1   6   4   4   0   0   0 -2.1049   1   1
   3   1   6   4   6   0   0   0 -0.0137   1   1
   3   1   6   5   4   0   0   0 -3.1920   1   1
   3   2   4   4   2   0   0   0  0.3511   1   1
   3   2   4   4   4   0   0   0 -1.7604   1   1
   3   2   4   5   2   0   0   0  0.0478   1   1
   3   2   4   5   4   0   0   0 -0.7646   1   1
   3   2   4   6   4   0   0   0 -4.0903   1   1
   3   2   5   4   2   0   0   0  1.5076   1   1
   3   2   5   4   4   0   0   0  1.9910   1   1
   3   2   5   5   2   0   0   0 -0.3191   1   1
   3   2   5   5   4   0   0   0 -1.0935   1   1
   3   2   5   6   2   0   0   0 -0.7211   1   1
   3   2   5   6   4   0   0   0  3.3399   1   1
   3   2   6   4   4   0   0   0 -3.0242   1   1
   3   2   6   5   2   0   0   0 -1.1432   1   1
   3   2   6   5   4   0   0   0 -0.4616   1   1
   3   2   6   6   2   0   0   0  1.3572   1   1
   3   3   4   4   0   0   0   0 -3.6315   1   1
   3   3   4   4   2   0   0   0  1.5262   1   1
   3   3   4   5   2   0   0   0 -1.2779   1   1
   3   3   5   4   2   0   0   0  1.2779   1   1
   3   3   5   5   0   0   0   0 -2.7132   1   1
   3   3   5   5   2   0   0   0 -0.9777   1   1
   3   3   5   6   2   0   0   0 -1.2878   1   1
   3   3   6   5   2   0   0   0  1.2878   1   1
   3   3   6   6   0   0   0   0 -4.6872   1   1
   3   3   6   6   2   0   0   0  1.2970   1   1
   4   4   1   1   0   0   0   0 -9.6928   1   1
   4   4   1   1   2   0   0   0  5.0823   1   1
   4   4   1   1   4   0   0   0 -5.9248   1   1
   4   4   1   1   6   0   0   0  2.5223   1   1
   4   4   1   1   8   0   0   0 -2.0136   1   1
   4   4   1   1  10   0   0   0  0.2475   1   1
   4   4   1   2   2   0   0   0 -0.9756   1   1
   4   4   1   2   4   0   0   0 -4.5256   1   1
   4   4   1   2   6   0   0   0  0.2459   1   1
   4   4   1   2   8   0   0   0 -5.0985   1   1
   4   4   1   3   4   0   0   0 -3.6097   1   1
   4   4   1   3   6   0   0   0  0.5130   1   1
   4   4   2   1   2   0   0   0  0.9756   1   1
   4   4   2   1   4   0   0   0  4.5256   1   1
   4   4   2   1   6   0   0   0 -0.2459   1   1
   4   4   2   1   8   0   0   0  5.0985   1   1
   4   4   2   2   0   0   0   0 -8.4132   1   1
   4   4   2   2   2   0   0   0  0.0127   1   1
   4   4   2   2   4   0   0   0 -4.1793   1   1
   4   4   2   2   6   0   0   0  1.4797   1   1
   4   4   2   3   2   0   0   0 -0.3511   1   1
   4   4   2   3   4   0   0   0  1.7604   1   1
   4   4   3   1   4   0   0   0 -3.6097   1   1
   4   4   3   1   6   0   0   0  0.5130   1   1
   4   4   3   2   2   0   0   0  0.3511   1   1
   4   4   3   2   4   0   0   0 -1.7604   1   1
   4   4   3   3   0   0   0   0 -3.6315   1   1
   4   4   3   3   2   0   0   0  1.5262   1   1
   4   5   1   1   2   0   0   0 -1.0406   1   1
   4   5   1   1   4   0   0   0 -4.5468   1   1
   4   5   1   1   6   0   0   0  0.2512   1   1
   4   5   1   1   8   0   0   0 -5.1244   1   1
   4   5   1   2   2   0   0   0 -1.1912   1   1
   4   5   1   2   4   0   0   0 -1.1896   1   1
   4   5   1   2   6   0   0   0 -0.3374   1   1
   4   5   1   2   8   0   0   0 -5.2724   1   1
   4   5   1   3   4   0   0   0 -1.1066   1   1
   4   5   1   3   6   0   0   0  1.0143   1   1
   4   5   2   1   2   0   0   0 -4.3662   1   1
   4   5   2   1   4   0   0   0  1.5401   1   1
   4   5   2   1   6   0   0   0 -2.5633   1   1
   4   5   2   1   8   0   0   0  8.3020   1   1
   4   5   2   2   2   0   0   0  2.6523   1   1
   4   5   2   2   4   0   0   0 -2.9850   1   1
   4   5   2   2   6   0   0   0  2.0298   1   1
   4   5   2   3   2   0   0   0  1.5076   1   1
   4   5   2   3   4   0   0   0  1.9910   1   1
   4   5   3   1   4   0   0   0 -2.4202   1   1
   4   5   3   1   6   0   0   0 -0.9226   1   1
   4   5   3   2   2   0   0   0  0.0478   1   1
   4   5   3   2   4   0   0   0 -0.7646   1   1
   4   5   3   3   2   0   0   0 -1.2779   1   1
   4   6   1   1   4   0   0   0 -3.8581   1   1
   4   6   1   1   6   0   0   0  0.5796   1   1
   4   6   1   2   4   0   0   0 -1.2641   1   1
   4   6   1   2   6   0   0   0  0.9977   1   1
   4   6   1   3   4   0   0   0 -2.1049   1   1
   4   6   1   3   6   0   0   0 -0.0137   1   1
   4   6   2   1   4   0   0   0  2.6162   1   1
   4   6   2   1   6   0   0   0  0.9741   1   1
   4   6   2   2   4   0   0   0 -3.0407   1   1
   4   6   2   2   6   0   0   0 -1.2760   1   1
   4   6   2   3   4   0   0   0  3.0242   1   1
   4   6   3   1   4   0   0   0 -5.3687   1   1
   4   6   3   1   6   0   0   0  0.4144   1   1
   4   6   3   2   4   0   0   0 -4.0903   1   1
   5   4   1   1   2   0   0   0  1.0406   1   1
   5   4   1   1   4   0   0   0  4.5468   1   1
   5   4   1   1   6   0   0   0 -0.2512   1   1
   5   4   1   1   8   0   0   0  5.1244   1   1
   5   4   1   2   2   0   0   0 -4.3662   1   1
   5   4   1   2   4   0   0   0  1.5401   1   1
   5   4   1   2   6   0   0   0 -2.5633   1   1
   5   4   1   2   8   0   0   0  8.3020   1   1
   5   4   1   3   4   0   0   0  2.4202   1   1
   5   4   1   3   6   0   0   0  0.9226   1   1
   5   4   2   1   2   0   0   0 -1.1912   1   1
   5   4   2   1   4   0   0   0 -1.1896   1   1
   5   4   2   1   6   0   0   0 -0.3374   1   1
   5   4   2   1   8   0   0   0 -5.2724   1   1
   5   4   2   2   2   0   0   0 -2.6523   1   1
   5   4   2   2   4   0   0   0  2.9850   1   1
   5   4   2   2   6   0   0   0 -2.0298   1   1
   5   4   2   3   2   0   0   0  0.0478   1   1
   5   4   2   3   4   0   0   0 -0.7646   1   1
   5   4   3   1   4   0   0   0  1.1066   1   1
   5   4   3   1   6   0   0   0 -1.0143   1   1
   5   4   3   2   2   0   0   0  1.5076   1   1
   5   4   3   2   4   0   0   0  1.9910   1   1
   5   4   3   3   2   0   0   0  1.2779   1   1
   5   5   1   1   0   0   0   0 -9.1454   1   1
   5   5   1   1   2   0   0   0 -0.0209   1   1
   5   5   1   1   4   0   0   0 -4.3511   1   1
   5   5   1   1   6   0   0   0  1.4361   1   1
   5   5   1   2   2   0   0   0  2.6957   1   1
   5   5   1   2   4   0   0   0 -3.1286   1   1
   5   5   1   2   6   0   0   0  2.0711   1   1
   5   5   1   3   4   0   0   0 -2.9958   1   1
   5   5   1   3   6   0   0   0 -1.2732   1   1
   5   5   2   1   2   0   0   0 -2.6957   1   1
   5   5   2   1   4   0   0   0  3.1286   1   1
   5   5   2   1   6   0   0   0 -2.0711   1   1
   5   5   2   2   0   0   0   0 -3.9909   1   1
   5   5   2   2   2   0   0   0  4.8159   1   1
   5   5   2   2   4   0   0   0 -1.8299   1   1
   5   5   2   2   6   0   0   0 -0.3894   1   1
   5   5   2   3   2   0   0   0  0.3191   1   1
   5   5   2   3   4   0   0   0  1.0935   1   1
   5   5   3   1   4   0   0   0 -2.9958   1   1
   5   5   3   1   6   0   0   0 -1.2732   1   1
   5   5   3   2   2   0   0   0 -0.3191   1   1
   5   5   3   2   4   0   0   0 -1.0935   1   1
   5   5   3   3   0   0   0   0 -2.7132   1   1
   5   5   3   3   2   0   0   0 -0.9777   1   1
   5   6   1   1   2   0   0   0 -0.3716   1   1
   5   6   1   1   4   0   0   0  2.0747   1   1
   5   6   1   2   2   0   0   0  1.3779   1   1
   5   6   1   2   4   0   0   0  2.1373   1   1
   5   6   1   3   4   0   0   0  3.1920   1   1
   5   6   2   1   2   0   0   0 -0.2226   1   1
   5   6   2   1   4   0   0   0 -0.8717   1   1
   5   6   2   2   2   0   0   0  0.2901   1   1
   5   6   2   2   4   0   0   0  1.1688   1   1
   5   6   2   3   2   0   0   0 -1.1432   1   1
   5   6   2   3   4   0   0   0 -0.4616   1   1
   5   6   3   1   4   0   0   0  4.1983   1   1
   5   6   3   2   2   0   0   0 -0.7211   1   1
   5   6   3   2   4   0   0   0  3.3399   1   1
   5   6   3   3   2   0   0   0 -1.2878   1   1
   6   4   1   1   4   0   0   0 -3.8581   1   1
   6   4   1   1   6   0   0   0  0.5796   1   1
   6   4   1   2   4   0   0   0 -2.6162   1   1
   6   4   1   2   6   0   0   0 -0.9741   1   1
   6   4   1   3   4   0   0   0 -5.3687   1   1
   6   4   1   3   6   0   0   0  0.4144   1   1
   6   4   2   1   4   0   0   0  1.2641   1   1
   6   4   2   1   6   0   0   0 -0.9977   1   1
   6   4   2   2   4   0   0   0 -3.0407   1   1
   6   4   2   2   6   0   0   0 -1.2760   1   1
   6   4   2   3   4   0   0   0  4.0903   1   1
   6   4   3   1   4   0   0   0 -2.1049   1   1
   6   4   3   1   6   0   0   0 -0.0137   1   1
   6   4   3   2   4   0   0   0 -3.0242   1   1
   6   5   1   1   2   0   0   0  0.3716   1   1
   6   5   1   1   4   0   0   0 -2.0747   1   1
   6   5   1   2   2   0   0   0 -0.2226   1   1
   6   5   1   2   4   0   0   0 -0.8717   1   1
   6   5   1   3   4   0   0   0 -4.1983   1   1
   6   5   2   1   2   0   0   0  1.3779   1   1
   6   5   2   1   4   0   0   0  2.1373   1   1
   6   5   2   2   2   0   0   0 -0.2901   1   1
   6   5   2   2   4   0   0   0 -1.1688   1   1
   6   5   2   3   2   0   0   0 -0.7211   1   1
   6   5   2   3   4   0   0   0  3.3399   1   1
   6   5   3   1   4   0   0   0 -3.1920   1   1
   6   5   3   2   2   0   0   0 -1.1432   1   1
   6   5   3   2   4   0   0   0 -0.4616   1   1
   6   5   3   3   2   0   0   0  1.2878   1   1
   6   6   1   1   0   0   0   0 -4.0344   1   1
   6   6   1   1   2   0   0   0  1.6697   1   1
   6   6   1   2   2   0   0   0 -1.2264   1   1
   6   6   2   1   2   0   0   0  1.2264   1   1
   6   6   2   2   0   0   0   0 -2.7664   1   1
   6   6   2   2   2   0   0   0 -1.2071   1   1
   6   6   2   3   2   0   0   0 -1.3572   1   1
   6   6   3   2   2   0   0   0  1.3572   1   1
   6   6   3   3   0   0   0   0 -4.6872   1   1
   6   6   3   3   2   0   0   0  1.2970   1   1
