 ! Total Interaction
 256
   1   4   1   4     0     0   0.0000
   1   4   2   5     0     0   0.0000
   2   5   2   5     0     0   0.0000
   1   4   3   6     0     0   0.0000
   2   5   3   6     0     0   0.0000
   3   6   3   6     0     0   0.0000
   1   4   1   4     1     0  -1.3713
   1   4   2   4     1     0  -4.2941
   2   4   2   4     1     0  -5.4985
   1   5   2   4     1     0   7.0379
   1   4   1   5     1     0   4.3231
   1   5   1   5     1     0  -5.9596
   1   4   2   5     1     0   1.4117
   2   4   2   5     1     0  -0.4480
   1   5   2   5     1     0   0.4145
   2   5   2   5     1     0   0.4815
   1   4   3   5     1     0   0.1546
   2   4   3   5     1     0   2.8262
   1   5   3   5     1     0  -2.5983
   2   5   3   5     1     0   0.9035
   3   5   3   5     1     0  -2.8110
   2   6   3   5     1     0   3.5259
   1   4   2   6     1     0  -0.0693
   2   4   2   6     1     0  -2.6197
   1   5   2   6     1     0   2.8257
   2   5   2   6     1     0  -0.9449
   2   6   2   6     1     0  -3.0580
   1   4   3   6     1     0  -0.9231
   2   4   3   6     1     0  -2.4692
   1   5   3   6     1     0   2.6062
   2   5   3   6     1     0  -0.3586
   3   5   3   6     1     0   1.0515
   2   6   3   6     1     0  -1.1081
   3   6   3   6     1     0  -2.7180
   1   4   1   4     2     0   0.0000
   1   4   2   4     2     0   0.0000
   2   4   2   4     2     0   0.0000
   1   5   2   4     2     0   0.0000
   1   6   2   4     2     0   0.0000
   1   4   3   4     2     0   0.0000
   2   4   3   4     2     0   0.0000
   3   4   3   4     2     0   0.0000
   1   5   3   4     2     0   0.0000
   2   5   3   4     2     0   0.0000
   1   6   3   4     2     0   0.0000
   2   6   3   4     2     0   0.0000
   1   4   1   5     2     0   0.0000
   1   5   1   5     2     0   0.0000
   1   4   2   5     2     0   0.0000
   2   4   2   5     2     0   0.0000
   1   5   2   5     2     0   0.0000
   2   5   2   5     2     0   0.0000
   1   6   2   5     2     0   0.0000
   1   4   3   5     2     0   0.0000
   2   4   3   5     2     0   0.0000
   3   4   3   5     2     0   0.0000
   1   5   3   5     2     0   0.0000
   2   5   3   5     2     0   0.0000
   3   5   3   5     2     0   0.0000
   1   6   3   5     2     0   0.0000
   2   6   3   5     2     0   0.0000
   1   4   1   6     2     0   0.0000
   1   5   1   6     2     0   0.0000
   1   6   1   6     2     0   0.0000
   1   4   2   6     2     0   0.0000
   2   4   2   6     2     0   0.0000
   1   5   2   6     2     0   0.0000
   2   5   2   6     2     0   0.0000
   1   6   2   6     2     0   0.0000
   2   6   2   6     2     0   0.0000
   1   4   1   4     3     0  -1.1298
   1   4   2   4     3     0  -1.7977
   2   4   2   4     3     0  -0.6878
   1   5   2   4     3     0   1.2778
   1   6   2   4     3     0  -1.6191
   1   4   3   4     3     0  -1.8081
   2   4   3   4     3     0  -0.9850
   3   4   3   4     3     0  -2.8414
   1   5   3   4     3     0   1.4924
   2   5   3   4     3     0   0.1684
   1   6   3   4     3     0  -4.0538
   1   4   1   5     3     0   1.8274
   1   5   1   5     3     0  -0.9103
   1   4   2   5     3     0   0.2666
   2   4   2   5     3     0  -2.2870
   1   5   2   5     3     0   2.3574
   2   5   2   5     3     0  -2.4462
   1   6   2   5     3     0   0.0534
   1   4   1   6     3     0  -1.9409
   1   5   1   6     3     0   1.1348
   1   6   1   6     3     0  -3.1440
   1   4   1   4     4     0   0.0000
   1   4   2   4     4     0   0.0000
   2   4   2   4     4     0   0.0000
   1   5   2   4     4     0   0.0000
   1   4   1   5     4     0   0.0000
   1   5   1   5     4     0   0.0000
   1   4   1   4     5     0  -3.6087
   1   1   1   1     0     1  -1.4358
   1   1   2   2     0     1  -4.0274
   2   2   2   2     0     1   0.2738
   1   1   3   3     0     1  -1.2175
   2   2   3   3     0     1  -0.9511
   3   3   3   3     0     1  -0.7134
   1   4   1   4     0     1  -2.1142
   4   4   4   4     0     1  -2.0643
   1   4   2   5     0     1  -4.3750
   2   5   2   5     0     1  -0.1929
   4   4   5   5     0     1  -4.5212
   5   5   5   5     0     1   0.0090
   1   4   3   6     0     1  -1.3691
   2   5   3   6     0     1  -1.0650
   3   6   3   6     0     1  -1.2204
   4   4   6   6     0     1  -1.4250
   5   5   6   6     0     1  -1.0595
   6   6   6   6     0     1  -1.2598
   1   2   1   2     1     1   0.8773
   1   2   2   3     1     1   0.1139
   2   3   2   3     1     1   0.5464
   1   4   1   4     1     1   0.0000
   1   4   2   4     1     1   0.0000
   2   4   2   4     1     1   0.0000
   1   5   2   4     1     1   0.0000
   1   4   1   5     1     1   0.0000
   1   5   1   5     1     1   0.0000
   1   4   2   5     1     1   0.0000
   2   4   2   5     1     1   0.0000
   1   5   2   5     1     1   0.0000
   2   5   2   5     1     1   0.0000
   1   4   3   5     1     1   0.0000
   2   4   3   5     1     1   0.0000
   1   5   3   5     1     1   0.0000
   2   5   3   5     1     1   0.0000
   3   5   3   5     1     1   0.0000
   2   6   3   5     1     1   0.0000
   4   5   4   5     1     1   0.6567
   1   4   2   6     1     1   0.0000
   2   4   2   6     1     1   0.0000
   1   5   2   6     1     1   0.0000
   2   5   2   6     1     1   0.0000
   2   6   2   6     1     1   0.0000
   1   4   3   6     1     1   0.0000
   2   4   3   6     1     1   0.0000
   1   5   3   6     1     1   0.0000
   2   5   3   6     1     1   0.0000
   3   5   3   6     1     1   0.0000
   2   6   3   6     1     1   0.0000
   3   6   3   6     1     1   0.0000
   4   5   5   6     1     1   0.1050
   5   6   5   6     1     1   0.2898
   1   1   1   1     2     1  -0.3251
   1   1   1   2     2     1  -0.2806
   1   2   1   2     2     1   0.7862
   1   1   2   2     2     1  -0.9173
   1   2   2   2     2     1  -0.7435
   2   2   2   2     2     1   0.2976
   1   3   2   2     2     1  -0.4629
   1   1   1   3     2     1  -0.8030
   1   2   1   3     2     1   0.2023
   1   3   1   3     2     1  -0.3039
   1   1   2   3     2     1   0.8827
   1   2   2   3     2     1   0.7669
   2   2   2   3     2     1   0.1518
   1   3   2   3     2     1   1.2003
   2   3   2   3     2     1   0.3690
   1   4   1   4     2     1  -0.7807
   1   4   2   4     2     1   0.3262
   2   4   2   4     2     1  -4.0285
   1   5   2   4     2     1  -5.0291
   1   6   2   4     2     1  -1.6015
   1   4   3   4     2     1  -0.8605
   2   4   3   4     2     1   1.1043
   3   4   3   4     2     1  -1.0541
   1   5   3   4     2     1   1.4996
   2   5   3   4     2     1  -0.4416
   1   6   3   4     2     1  -0.4348
   2   6   3   4     2     1   3.6585
   4   4   4   4     2     1  -0.7867
   1   4   1   5     2     1  -0.3133
   1   5   1   5     2     1  -4.2944
   1   4   2   5     2     1  -1.0129
   2   4   2   5     2     1   0.7635
   1   5   2   5     2     1  -0.8091
   2   5   2   5     2     1  -0.0184
   1   6   2   5     2     1  -0.5654
   1   4   3   5     2     1  -0.9418
   2   4   3   5     2     1  -0.4437
   3   4   3   5     2     1   1.1430
   1   5   3   5     2     1  -2.1039
   2   5   3   5     2     1  -0.1710
   3   5   3   5     2     1  -1.3830
   1   6   3   5     2     1  -3.7551
   2   6   3   5     2     1  -1.3713
   4   4   4   5     2     1  -0.3158
   4   5   4   5     2     1   0.4904
   4   4   5   5     2     1  -1.0322
   4   5   5   5     2     1  -0.8108
   5   5   5   5     2     1   0.0602
   4   6   5   5     2     1  -0.5413
   1   4   1   6     2     1  -0.9026
   1   5   1   6     2     1  -1.3232
   1   6   1   6     2     1  -1.1886
   1   4   2   6     2     1   1.0171
   2   4   2   6     2     1  -2.1405
   1   5   2   6     2     1  -0.6186
   2   5   2   6     2     1   0.2107
   1   6   2   6     2     1  -1.0969
   2   6   2   6     2     1  -1.2950
   4   4   4   6     2     1  -0.9160
   4   5   4   6     2     1   0.1795
   4   6   4   6     2     1  -0.8253
   4   4   5   6     2     1   1.0450
   4   5   5   6     2     1   0.8172
   5   5   5   6     2     1   0.1595
   4   6   5   6     2     1   1.3570
   5   6   5   6     2     1   0.0684
   1   2   1   2     3     1   0.5077
   1   2   1   3     3     1  -0.2074
   1   3   1   3     3     1   0.8401
   1   4   1   4     3     1   0.0000
   1   4   2   4     3     1   0.0000
   2   4   2   4     3     1   0.0000
   1   5   2   4     3     1   0.0000
   1   6   2   4     3     1   0.0000
   1   4   3   4     3     1   0.0000
   2   4   3   4     3     1   0.0000
   3   4   3   4     3     1   0.0000
   1   5   3   4     3     1   0.0000
   2   5   3   4     3     1   0.0000
   1   6   3   4     3     1   0.0000
   1   4   1   5     3     1   0.0000
   1   5   1   5     3     1   0.0000
   1   4   2   5     3     1   0.0000
   2   4   2   5     3     1   0.0000
   1   5   2   5     3     1   0.0000
   2   5   2   5     3     1   0.0000
   1   6   2   5     3     1   0.0000
   4   5   4   5     3     1   0.2383
   1   4   1   6     3     1   0.0000
   1   5   1   6     3     1   0.0000
   1   6   1   6     3     1   0.0000
   4   5   4   6     3     1  -0.2435
   4   6   4   6     3     1   0.5329
   1   1   1   1     4     1   0.3627
   1   1   1   2     4     1  -1.2612
   1   2   1   2     4     1  -0.2627
   1   4   1   4     4     1  -0.0468
   1   4   2   4     4     1   1.3542
   2   4   2   4     4     1  -4.5534
   1   5   2   4     4     1  -3.3538
   4   4   4   4     4     1  -0.0603
   1   4   1   5     4     1  -1.3426
   1   5   1   5     4     1  -4.8759
   4   4   4   5     4     1  -1.3744
   4   5   4   5     4     1  -0.6236
   1   4   1   4     5     1   0.0000
