      1      4      1      4          10           0  0.263028758911096     
      1      4      1      4           8           0  -2.04804510714286     
      1      4      1      4           6           0   2.59530400858817     
      1      4      1      4           4           0  -6.25428422538766     
      1      4      1      4           2           0   5.22440090945535     
      1      4      1      4           0           0  -10.1971505000000     
      1      4      1      5           8           0  -5.17164335829718     
      1      4      1      5           6           0  0.327153830570652     
      1      4      1      5           4           0  -4.69435614365857     
      1      4      1      5           2           0  -1.09211914710949     
      1      4      1      6           6           0  0.572868030630985     
      1      4      1      6           4           0  -3.80638220992289     
      1      4      2      4           8           0  -5.00328947321289     
      1      4      2      4           6           0  0.254748744328868     
      1      4      2      4           4           0  -4.59619784679213     
      1      4      2      4           2           0 -0.989763510263606     
      1      4      2      5           8           0  -5.10650169532536     
      1      4      2      5           6           0 -0.273750306752618     
      1      4      2      5           4           0  -1.19975547157088     
      1      4      2      5           2           0 -0.986388815160029     
      1      4      2      6           6           0  0.953353652197049     
      1      4      2      6           4           0  -1.22888109026323     
      1      4      3      4           6           0  0.511918528308084     
      1      4      3      4           4           0  -3.57189483955385     
      1      4      3      5           6           0  0.916328746881448     
      1      4      3      5           4           0  -1.07492145048588     
      1      4      3      6           6           0  1.084785832953439E-002
      1      4      3      6           4           0  -2.04052339643084     
      1      5      1      4           8           0   5.17164335829718     
      1      5      1      4           6           0 -0.327153830570652     
      1      5      1      4           4           0   4.69435614365857     
      1      5      1      4           2           0   1.09211914710949     
      1      5      1      5           6           0   1.43354153662835     
      1      5      1      5           4           0  -4.59437242114935     
      1      5      1      5           2           0  5.399200743920574E-002
      1      5      1      5           0           0  -9.78595361365504     
      1      5      1      6           4           0   2.04568596029979     
      1      5      1      6           2           0 -0.359385346090145     
      1      5      2      4           8           0   8.08931858035714     
      1      5      2      4           6           0  -2.53630753557101     
      1      5      2      4           4           0   1.69878559580997     
      1      5      2      4           2           0  -4.24996407024121     
      1      5      2      5           6           0   2.03167121085601     
      1      5      2      5           4           0  -3.19013915829285     
      1      5      2      5           2           0   2.67699834622165     
      1      5      2      6           4           0   2.13049168409632     
      1      5      2      6           2           0   1.32283082384529     
      1      5      3      4           6           0  0.897817498943755     
      1      5      3      4           4           0   2.35484726463971     
      1      5      3      5           6           0  -1.25498246450865     
      1      5      3      5           4           0  -3.03560612506260     
      1      5      3      6           4           0   3.11956358360484     
      1      6      1      4           6           0  0.572868030630984     
      1      6      1      4           4           0  -3.80638220992289     
      1      6      1      5           4           0  -2.04568596029979     
      1      6      1      5           2           0  0.359385346090144     
      1      6      1      6           2           0   1.60274947885553     
      1      6      1      6           0           0  -4.15004454175872     
      1      6      2      4           6           0 -0.926877426273327     
      1      6      2      4           4           0  -2.46346488469558     
      1      6      2      5           4           0 -0.880595638887045     
      1      6      2      5           2           0 -0.111595866586166     
      1      6      2      6           2           0  -1.21679328507814     
      1      6      3      4           6           0  0.457258364233740     
      1      6      3      4           4           0  -5.17494311432865     
      1      6      3      5           4           0  -4.00009306067746     
      2      4      1      4           8           0   5.00328947321289     
      2      4      1      4           6           0 -0.254748744328869     
      2      4      1      4           4           0   4.59619784679213     
      2      4      1      4           2           0  0.989763510263607     
      2      4      1      5           8           0   8.08931858035714     
      2      4      1      5           6           0  -2.53630753557101     
      2      4      1      5           4           0   1.69878559580997     
      2      4      1      5           2           0  -4.24996407024121     
      2      4      1      6           6           0  0.926877426273327     
      2      4      1      6           4           0   2.46346488469558     
      2      4      2      4           6           0   1.48149439957107     
      2      4      2      4           4           0  -4.27534466111953     
      2      4      2      4           2           0  0.165024501020809     
      2      4      2      4           0           0  -8.66220120435840     
      2      4      2      5           6           0   1.88343142335449     
      2      4      2      5           4           0  -2.96553312429624     
      2      4      2      5           2           0   2.51309884120008     
      2      4      2      6           6           0  -1.13691270272685     
      2      4      2      6           4           0  -2.99351144396699     
      2      4      3      4           4           0   1.74426216255410     
      2      4      3      4           2           0 -0.298461734277325     
      2      4      3      5           4           0   1.95013786969455     
      2      4      3      5           2           0   1.29362902580587     
      2      4      3      6           4           0   2.92986285047500     
      2      5      1      4           8           0  -5.10650169532536     
      2      5      1      4           6           0 -0.273750306752618     
      2      5      1      4           4           0  -1.19975547157088     
      2      5      1      4           2           0 -0.986388815160029     
      2      5      1      5           6           0  -2.03167121085601     
      2      5      1      5           4           0   3.19013915829285     
      2      5      1      5           2           0  -2.67699834622165     
      2      5      1      6           4           0 -0.880595638887045     
      2      5      1      6           2           0 -0.111595866586166     
      2      5      2      4           6           0  -1.88343142335449     
      2      5      2      4           4           0   2.96553312429624     
      2      5      2      4           2           0  -2.51309884120007     
      2      5      2      5           6           0 -0.204228983177780     
      2      5      2      5           4           0  -2.06948292563724     
      2      5      2      5           2           0   4.67146694810697     
      2      5      2      5           0           0  -4.73869850000000     
      2      5      2      6           4           0   1.25781534046995     
      2      5      2      6           2           0  0.312293391671945     
      2      5      3      4           4           0 -0.772369038738520     
      2      5      3      4           2           0  5.386994330455214E-002
      2      5      3      5           4           0   1.21549226112049     
      2      5      3      5           2           0  0.326255327439571     
      2      5      3      6           4           0 -0.576041606359476     
      2      5      3      6           2           0 -0.944360148352203     
      2      6      1      4           6           0 -0.953353652197049     
      2      6      1      4           4           0   1.22888109026323     
      2      6      1      5           4           0   2.13049168409632     
      2      6      1      5           2           0   1.32283082384529     
      2      6      1      6           2           0   1.21679328507814     
      2      6      2      4           6           0  -1.13691270272685     
      2      6      2      4           4           0  -2.99351144396699     
      2      6      2      5           4           0  -1.25781534046995     
      2      6      2      5           2           0 -0.312293391671945     
      2      6      2      6           2           0  -1.05545794504647     
      2      6      2      6           0           0  -3.01600434579537     
      2      6      3      4           4           0   3.84135012281880     
      2      6      3      5           4           0   3.33829715827622     
      2      6      3      5           2           0 -0.673659294462469     
      2      6      3      6           2           0  -1.09618340224161     
      3      4      1      4           6           0  0.511918528308083     
      3      4      1      4           4           0  -3.57189483955385     
      3      4      1      5           6           0 -0.897817498943755     
      3      4      1      5           4           0  -2.35484726463971     
      3      4      1      6           6           0  0.457258364233740     
      3      4      1      6           4           0  -5.17494311432865     
      3      4      2      4           4           0  -1.74426216255410     
      3      4      2      4           2           0  0.298461734277324     
      3      4      2      5           4           0 -0.772369038738520     
      3      4      2      5           2           0  5.386994330455208E-002
      3      4      2      6           4           0  -3.84135012281880     
      3      4      3      4           2           0   1.43328626100065     
      3      4      3      4           0           0  -3.54034634734937     
      3      4      3      5           2           0  -1.19059104051780     
      3      5      1      4           6           0 -0.916328746881448     
      3      5      1      4           4           0   1.07492145048588     
      3      5      1      5           6           0  -1.25498246450865     
      3      5      1      5           4           0  -3.03560612506260     
      3      5      1      6           4           0   4.00009306067746     
      3      5      2      4           4           0   1.95013786969455     
      3      5      2      4           2           0   1.29362902580587     
      3      5      2      5           4           0  -1.21549226112049     
      3      5      2      5           2           0 -0.326255327439571     
      3      5      2      6           4           0   3.33829715827622     
      3      5      2      6           2           0 -0.673659294462469     
      3      5      3      4           2           0   1.19059104051780     
      3      5      3      5           2           0  -1.00787317855682     
      3      5      3      5           0           0  -2.87503659855819     
      3      5      3      6           2           0  -1.08544116497464     
      3      6      1      4           6           0  1.084785832953461E-002
      3      6      1      4           4           0  -2.04052339643084     
      3      6      1      5           4           0  -3.11956358360484     
      3      6      2      4           4           0  -2.92986285047500     
      3      6      2      5           4           0 -0.576041606359476     
      3      6      2      5           2           0 -0.944360148352203     
      3      6      2      6           2           0   1.09618340224161     
      3      6      3      5           2           0   1.08544116497464     
      3      6      3      6           2           0   1.22065328035472     
      3      6      3      6           0           0  -4.44569950000000     
      4      1      4      1          10           0  0.263028758911096     
      4      1      4      1           8           0  -2.04804510714286     
      4      1      4      1           6           0   2.59530400858817     
      4      1      4      1           4           0  -6.25428422538766     
      4      1      4      1           2           0   5.22440090945535     
      4      1      4      1           0           0  -10.1971505000000     
      4      1      4      2           8           0  -5.00328947321289     
      4      1      4      2           6           0  0.254748744328869     
      4      1      4      2           4           0  -4.59619784679213     
      4      1      4      2           2           0 -0.989763510263606     
      4      1      4      3           6           0  0.511918528308084     
      4      1      4      3           4           0  -3.57189483955385     
      4      1      5      1           8           0  -5.17164335829718     
      4      1      5      1           6           0  0.327153830570652     
      4      1      5      1           4           0  -4.69435614365857     
      4      1      5      1           2           0  -1.09211914710949     
      4      1      5      2           8           0  -5.10650169532536     
      4      1      5      2           6           0 -0.273750306752618     
      4      1      5      2           4           0  -1.19975547157088     
      4      1      5      2           2           0 -0.986388815160029     
      4      1      5      3           6           0  0.916328746881448     
      4      1      5      3           4           0  -1.07492145048588     
      4      1      6      1           6           0  0.572868030630985     
      4      1      6      1           4           0  -3.80638220992289     
      4      1      6      2           6           0  0.953353652197049     
      4      1      6      2           4           0  -1.22888109026323     
      4      1      6      3           6           0  1.084785832953439E-002
      4      1      6      3           4           0  -2.04052339643084     
      4      2      4      1           8           0   5.00328947321289     
      4      2      4      1           6           0 -0.254748744328869     
      4      2      4      1           4           0   4.59619784679213     
      4      2      4      1           2           0  0.989763510263607     
      4      2      4      2           6           0   1.48149439957107     
      4      2      4      2           4           0  -4.27534466111953     
      4      2      4      2           2           0  0.165024501020810     
      4      2      4      2           0           0  -8.66220120435840     
      4      2      4      3           4           0   1.74426216255410     
      4      2      4      3           2           0 -0.298461734277325     
      4      2      5      1           8           0   8.08931858035714     
      4      2      5      1           6           0  -2.53630753557101     
      4      2      5      1           4           0   1.69878559580997     
      4      2      5      1           2           0  -4.24996407024121     
      4      2      5      2           6           0   1.88343142335449     
      4      2      5      2           4           0  -2.96553312429624     
      4      2      5      2           2           0   2.51309884120008     
      4      2      5      3           4           0   1.95013786969455     
      4      2      5      3           2           0   1.29362902580587     
      4      2      6      1           6           0  0.926877426273327     
      4      2      6      1           4           0   2.46346488469558     
      4      2      6      2           6           0  -1.13691270272685     
      4      2      6      2           4           0  -2.99351144396699     
      4      2      6      3           4           0   2.92986285047500     
      4      3      4      1           6           0  0.511918528308083     
      4      3      4      1           4           0  -3.57189483955385     
      4      3      4      2           4           0  -1.74426216255410     
      4      3      4      2           2           0  0.298461734277324     
      4      3      4      3           2           0   1.43328626100065     
      4      3      4      3           0           0  -3.54034634734937     
      4      3      5      1           6           0 -0.897817498943755     
      4      3      5      1           4           0  -2.35484726463971     
      4      3      5      2           4           0 -0.772369038738520     
      4      3      5      2           2           0  5.386994330455208E-002
      4      3      5      3           2           0  -1.19059104051780     
      4      3      6      1           6           0  0.457258364233740     
      4      3      6      1           4           0  -5.17494311432865     
      4      3      6      2           4           0  -3.84135012281880     
      5      1      4      1           8           0   5.17164335829718     
      5      1      4      1           6           0 -0.327153830570653     
      5      1      4      1           4           0   4.69435614365857     
      5      1      4      1           2           0   1.09211914710949     
      5      1      4      2           8           0   8.08931858035714     
      5      1      4      2           6           0  -2.53630753557101     
      5      1      4      2           4           0   1.69878559580997     
      5      1      4      2           2           0  -4.24996407024121     
      5      1      4      3           6           0  0.897817498943755     
      5      1      4      3           4           0   2.35484726463971     
      5      1      5      1           6           0   1.43354153662835     
      5      1      5      1           4           0  -4.59437242114935     
      5      1      5      1           2           0  5.399200743920485E-002
      5      1      5      1           0           0  -9.78595361365504     
      5      1      5      2           6           0   2.03167121085601     
      5      1      5      2           4           0  -3.19013915829285     
      5      1      5      2           2           0   2.67699834622165     
      5      1      5      3           6           0  -1.25498246450865     
      5      1      5      3           4           0  -3.03560612506260     
      5      1      6      1           4           0   2.04568596029979     
      5      1      6      1           2           0 -0.359385346090145     
      5      1      6      2           4           0   2.13049168409632     
      5      1      6      2           2           0   1.32283082384529     
      5      1      6      3           4           0   3.11956358360484     
      5      2      4      1           8           0  -5.10650169532536     
      5      2      4      1           6           0 -0.273750306752618     
      5      2      4      1           4           0  -1.19975547157088     
      5      2      4      1           2           0 -0.986388815160029     
      5      2      4      2           6           0  -1.88343142335449     
      5      2      4      2           4           0   2.96553312429624     
      5      2      4      2           2           0  -2.51309884120007     
      5      2      4      3           4           0 -0.772369038738520     
      5      2      4      3           2           0  5.386994330455214E-002
      5      2      5      1           6           0  -2.03167121085601     
      5      2      5      1           4           0   3.19013915829285     
      5      2      5      1           2           0  -2.67699834622165     
      5      2      5      2           6           0 -0.204228983177780     
      5      2      5      2           4           0  -2.06948292563724     
      5      2      5      2           2           0   4.67146694810697     
      5      2      5      2           0           0  -4.73869850000000     
      5      2      5      3           4           0   1.21549226112049     
      5      2      5      3           2           0  0.326255327439571     
      5      2      6      1           4           0 -0.880595638887045     
      5      2      6      1           2           0 -0.111595866586166     
      5      2      6      2           4           0   1.25781534046995     
      5      2      6      2           2           0  0.312293391671945     
      5      2      6      3           4           0 -0.576041606359476     
      5      2      6      3           2           0 -0.944360148352203     
      5      3      4      1           6           0 -0.916328746881448     
      5      3      4      1           4           0   1.07492145048588     
      5      3      4      2           4           0   1.95013786969455     
      5      3      4      2           2           0   1.29362902580587     
      5      3      4      3           2           0   1.19059104051780     
      5      3      5      1           6           0  -1.25498246450865     
      5      3      5      1           4           0  -3.03560612506260     
      5      3      5      2           4           0  -1.21549226112049     
      5      3      5      2           2           0 -0.326255327439571     
      5      3      5      3           2           0  -1.00787317855682     
      5      3      5      3           0           0  -2.87503659855819     
      5      3      6      1           4           0   4.00009306067746     
      5      3      6      2           4           0   3.33829715827622     
      5      3      6      2           2           0 -0.673659294462469     
      5      3      6      3           2           0  -1.08544116497464     
      6      1      4      1           6           0  0.572868030630984     
      6      1      4      1           4           0  -3.80638220992289     
      6      1      4      2           6           0 -0.926877426273327     
      6      1      4      2           4           0  -2.46346488469558     
      6      1      4      3           6           0  0.457258364233740     
      6      1      4      3           4           0  -5.17494311432865     
      6      1      5      1           4           0  -2.04568596029979     
      6      1      5      1           2           0  0.359385346090144     
      6      1      5      2           4           0 -0.880595638887045     
      6      1      5      2           2           0 -0.111595866586166     
      6      1      5      3           4           0  -4.00009306067746     
      6      1      6      1           2           0   1.60274947885553     
      6      1      6      1           0           0  -4.15004454175872     
      6      1      6      2           2           0  -1.21679328507814     
      6      2      4      1           6           0 -0.953353652197049     
      6      2      4      1           4           0   1.22888109026323     
      6      2      4      2           6           0  -1.13691270272685     
      6      2      4      2           4           0  -2.99351144396699     
      6      2      4      3           4           0   3.84135012281880     
      6      2      5      1           4           0   2.13049168409632     
      6      2      5      1           2           0   1.32283082384529     
      6      2      5      2           4           0  -1.25781534046995     
      6      2      5      2           2           0 -0.312293391671945     
      6      2      5      3           4           0   3.33829715827622     
      6      2      5      3           2           0 -0.673659294462469     
      6      2      6      1           2           0   1.21679328507814     
      6      2      6      2           2           0  -1.05545794504647     
      6      2      6      2           0           0  -3.01600434579537     
      6      2      6      3           2           0  -1.09618340224161     
      6      3      4      1           6           0  1.084785832953461E-002
      6      3      4      1           4           0  -2.04052339643084     
      6      3      4      2           4           0  -2.92986285047500     
      6      3      5      1           4           0  -3.11956358360484     
      6      3      5      2           4           0 -0.576041606359476     
      6      3      5      2           2           0 -0.944360148352203     
      6      3      5      3           2           0   1.08544116497464     
      6      3      6      2           2           0   1.09618340224161     
      6      3      6      3           2           0   1.22065328035472     
      6      3      6      3           0           0  -4.44569950000000     
         336          10
   1   1   4   4   0   0   0   0-10.1972   1   1
   1   1   4   4   2   0   0   0  5.2244   1   1
   1   1   4   4   4   0   0   0 -6.2543   1   1
   1   1   4   4   6   0   0   0  2.5953   1   1
   1   1   4   4   8   0   0   0 -2.0480   1   1
   1   1   4   4  10   0   0   0  0.2630   1   1
   1   1   4   5   2   0   0   0 -1.0921   1   1
   1   1   4   5   4   0   0   0 -4.6944   1   1
   1   1   4   5   6   0   0   0  0.3272   1   1
   1   1   4   5   8   0   0   0 -5.1716   1   1
   1   1   4   6   4   0   0   0 -3.8064   1   1
   1   1   4   6   6   0   0   0  0.5729   1   1
   1   1   5   4   2   0   0   0  1.0921   1   1
   1   1   5   4   4   0   0   0  4.6944   1   1
   1   1   5   4   6   0   0   0 -0.3272   1   1
   1   1   5   4   8   0   0   0  5.1716   1   1
   1   1   5   5   0   0   0   0 -9.7860   1   1
   1   1   5   5   2   0   0   0  0.0540   1   1
   1   1   5   5   4   0   0   0 -4.5944   1   1
   1   1   5   5   6   0   0   0  1.4335   1   1
   1   1   5   6   2   0   0   0 -0.3594   1   1
   1   1   5   6   4   0   0   0  2.0457   1   1
   1   1   6   4   4   0   0   0 -3.8064   1   1
   1   1   6   4   6   0   0   0  0.5729   1   1
   1   1   6   5   2   0   0   0  0.3594   1   1
   1   1   6   5   4   0   0   0 -2.0457   1   1
   1   1   6   6   0   0   0   0 -4.1500   1   1
   1   1   6   6   2   0   0   0  1.6027   1   1
   1   2   4   4   2   0   0   0 -0.9898   1   1
   1   2   4   4   4   0   0   0 -4.5962   1   1
   1   2   4   4   6   0   0   0  0.2547   1   1
   1   2   4   4   8   0   0   0 -5.0033   1   1
   1   2   4   5   2   0   0   0 -0.9864   1   1
   1   2   4   5   4   0   0   0 -1.1998   1   1
   1   2   4   5   6   0   0   0 -0.2738   1   1
   1   2   4   5   8   0   0   0 -5.1065   1   1
   1   2   4   6   4   0   0   0 -1.2289   1   1
   1   2   4   6   6   0   0   0  0.9534   1   1
   1   2   5   4   2   0   0   0 -4.2500   1   1
   1   2   5   4   4   0   0   0  1.6988   1   1
   1   2   5   4   6   0   0   0 -2.5363   1   1
   1   2   5   4   8   0   0   0  8.0893   1   1
   1   2   5   5   2   0   0   0  2.6770   1   1
   1   2   5   5   4   0   0   0 -3.1901   1   1
   1   2   5   5   6   0   0   0  2.0317   1   1
   1   2   5   6   2   0   0   0  1.3228   1   1
   1   2   5   6   4   0   0   0  2.1305   1   1
   1   2   6   4   4   0   0   0 -2.4635   1   1
   1   2   6   4   6   0   0   0 -0.9269   1   1
   1   2   6   5   2   0   0   0 -0.1116   1   1
   1   2   6   5   4   0   0   0 -0.8806   1   1
   1   2   6   6   2   0   0   0 -1.2168   1   1
   1   3   4   4   4   0   0   0 -3.5719   1   1
   1   3   4   4   6   0   0   0  0.5119   1   1
   1   3   4   5   4   0   0   0 -1.0749   1   1
   1   3   4   5   6   0   0   0  0.9163   1   1
   1   3   4   6   4   0   0   0 -2.0405   1   1
   1   3   4   6   6   0   0   0  0.0108   1   1
   1   3   5   4   4   0   0   0  2.3548   1   1
   1   3   5   4   6   0   0   0  0.8978   1   1
   1   3   5   5   4   0   0   0 -3.0356   1   1
   1   3   5   5   6   0   0   0 -1.2550   1   1
   1   3   5   6   4   0   0   0  3.1196   1   1
   1   3   6   4   4   0   0   0 -5.1749   1   1
   1   3   6   4   6   0   0   0  0.4573   1   1
   1   3   6   5   4   0   0   0 -4.0001   1   1
   2   1   4   4   2   0   0   0  0.9898   1   1
   2   1   4   4   4   0   0   0  4.5962   1   1
   2   1   4   4   6   0   0   0 -0.2547   1   1
   2   1   4   4   8   0   0   0  5.0033   1   1
   2   1   4   5   2   0   0   0 -4.2500   1   1
   2   1   4   5   4   0   0   0  1.6988   1   1
   2   1   4   5   6   0   0   0 -2.5363   1   1
   2   1   4   5   8   0   0   0  8.0893   1   1
   2   1   4   6   4   0   0   0  2.4635   1   1
   2   1   4   6   6   0   0   0  0.9269   1   1
   2   1   5   4   2   0   0   0 -0.9864   1   1
   2   1   5   4   4   0   0   0 -1.1998   1   1
   2   1   5   4   6   0   0   0 -0.2738   1   1
   2   1   5   4   8   0   0   0 -5.1065   1   1
   2   1   5   5   2   0   0   0 -2.6770   1   1
   2   1   5   5   4   0   0   0  3.1901   1   1
   2   1   5   5   6   0   0   0 -2.0317   1   1
   2   1   5   6   2   0   0   0 -0.1116   1   1
   2   1   5   6   4   0   0   0 -0.8806   1   1
   2   1   6   4   4   0   0   0  1.2289   1   1
   2   1   6   4   6   0   0   0 -0.9534   1   1
   2   1   6   5   2   0   0   0  1.3228   1   1
   2   1   6   5   4   0   0   0  2.1305   1   1
   2   1   6   6   2   0   0   0  1.2168   1   1
   2   2   4   4   0   0   0   0 -8.6622   1   1
   2   2   4   4   2   0   0   0  0.1650   1   1
   2   2   4   4   4   0   0   0 -4.2753   1   1
   2   2   4   4   6   0   0   0  1.4815   1   1
   2   2   4   5   2   0   0   0  2.5131   1   1
   2   2   4   5   4   0   0   0 -2.9655   1   1
   2   2   4   5   6   0   0   0  1.8834   1   1
   2   2   4   6   4   0   0   0 -2.9935   1   1
   2   2   4   6   6   0   0   0 -1.1369   1   1
   2   2   5   4   2   0   0   0 -2.5131   1   1
   2   2   5   4   4   0   0   0  2.9655   1   1
   2   2   5   4   6   0   0   0 -1.8834   1   1
   2   2   5   5   0   0   0   0 -4.7387   1   1
   2   2   5   5   2   0   0   0  4.6715   1   1
   2   2   5   5   4   0   0   0 -2.0695   1   1
   2   2   5   5   6   0   0   0 -0.2042   1   1
   2   2   5   6   2   0   0   0  0.3123   1   1
   2   2   5   6   4   0   0   0  1.2578   1   1
   2   2   6   4   4   0   0   0 -2.9935   1   1
   2   2   6   4   6   0   0   0 -1.1369   1   1
   2   2   6   5   2   0   0   0 -0.3123   1   1
   2   2   6   5   4   0   0   0 -1.2578   1   1
   2   2   6   6   0   0   0   0 -3.0160   1   1
   2   2   6   6   2   0   0   0 -1.0555   1   1
   2   3   4   4   2   0   0   0 -0.2985   1   1
   2   3   4   4   4   0   0   0  1.7443   1   1
   2   3   4   5   2   0   0   0  1.2936   1   1
   2   3   4   5   4   0   0   0  1.9501   1   1
   2   3   4   6   4   0   0   0  2.9299   1   1
   2   3   5   4   2   0   0   0  0.0539   1   1
   2   3   5   4   4   0   0   0 -0.7724   1   1
   2   3   5   5   2   0   0   0  0.3263   1   1
   2   3   5   5   4   0   0   0  1.2155   1   1
   2   3   5   6   2   0   0   0 -0.9444   1   1
   2   3   5   6   4   0   0   0 -0.5760   1   1
   2   3   6   4   4   0   0   0  3.8414   1   1
   2   3   6   5   2   0   0   0 -0.6737   1   1
   2   3   6   5   4   0   0   0  3.3383   1   1
   2   3   6   6   2   0   0   0 -1.0962   1   1
   3   1   4   4   4   0   0   0 -3.5719   1   1
   3   1   4   4   6   0   0   0  0.5119   1   1
   3   1   4   5   4   0   0   0 -2.3548   1   1
   3   1   4   5   6   0   0   0 -0.8978   1   1
   3   1   4   6   4   0   0   0 -5.1749   1   1
   3   1   4   6   6   0   0   0  0.4573   1   1
   3   1   5   4   4   0   0   0  1.0749   1   1
   3   1   5   4   6   0   0   0 -0.9163   1   1
   3   1   5   5   4   0   0   0 -3.0356   1   1
   3   1   5   5   6   0   0   0 -1.2550   1   1
   3   1   5   6   4   0   0   0  4.0001   1   1
   3   1   6   4   4   0   0   0 -2.0405   1   1
   3   1   6   4   6   0   0   0  0.0108   1   1
   3   1   6   5   4   0   0   0 -3.1196   1   1
   3   2   4   4   2   0   0   0  0.2985   1   1
   3   2   4   4   4   0   0   0 -1.7443   1   1
   3   2   4   5   2   0   0   0  0.0539   1   1
   3   2   4   5   4   0   0   0 -0.7724   1   1
   3   2   4   6   4   0   0   0 -3.8414   1   1
   3   2   5   4   2   0   0   0  1.2936   1   1
   3   2   5   4   4   0   0   0  1.9501   1   1
   3   2   5   5   2   0   0   0 -0.3263   1   1
   3   2   5   5   4   0   0   0 -1.2155   1   1
   3   2   5   6   2   0   0   0 -0.6737   1   1
   3   2   5   6   4   0   0   0  3.3383   1   1
   3   2   6   4   4   0   0   0 -2.9299   1   1
   3   2   6   5   2   0   0   0 -0.9444   1   1
   3   2   6   5   4   0   0   0 -0.5760   1   1
   3   2   6   6   2   0   0   0  1.0962   1   1
   3   3   4   4   0   0   0   0 -3.5403   1   1
   3   3   4   4   2   0   0   0  1.4333   1   1
   3   3   4   5   2   0   0   0 -1.1906   1   1
   3   3   5   4   2   0   0   0  1.1906   1   1
   3   3   5   5   0   0   0   0 -2.8750   1   1
   3   3   5   5   2   0   0   0 -1.0079   1   1
   3   3   5   6   2   0   0   0 -1.0854   1   1
   3   3   6   5   2   0   0   0  1.0854   1   1
   3   3   6   6   0   0   0   0 -4.4457   1   1
   3   3   6   6   2   0   0   0  1.2207   1   1
   4   4   1   1   0   0   0   0-10.1972   1   1
   4   4   1   1   2   0   0   0  5.2244   1   1
   4   4   1   1   4   0   0   0 -6.2543   1   1
   4   4   1   1   6   0   0   0  2.5953   1   1
   4   4   1   1   8   0   0   0 -2.0480   1   1
   4   4   1   1  10   0   0   0  0.2630   1   1
   4   4   1   2   2   0   0   0 -0.9898   1   1
   4   4   1   2   4   0   0   0 -4.5962   1   1
   4   4   1   2   6   0   0   0  0.2547   1   1
   4   4   1   2   8   0   0   0 -5.0033   1   1
   4   4   1   3   4   0   0   0 -3.5719   1   1
   4   4   1   3   6   0   0   0  0.5119   1   1
   4   4   2   1   2   0   0   0  0.9898   1   1
   4   4   2   1   4   0   0   0  4.5962   1   1
   4   4   2   1   6   0   0   0 -0.2547   1   1
   4   4   2   1   8   0   0   0  5.0033   1   1
   4   4   2   2   0   0   0   0 -8.6622   1   1
   4   4   2   2   2   0   0   0  0.1650   1   1
   4   4   2   2   4   0   0   0 -4.2753   1   1
   4   4   2   2   6   0   0   0  1.4815   1   1
   4   4   2   3   2   0   0   0 -0.2985   1   1
   4   4   2   3   4   0   0   0  1.7443   1   1
   4   4   3   1   4   0   0   0 -3.5719   1   1
   4   4   3   1   6   0   0   0  0.5119   1   1
   4   4   3   2   2   0   0   0  0.2985   1   1
   4   4   3   2   4   0   0   0 -1.7443   1   1
   4   4   3   3   0   0   0   0 -3.5403   1   1
   4   4   3   3   2   0   0   0  1.4333   1   1
   4   5   1   1   2   0   0   0 -1.0921   1   1
   4   5   1   1   4   0   0   0 -4.6944   1   1
   4   5   1   1   6   0   0   0  0.3272   1   1
   4   5   1   1   8   0   0   0 -5.1716   1   1
   4   5   1   2   2   0   0   0 -0.9864   1   1
   4   5   1   2   4   0   0   0 -1.1998   1   1
   4   5   1   2   6   0   0   0 -0.2738   1   1
   4   5   1   2   8   0   0   0 -5.1065   1   1
   4   5   1   3   4   0   0   0 -1.0749   1   1
   4   5   1   3   6   0   0   0  0.9163   1   1
   4   5   2   1   2   0   0   0 -4.2500   1   1
   4   5   2   1   4   0   0   0  1.6988   1   1
   4   5   2   1   6   0   0   0 -2.5363   1   1
   4   5   2   1   8   0   0   0  8.0893   1   1
   4   5   2   2   2   0   0   0  2.5131   1   1
   4   5   2   2   4   0   0   0 -2.9655   1   1
   4   5   2   2   6   0   0   0  1.8834   1   1
   4   5   2   3   2   0   0   0  1.2936   1   1
   4   5   2   3   4   0   0   0  1.9501   1   1
   4   5   3   1   4   0   0   0 -2.3548   1   1
   4   5   3   1   6   0   0   0 -0.8978   1   1
   4   5   3   2   2   0   0   0  0.0539   1   1
   4   5   3   2   4   0   0   0 -0.7724   1   1
   4   5   3   3   2   0   0   0 -1.1906   1   1
   4   6   1   1   4   0   0   0 -3.8064   1   1
   4   6   1   1   6   0   0   0  0.5729   1   1
   4   6   1   2   4   0   0   0 -1.2289   1   1
   4   6   1   2   6   0   0   0  0.9534   1   1
   4   6   1   3   4   0   0   0 -2.0405   1   1
   4   6   1   3   6   0   0   0  0.0108   1   1
   4   6   2   1   4   0   0   0  2.4635   1   1
   4   6   2   1   6   0   0   0  0.9269   1   1
   4   6   2   2   4   0   0   0 -2.9935   1   1
   4   6   2   2   6   0   0   0 -1.1369   1   1
   4   6   2   3   4   0   0   0  2.9299   1   1
   4   6   3   1   4   0   0   0 -5.1749   1   1
   4   6   3   1   6   0   0   0  0.4573   1   1
   4   6   3   2   4   0   0   0 -3.8414   1   1
   5   4   1   1   2   0   0   0  1.0921   1   1
   5   4   1   1   4   0   0   0  4.6944   1   1
   5   4   1   1   6   0   0   0 -0.3272   1   1
   5   4   1   1   8   0   0   0  5.1716   1   1
   5   4   1   2   2   0   0   0 -4.2500   1   1
   5   4   1   2   4   0   0   0  1.6988   1   1
   5   4   1   2   6   0   0   0 -2.5363   1   1
   5   4   1   2   8   0   0   0  8.0893   1   1
   5   4   1   3   4   0   0   0  2.3548   1   1
   5   4   1   3   6   0   0   0  0.8978   1   1
   5   4   2   1   2   0   0   0 -0.9864   1   1
   5   4   2   1   4   0   0   0 -1.1998   1   1
   5   4   2   1   6   0   0   0 -0.2738   1   1
   5   4   2   1   8   0   0   0 -5.1065   1   1
   5   4   2   2   2   0   0   0 -2.5131   1   1
   5   4   2   2   4   0   0   0  2.9655   1   1
   5   4   2   2   6   0   0   0 -1.8834   1   1
   5   4   2   3   2   0   0   0  0.0539   1   1
   5   4   2   3   4   0   0   0 -0.7724   1   1
   5   4   3   1   4   0   0   0  1.0749   1   1
   5   4   3   1   6   0   0   0 -0.9163   1   1
   5   4   3   2   2   0   0   0  1.2936   1   1
   5   4   3   2   4   0   0   0  1.9501   1   1
   5   4   3   3   2   0   0   0  1.1906   1   1
   5   5   1   1   0   0   0   0 -9.7860   1   1
   5   5   1   1   2   0   0   0  0.0540   1   1
   5   5   1   1   4   0   0   0 -4.5944   1   1
   5   5   1   1   6   0   0   0  1.4335   1   1
   5   5   1   2   2   0   0   0  2.6770   1   1
   5   5   1   2   4   0   0   0 -3.1901   1   1
   5   5   1   2   6   0   0   0  2.0317   1   1
   5   5   1   3   4   0   0   0 -3.0356   1   1
   5   5   1   3   6   0   0   0 -1.2550   1   1
   5   5   2   1   2   0   0   0 -2.6770   1   1
   5   5   2   1   4   0   0   0  3.1901   1   1
   5   5   2   1   6   0   0   0 -2.0317   1   1
   5   5   2   2   0   0   0   0 -4.7387   1   1
   5   5   2   2   2   0   0   0  4.6715   1   1
   5   5   2   2   4   0   0   0 -2.0695   1   1
   5   5   2   2   6   0   0   0 -0.2042   1   1
   5   5   2   3   2   0   0   0  0.3263   1   1
   5   5   2   3   4   0   0   0  1.2155   1   1
   5   5   3   1   4   0   0   0 -3.0356   1   1
   5   5   3   1   6   0   0   0 -1.2550   1   1
   5   5   3   2   2   0   0   0 -0.3263   1   1
   5   5   3   2   4   0   0   0 -1.2155   1   1
   5   5   3   3   0   0   0   0 -2.8750   1   1
   5   5   3   3   2   0   0   0 -1.0079   1   1
   5   6   1   1   2   0   0   0 -0.3594   1   1
   5   6   1   1   4   0   0   0  2.0457   1   1
   5   6   1   2   2   0   0   0  1.3228   1   1
   5   6   1   2   4   0   0   0  2.1305   1   1
   5   6   1   3   4   0   0   0  3.1196   1   1
   5   6   2   1   2   0   0   0 -0.1116   1   1
   5   6   2   1   4   0   0   0 -0.8806   1   1
   5   6   2   2   2   0   0   0  0.3123   1   1
   5   6   2   2   4   0   0   0  1.2578   1   1
   5   6   2   3   2   0   0   0 -0.9444   1   1
   5   6   2   3   4   0   0   0 -0.5760   1   1
   5   6   3   1   4   0   0   0  4.0001   1   1
   5   6   3   2   2   0   0   0 -0.6737   1   1
   5   6   3   2   4   0   0   0  3.3383   1   1
   5   6   3   3   2   0   0   0 -1.0854   1   1
   6   4   1   1   4   0   0   0 -3.8064   1   1
   6   4   1   1   6   0   0   0  0.5729   1   1
   6   4   1   2   4   0   0   0 -2.4635   1   1
   6   4   1   2   6   0   0   0 -0.9269   1   1
   6   4   1   3   4   0   0   0 -5.1749   1   1
   6   4   1   3   6   0   0   0  0.4573   1   1
   6   4   2   1   4   0   0   0  1.2289   1   1
   6   4   2   1   6   0   0   0 -0.9534   1   1
   6   4   2   2   4   0   0   0 -2.9935   1   1
   6   4   2   2   6   0   0   0 -1.1369   1   1
   6   4   2   3   4   0   0   0  3.8414   1   1
   6   4   3   1   4   0   0   0 -2.0405   1   1
   6   4   3   1   6   0   0   0  0.0108   1   1
   6   4   3   2   4   0   0   0 -2.9299   1   1
   6   5   1   1   2   0   0   0  0.3594   1   1
   6   5   1   1   4   0   0   0 -2.0457   1   1
   6   5   1   2   2   0   0   0 -0.1116   1   1
   6   5   1   2   4   0   0   0 -0.8806   1   1
   6   5   1   3   4   0   0   0 -4.0001   1   1
   6   5   2   1   2   0   0   0  1.3228   1   1
   6   5   2   1   4   0   0   0  2.1305   1   1
   6   5   2   2   2   0   0   0 -0.3123   1   1
   6   5   2   2   4   0   0   0 -1.2578   1   1
   6   5   2   3   2   0   0   0 -0.6737   1   1
   6   5   2   3   4   0   0   0  3.3383   1   1
   6   5   3   1   4   0   0   0 -3.1196   1   1
   6   5   3   2   2   0   0   0 -0.9444   1   1
   6   5   3   2   4   0   0   0 -0.5760   1   1
   6   5   3   3   2   0   0   0  1.0854   1   1
   6   6   1   1   0   0   0   0 -4.1500   1   1
   6   6   1   1   2   0   0   0  1.6027   1   1
   6   6   1   2   2   0   0   0 -1.2168   1   1
   6   6   2   1   2   0   0   0  1.2168   1   1
   6   6   2   2   0   0   0   0 -3.0160   1   1
   6   6   2   2   2   0   0   0 -1.0555   1   1
   6   6   2   3   2   0   0   0 -1.0962   1   1
   6   6   3   2   2   0   0   0  1.0962   1   1
   6   6   3   3   0   0   0   0 -4.4457   1   1
   6   6   3   3   2   0   0   0  1.2207   1   1
