############################################################################################################
# initial vector basename: al260
# final   vector basename: al260
# Operator file: VCoul.int
# Zero body term: 14.426
# Jf  nJf     Ji  nJi      Ei          Ef         <Op1b>          <Op2b>         <Op1b+2b>     <Op0b+1b+2b>
###########################################################################################################
 0.0   1     0.0   1    -92.554     -92.554    1.595207e+01    5.274853e+00    2.122693e+01    3.565293e+01
 0.0   1     0.0   2    -92.554     -88.721    1.437636e-01    3.538742e-02    1.791510e-01    1.791510e-01
 0.0   2     0.0   1    -88.721     -92.554    0.000000e+00    0.000000e+00    0.000000e+00    0.000000e+00
 0.0   2     0.0   2    -88.721     -88.721    1.576527e+01    5.194016e+00    2.095928e+01    3.538528e+01
 1.0   1     1.0   1    -91.884     -91.884    1.563086e+01    5.222386e+00    2.085324e+01    3.527924e+01
 1.0   1     1.0   2    -91.884     -91.779   -1.283940e-02   -1.208330e-02   -2.492270e-02   -2.492270e-02
 1.0   2     1.0   1    -91.779     -91.884    0.000000e+00    0.000000e+00    0.000000e+00    0.000000e+00
 1.0   2     1.0   2    -91.779     -91.779    1.580989e+01    5.209737e+00    2.101963e+01    3.544563e+01
