############################################################################################################
# initial vector basename: si260
# final   vector basename: si260
# Operator file: VCoul.int
# Zero body term: 14.426
# Jf  nJf     Ji  nJi      Ei          Ef         <Op1b>          <Op2b>         <Op1b+2b>     <Op0b+1b+2b>
###########################################################################################################
 0.0   1     0.0   1    -86.843     -86.843    1.923645e+01    7.180594e+00    2.641704e+01    4.084304e+01
 0.0   1     0.0   2    -86.843     -83.478    3.098128e-01    1.285542e-01    4.383670e-01    4.383670e-01
 0.0   2     0.0   1    -83.478     -86.843    0.000000e+00    0.000000e+00    0.000000e+00    0.000000e+00
 0.0   2     0.0   2    -83.478     -83.478    1.893326e+01    6.886316e+00    2.581957e+01    4.024557e+01
 1.0   1     1.0   1    -80.930     -80.930    1.890152e+01    6.879334e+00    2.578085e+01    4.020685e+01
 1.0   1     1.0   2    -80.930     -80.257   -6.537340e-02   -9.737631e-02   -1.627497e-01   -1.627497e-01
 1.0   2     1.0   1    -80.257     -80.930    0.000000e+00    0.000000e+00    0.000000e+00    0.000000e+00
 1.0   2     1.0   2    -80.257     -80.257    1.890456e+01    6.842155e+00    2.574672e+01    4.017272e+01
