############################################################################################################
# initial vector basename: al260
# final   vector basename: al260
# Operator file: Rn2.int
# Zero body term: 4.01245
# Jf  nJf     Ji  nJi      Ei          Ef         <Op1b>          <Op2b>         <Op1b+2b>     <Op0b+1b+2b>
###########################################################################################################
 0.0   1     0.0   1    -92.554     -92.554    4.889725e+00   -4.221550e-01    4.467570e+00    8.480020e+00
 0.0   1     0.0   2    -92.554     -88.721   -1.070413e-01   -8.539872e-03   -1.155811e-01   -1.155811e-01
 0.0   2     0.0   1    -88.721     -92.554    0.000000e+00    0.000000e+00    0.000000e+00    0.000000e+00
 0.0   2     0.0   2    -88.721     -88.721    5.023988e+00   -3.928491e-01    4.631139e+00    8.643589e+00
 1.0   1     1.0   1    -91.884     -91.884    5.124996e+00   -4.342372e-01    4.690759e+00    8.703209e+00
 1.0   1     1.0   2    -91.884     -91.779    1.564883e-02   -1.242451e-03    1.440638e-02    1.440638e-02
 1.0   2     1.0   1    -91.779     -91.884    0.000000e+00    0.000000e+00    0.000000e+00    0.000000e+00
 1.0   2     1.0   2    -91.779     -91.779    4.991697e+00   -4.076166e-01    4.584080e+00    8.596530e+00
