############################################################################################################
# initial vector basename: si260
# final   vector basename: si260
# Operator file: Iso2.int
# Zero body term: 0.00257859
# Jf  nJf     Ji  nJi      Ei          Ef         <Op1b>          <Op2b>         <Op1b+2b>     <Op0b+1b+2b>
###########################################################################################################
 0.0   1     0.0   1    -86.843     -86.843    7.508636e+00   -5.510169e+00    1.998468e+00    2.001046e+00
 0.0   1     0.0   2    -86.843     -83.478   -7.626476e-03    1.073188e-02    3.105400e-03    3.105400e-03
 0.0   2     0.0   1    -83.478     -86.843    0.000000e+00    0.000000e+00    0.000000e+00    0.000000e+00
 0.0   2     0.0   2    -83.478     -83.478    7.514702e+00   -5.520515e+00    1.994187e+00    1.996765e+00
 1.0   1     1.0   1    -80.930     -80.930    7.515477e+00   -5.513139e+00    2.002338e+00    2.004917e+00
 1.0   1     1.0   2    -80.930     -80.257    2.158666e-03   -4.512294e-03   -2.353628e-03   -2.353628e-03
 1.0   2     1.0   1    -80.257     -80.930    0.000000e+00    0.000000e+00    0.000000e+00    0.000000e+00
 1.0   2     1.0   2    -80.257     -80.257    7.517248e+00   -5.515441e+00    2.001807e+00    2.004385e+00
