# One and two body transition densities
#
# One-body basis:
# i   n   l   2j  2tz (proton=+1)
  0   0   2   5   1
  1   0   2   3   1
  2   1   0   1   1
  3   0   2   5  -1
  4   0   2   3  -1
  5   1   0   1  -1
# Two-body basis: 
# i   a   b   J
  0   0   0   0
  1   0   0   2
  2   0   0   4
  3   0   1   1
  4   0   1   2
  5   0   1   3
  6   0   1   4
  7   0   2   2
  8   0   2   3
  9   0   3   0
 10   0   3   1
 11   0   3   2
 12   0   3   3
 13   0   3   4
 14   0   3   5
 15   0   4   1
 16   0   4   2
 17   0   4   3
 18   0   4   4
 19   0   5   2
 20   0   5   3
 21   1   1   0
 22   1   1   2
 23   1   2   1
 24   1   2   2
 25   1   3   1
 26   1   3   2
 27   1   3   3
 28   1   3   4
 29   1   4   0
 30   1   4   1
 31   1   4   2
 32   1   4   3
 33   1   5   1
 34   1   5   2
 35   2   2   0
 36   2   3   2
 37   2   3   3
 38   2   4   1
 39   2   4   2
 40   2   5   0
 41   2   5   1
 42   3   3   0
 43   3   3   2
 44   3   3   4
 45   3   4   1
 46   3   4   2
 47   3   4   3
 48   3   4   4
 49   3   5   2
 50   3   5   3
 51   4   4   0
 52   4   4   2
 53   4   5   1
 54   4   5   2
 55   5   5   0

Jf nJf  Ji nJi  Lambda =   0 1      0 1      0
-------------- OBTD ---------------------
  3   0  -0.38008063
  4   1  -0.12793942
  5   2  -0.15993421

-------------- TBTD ---------------------
  9   0  -0.38388871
  9  21  -0.20545194
  9  35  -0.19431060
 10   3   0.09753645
 10  23   0.00847189
 11   1  -0.33367142
 11   4   0.01215637
 11   7   0.04696734
 11  22   0.03883049
 11  24  -0.00029928
 12   5   0.03381161
 12   8  -0.09271496
 13   2  -0.49652599
 13   6   0.05065605
 15   3  -0.09012667
 15  23  -0.00173506
 16   1   0.00054066
 16   4  -0.07273401
 16   7  -0.01260448
 16  22  -0.01063379
 16  24   0.01328252
 17   5  -0.05789705
 17   8   0.00262048
 18   2  -0.01148341
 18   6  -0.12459297
 19   1  -0.00804519
 19   4   0.00890346
 19   7  -0.15499039
 19  22   0.00901797
 19  24   0.01023384
 20   5  -0.02228610
 20   8  -0.17440578
 25   3   0.01451049
 25  23  -0.01357584
 26   1  -0.01594557
 26   4   0.06525514
 26   7  -0.04773210
 26  22  -0.01214806
 26  24  -0.00424840
 27   5  -0.08182486
 27   8  -0.04840039
 28   2  -0.08210435
 28   6   0.07258921
 29   0  -0.19748604
 29  21  -0.14596037
 29  35  -0.11827848
 30   3  -0.01906390
 30  23   0.00196213
 31   1   0.03328737
 31   4   0.00083941
 31   7   0.02204843
 31  22  -0.04309055
 31  24   0.00374659
 32   5   0.01015763
 32   8   0.00695627
 33   3   0.00129096
 33  23  -0.02892030
 34   1   0.01533950
 34   4   0.00934685
 34   7  -0.02663375
 34  22  -0.00025234
 34  24  -0.03731086
 36   1   0.07481551
 36   4   0.03107993
 36   7  -0.07509056
 36  22   0.02719562
 36  24  -0.02828519
 37   5   0.02507542
 37   8   0.08596006
 38   3  -0.01654342
 38  23  -0.01698557
 39   1   0.00897021
 39   4  -0.00907057
 39   7  -0.01180372
 39  22  -0.00328755
 39  24   0.02754330
 40   0  -0.19043461
 40  21  -0.11915112
 40  35  -0.13391277
 41   3   0.04295721
 41  23  -0.00156230
 42   9   0.28101068
 42  29   0.14816602
 42  40   0.13405655
 43  11  -0.35072533
 43  16  -0.03976182
 43  19   0.02129796
 43  26   0.05727929
 43  31  -0.04020254
 43  34   0.03552966
 43  36  -0.06467857
 43  39  -0.05361169
 44  13  -0.48013375
 44  18   0.04715808
 44  28   0.04707395
 45  10  -0.09508820
 45  15  -0.01354381
 45  25  -0.11609396
 45  30   0.01906587
 45  33  -0.01039544
 45  38   0.00890363
 45  41  -0.04406669
 46  11  -0.06780638
 46  16  -0.06431248
 46  19   0.02909010
 46  26   0.07044701
 46  31  -0.01509773
 46  34   0.02460353
 46  36   0.00301869
 46  39  -0.02151679
 47  12  -0.03381612
 47  17  -0.10098893
 47  20  -0.00970757
 47  27  -0.07444607
 47  32  -0.01035414
 47  37   0.00363148
 48  13  -0.00006019
 48  18  -0.05862674
 48  28   0.10877910
 49  11  -0.03435324
 49  16   0.04512760
 49  19  -0.07116671
 49  26   0.01378844
 49  31  -0.01057990
 49  34   0.03594163
 49  36  -0.14763786
 49  39   0.00290659
 50  12   0.09654596
 50  17  -0.03404026
 50  20  -0.07779517
 50  27   0.01865961
 50  32  -0.00745120
 50  37   0.16465518
 51   9   0.14460060
 51  29   0.06385657
 51  40   0.05969930
 52  11  -0.04023337
 52  16   0.00037414
 52  19   0.00223618
 52  26   0.02225647
 52  31  -0.03401770
 52  34   0.01057003
 52  36  -0.01743563
 52  39  -0.00654465
 53  10  -0.00989412
 53  15  -0.00673714
 53  25   0.00434439
 53  30  -0.00220080
 53  33  -0.01907282
 53  38  -0.03023980
 53  41   0.00108483
 54  11   0.06438511
 54  16   0.01944262
 54  19  -0.00321550
 54  26  -0.02841029
 54  31   0.01214587
 54  34  -0.04083314
 54  36   0.03543756
 54  39   0.04941170
 55   9   0.12625486
 55  29   0.05752811
 55  40   0.01690354

Jf nJf  Ji nJi  Lambda =   0 2      0 1      0
-------------- OBTD ---------------------
  3   0   0.16691430
  4   1  -0.20079994
  5   2  -0.03312547

-------------- TBTD ---------------------
  9   0  -0.00614587
  9  21   0.04415074
  9  35   0.04239201
 10   3  -0.03505632
 10  23  -0.01509282
 11   1   0.22715749
 11   4   0.00102931
 11   7   0.04568737
 11  22  -0.01923891
 11  24  -0.04753323
 12   5  -0.01480126
 12   8   0.10580290
 13   2   0.24898260
 13   6  -0.02747575
 15   3  -0.14660871
 15  23   0.01438740
 16   1  -0.01084157
 16   4  -0.11865054
 16   7  -0.04580691
 16  22  -0.02939908
 16  24   0.01391569
 17   5  -0.10675242
 17   8   0.04046394
 18   2   0.03194450
 18   6  -0.20463606
 19   1   0.02243388
 19   4  -0.06817943
 19   7  -0.02008439
 19  22  -0.04114185
 19  24   0.02514765
 20   5   0.05619703
 20   8  -0.04786672
 25   3   0.01333650
 25  23  -0.01277171
 26   1  -0.04162414
 26   4  -0.03798213
 26   7   0.01167592
 26  22  -0.01738479
 26  24   0.03014407
 27   5   0.03448816
 27   8   0.05190990
 28   2   0.04230686
 28   6  -0.00158429
 29   0  -0.21071566
 29  21  -0.16980108
 29  35  -0.12651754
 30   3  -0.02790550
 30  23   0.00349487
 31   1   0.10045251
 31   4   0.00467173
 31   7   0.03538837
 31  22  -0.07444865
 31  24   0.00141240
 32   5   0.03128989
 32   8   0.02019128
 33   3   0.03332816
 33  23  -0.00110854
 34   1  -0.12763864
 34   4  -0.05058829
 34   7  -0.04635426
 34  22   0.01488585
 34  24   0.00960169
 36   1  -0.04975616
 36   4  -0.02738120
 36   7   0.04390319
 36  22   0.01463203
 36  24  -0.01864667
 37   5  -0.02747998
 37   8   0.00903844
 38   3  -0.03451429
 38  23  -0.01693971
 39   1   0.09691385
 39   4  -0.04153271
 39   7  -0.01851127
 39  22  -0.03423438
 39  24   0.03913284
 40   0  -0.09989681
 40  21  -0.08258123
 40  35  -0.05814463
 41   3   0.05743877
 41  23  -0.00570161
 42   9  -0.12378163
 42  29  -0.01315954
 42  40  -0.00952140
 43  11   0.14117502
 43  16   0.04434106
 43  19  -0.03397993
 43  26   0.01492724
 43  31   0.02211701
 43  34  -0.03094856
 43  36   0.04661221
 43  39   0.05884767
 44  13   0.24123341
 44  18  -0.03374146
 44  28  -0.04767216
 45  10  -0.00729407
 45  15   0.03683618
 45  25  -0.17201187
 45  30   0.03030370
 45  33  -0.02510099
 45  38   0.03804075
 45  41  -0.06817747
 46  11   0.00951639
 46  16   0.03744840
 46  19  -0.03587151
 46  26   0.11021595
 46  31  -0.01762659
 46  34   0.05112737
 46  36  -0.07840530
 46  39   0.03414047
 47  12   0.03152660
 47  17   0.03121504
 47  20   0.03287005
 47  27  -0.08899148
 47  32  -0.02145827
 47  37  -0.05275757
 48  13  -0.00858280
 48  18   0.02156683
 48  28   0.18731691
 49  11   0.01916004
 49  16  -0.02181387
 49  19   0.02320540
 49  26   0.08216554
 49  31  -0.02734641
 49  34   0.03914952
 49  36  -0.03670200
 49  39   0.01737343
 50  12  -0.11304397
 50  17   0.04841043
 50  20  -0.00232224
 50  27   0.03583598
 50  32  -0.01669685
 50  37   0.04219149
 51   9  -0.03858736
 51  29  -0.02094164
 51  40  -0.02229591
 52  11   0.01095589
 52  16   0.02076835
 52  19   0.00465389
 52  26   0.03967687
 52  31  -0.04152768
 52  34   0.01574764
 52  36  -0.04776163
 52  39   0.00734188
 53  10   0.00949669
 53  15  -0.01046694
 53  25   0.02432119
 53  30  -0.00717108
 53  33  -0.01315067
 53  38   0.00215697
 53  41   0.00699618
 54  11  -0.06758445
 54  16  -0.00937455
 54  19  -0.01042496
 54  26  -0.03002479
 54  31   0.00207207
 54  34  -0.03617964
 54  36   0.04259623
 54  39  -0.01108761
 55   9  -0.01162103
 55  29  -0.01719098
 55  40  -0.01571068

Jf nJf  Ji nJi  Lambda =   0 1      0 2      0
-------------- OBTD ---------------------
  3   0  -0.18585825
  4   1   0.18986506
  5   2   0.02596113

-------------- TBTD ---------------------
  9   0  -0.01112412
  9  21   0.21281826
  9  35   0.10088178
 10   3  -0.00233554
 10  23   0.00721358
 11   1  -0.24359207
 11   4  -0.01904853
 11   7   0.02236618
 11  22  -0.10023400
 11  24   0.16260652
 12   5   0.03313206
 12   8  -0.11237712
 13   2  -0.27150441
 13   6   0.00911992
 15   3   0.16254017
 15  23  -0.01494046
 16   1   0.02378685
 16   4   0.10909136
 16   7   0.07111566
 16  22   0.02460774
 16  24  -0.01239281
 17   5   0.09069135
 17   8  -0.03336580
 18   2  -0.01843122
 18   6   0.19459280
 19   1  -0.06995491
 19   4   0.04946228
 19   7   0.00964541
 19  22   0.00044225
 19  24  -0.01250529
 20   5  -0.05632034
 20   8   0.04048346
 25   3  -0.03844136
 25  23   0.01784286
 26   1   0.02931626
 26   4   0.03881515
 26   7  -0.01712280
 26  22   0.03419808
 26  24  -0.02240825
 27   5  -0.02588148
 27   8  -0.04671757
 28   2  -0.06232541
 28   6   0.00726198
 29   0  -0.04846555
 29  21   0.16408664
 29  35   0.07988464
 30   3   0.02827726
 30  23  -0.00622323
 31   1   0.01498840
 31   4   0.00750107
 31   7   0.01735279
 31  22   0.06882272
 31  24  -0.03188880
 32   5  -0.01953307
 32   8  -0.01529337
 33   3  -0.03128980
 33  23   0.00109240
 34   1   0.05014383
 34   4   0.04978289
 34   7   0.02157460
 34  22   0.01264219
 34  24  -0.01072510
 36   1   0.01028858
 36   4   0.00765311
 36   7  -0.04553100
 36  22  -0.05298346
 36  24   0.03924230
 37   5   0.03730631
 37   8  -0.00268051
 38   3   0.02795719
 38  23   0.01394413
 39   1  -0.01818105
 39   4   0.03237880
 39   7   0.02900112
 39  22   0.01067101
 39  24  -0.03381824
 40   0  -0.04777974
 40  21   0.12306450
 40  35   0.05443725
 41   3  -0.06367247
 41  23   0.00618781
 42   9   0.13567677
 42  29   0.04280435
 42  40   0.02068527
 43  11  -0.15934690
 43  16  -0.03368491
 43  19   0.02435293
 43  26  -0.02081071
 43  31  -0.00991490
 43  34   0.04159647
 43  36  -0.05098468
 43  39  -0.05647558
 44  13  -0.26375106
 44  18   0.04507368
 44  28   0.03678872
 45  10  -0.03921300
 45  15  -0.01132964
 45  25   0.13527296
 45  30  -0.02656535
 45  33   0.02623442
 45  38  -0.03798979
 45  41   0.05328198
 46  11  -0.02584316
 46  16  -0.04280495
 46  19   0.03471527
 46  26  -0.10791236
 46  31   0.01127008
 46  34  -0.05408638
 46  36   0.06718735
 46  39  -0.03353526
 47  12  -0.01581493
 47  17  -0.04778450
 47  20  -0.02713892
 47  27   0.09675957
 47  32   0.03184233
 47  37   0.05218067
 48  13  -0.00806834
 48  18  -0.02393124
 48  28  -0.17687974
 49  11  -0.01182449
 49  16   0.04057339
 49  19  -0.03006825
 49  26  -0.07230210
 49  31   0.02907494
 49  34  -0.04590158
 49  36   0.03258170
 49  39  -0.01533239
 50  12   0.10623928
 50  17  -0.04944793
 50  20  -0.00348285
 50  27  -0.03711732
 50  32   0.02069048
 50  37  -0.03399261
 51   9   0.02229819
 51  29   0.02335662
 51  40   0.02128851
 52  11  -0.02430046
 52  16  -0.00998247
 52  19  -0.00691059
 52  26  -0.03366016
 52  31   0.03935444
 52  34  -0.01073401
 52  36   0.04321337
 52  39  -0.00846800
 53  10  -0.01529540
 53  15   0.00541536
 53  25  -0.01908313
 53  30   0.00251348
 53  33   0.01277408
 53  38  -0.00424500
 53  41  -0.00520843
 54  11   0.06417071
 54  16   0.01599713
 54  19   0.01141340
 54  26   0.02839700
 54  31  -0.00574539
 54  34   0.03446864
 54  36  -0.03005099
 54  39   0.01375548
 55   9   0.01399927
 55  29   0.02284865
 55  40   0.01568234

Jf nJf  Ji nJi  Lambda =   0 2      0 2      0
-------------- OBTD ---------------------
  3   0   0.22185212
  4   1   0.33000177
  5   2   0.14750695

-------------- TBTD ---------------------
  9   0  -0.04582581
  9  21  -0.10680402
  9  35  -0.07711505
 10   3  -0.04071315
 10  23   0.00973810
 11   1   0.30126310
 11   4   0.06563683
 11   7  -0.00820215
 11  22   0.08879194
 11  24  -0.07447125
 12   5  -0.00259007
 12   8  -0.02952256
 13   2   0.24101261
 13   6  -0.03020690
 15   3   0.29041128
 15  23  -0.02747001
 16   1   0.06731374
 16   4   0.21633328
 16   7   0.14783667
 16  22   0.07069321
 16  24  -0.03792244
 17   5   0.13124336
 17   8  -0.07041510
 18   2  -0.01861118
 18   6   0.31345840
 19   1  -0.00863597
 19   4   0.15043611
 19   7   0.17112745
 19  22   0.08725291
 19  24  -0.03192312
 20   5  -0.07266587
 20   8   0.15561792
 25   3   0.00868876
 25  23   0.01093003
 26   1  -0.02045878
 26   4  -0.05352745
 26   7  -0.03123904
 26  22  -0.00096695
 26  24  -0.00691780
 27   5   0.05429626
 27   8  -0.02208509
 28   2   0.01711805
 28   6  -0.06194849
 29   0  -0.11089607
 29  21   0.15255631
 29  35   0.06029010
 30   3   0.04017953
 30  23  -0.01305143
 31   1   0.09051563
 31   4   0.05188199
 31   7   0.05112726
 31  22   0.14879499
 31  24  -0.08862192
 32   5  -0.02421743
 32   8  -0.02013085
 33   3  -0.05947400
 33  23   0.02108901
 34   1  -0.05566772
 34   4   0.04679847
 34   7   0.05011972
 34  22  -0.04631017
 34  24   0.06229790
 36   1  -0.00233270
 36   4   0.03414927
 36   7   0.06342582
 36  22  -0.01396770
 36  24   0.04392982
 37   5   0.02248227
 37   8  -0.07584149
 38   3   0.04060054
 38  23   0.04127076
 39   1   0.05675769
 39   4   0.08001859
 39   7   0.04132031
 39  22   0.07798279
 39  24  -0.11980890
 40   0  -0.07999582
 40  21   0.06195382
 40  35   0.05149376
 41   3  -0.09804812
 41  23   0.00788400
 42   9  -0.00939506
 42  29  -0.08825894
 42  40  -0.07306030
 43  11   0.16222049
 43  16  -0.00268403
 43  19  -0.00569249
 43  26  -0.05128980
 43  31   0.00190660
 43  34   0.00679572
 43  36  -0.01243545
 43  39  -0.01838688
 44  13   0.22975675
 44  18  -0.01135249
 44  28   0.01540019
 45  10   0.03750594
 45  15   0.00966719
 45  25   0.28456755
 45  30  -0.04028555
 45  33   0.04251844
 45  38  -0.05601731
 45  41   0.09560060
 46  11   0.03048966
 46  16   0.02904929
 46  19  -0.00450487
 46  26  -0.19055946
 46  31   0.04670725
 46  34  -0.09098434
 46  36   0.10647416
 46  39  -0.03664497
 47  12   0.00413056
 47  17   0.06640310
 47  20  -0.01243658
 47  27   0.14627338
 47  32   0.02617256
 47  37   0.06256428
 48  13  -0.01674618
 48  18   0.04422122
 48  28  -0.29723322
 49  11  -0.01009099
 49  16  -0.00588657
 49  19   0.03637386
 49  26  -0.11549969
 49  31   0.05442961
 49  34  -0.07784439
 49  36   0.13917440
 49  39  -0.01571206
 50  12   0.02338436
 50  17  -0.01106609
 50  20   0.08611489
 50  27  -0.06647515
 50  32   0.02188146
 50  37  -0.16598379
 51   9  -0.08223433
 51  29  -0.03530782
 51  40  -0.02640928
 52  11   0.00319074
 52  16  -0.00031976
 52  19  -0.01125663
 52  26  -0.06867316
 52  31   0.07218387
 52  34  -0.02816860
 52  36   0.08431835
 52  39  -0.00759175
 53  10  -0.00929154
 53  15   0.01133359
 53  25  -0.02684278
 53  30   0.01396615
 53  33   0.04040908
 53  38   0.01686530
 53  41  -0.00764910
 54  11   0.01377542
 54  16  -0.00603437
 54  19   0.00794352
 54  26   0.04877824
 54  31  -0.01558151
 54  34   0.08675895
 54  36  -0.06771713
 54  39  -0.02017041
 55   9  -0.06813792
 55  29  -0.02432973
 55  40   0.00689863

Jf nJf  Ji nJi  Lambda =   1 1      1 1      0
-------------- OBTD ---------------------
  3   0  -0.04401799
  4   1   0.10912199
  5   2  -0.08560627

-------------- TBTD ---------------------
  9   0  -0.02323578
  9  21  -0.01985269
  9  35   0.05240865
 10   3   0.00348971
 10  23  -0.05503719
 11   1  -0.03705965
 11   4   0.01614853
 11   7   0.00366917
 11  22  -0.00712241
 11  24  -0.02200829
 12   5   0.00662094
 12   8   0.05547875
 13   2  -0.02782321
 13   6   0.00036326
 15   3   0.08107514
 15  23   0.10251730
 16   1  -0.00868047
 16   4   0.09706085
 16   7  -0.07090345
 16  22   0.02629636
 16  24  -0.07326951
 17   5   0.04100758
 17   8   0.02604693
 18   2   0.00566908
 18   6   0.11487742
 19   1   0.02239651
 19   4  -0.05451323
 19   7  -0.08676460
 19  22  -0.04629556
 19  24   0.03072875
 20   5   0.05024247
 20   8  -0.10607959
 25   3   0.00067907
 25  23  -0.06716519
 26   1  -0.03748273
 26   4   0.01467028
 26   7   0.00951653
 26  22  -0.00999539
 26  24   0.00815717
 27   5  -0.00821815
 27   8   0.02349478
 28   2   0.01958995
 28   6   0.02538334
 29   0  -0.02784638
 29  21   0.00502525
 29  35   0.00187553
 30   3   0.00434987
 30  23  -0.06169450
 31   1  -0.01019568
 31   4   0.01062544
 31   7  -0.06053049
 31  22   0.00894758
 31  24  -0.00929085
 32   5  -0.02765703
 32   8  -0.01598143
 33   3   0.01642324
 33  23  -0.03949113
 34   1  -0.05519998
 34   4  -0.06045222
 34   7  -0.03454258
 34  22   0.01138531
 34  24  -0.03182236
 36   1   0.00134316
 36   4  -0.00866452
 36   7  -0.01103185
 36  22  -0.00500272
 36  24  -0.01713689
 37   5  -0.01586580
 37   8   0.04415464
 38   3   0.02419496
 38  23   0.06238297
 39   1  -0.02406675
 39   4   0.02644083
 39   7  -0.05571485
 39  22   0.01079441
 39  24  -0.06134826
 40   0   0.04929443
 40  21  -0.01051701
 40  35   0.00629442
 41   3   0.04484977
 41  23  -0.06275648
 42   9  -0.02524061
 42  29  -0.01994004
 42  40   0.05096734
 43  11  -0.03564759
 43  16   0.02647807
 43  19  -0.01561848
 43  26   0.00324571
 43  31  -0.00748779
 43  34   0.00679727
 43  36   0.02199305
 43  39   0.03609511
 44  13  -0.02803599
 44  18  -0.01225991
 44  28  -0.01336377
 45  10  -0.00713433
 45  15  -0.00522477
 45  25   0.08774718
 45  30  -0.01265288
 45  33   0.01156428
 45  38   0.02567826
 45  41  -0.03819319
 46  11   0.02033363
 46  16   0.01369598
 46  19  -0.01381395
 46  26  -0.06788007
 46  31   0.02492280
 46  34  -0.03811022
 46  36  -0.06694287
 46  39   0.04272993
 47  12  -0.02094492
 47  17   0.00223256
 47  20  -0.00594490
 47  27   0.03133247
 47  32   0.02398996
 47  37  -0.05562562
 48  13  -0.00941890
 48  18  -0.01516979
 48  28  -0.10533942
 49  11   0.01749580
 49  16   0.00283608
 49  19  -0.01084395
 49  26   0.06737908
 49  31  -0.03614546
 49  34   0.04507790
 49  36  -0.08581459
 49  39   0.03212193
 50  12  -0.06018614
 50  17   0.03099142
 50  20  -0.04597628
 50  27   0.03367090
 50  32  -0.00862019
 50  37   0.10541040
 51   9  -0.02848154
 51  29   0.00485788
 51  40   0.00141414
 52  11  -0.01026522
 52  16   0.00090989
 52  19  -0.02529606
 52  26  -0.01343310
 52  31   0.00859294
 52  34  -0.00492693
 52  36  -0.05977346
 52  39   0.00884173
 53  10   0.06422160
 53  15  -0.02254429
 53  25   0.06390111
 53  30   0.01735511
 53  33   0.04561509
 53  38  -0.01982909
 53  41   0.03440935
 54  11  -0.02220287
 54  16  -0.02460828
 54  19  -0.01810543
 54  26   0.06108442
 54  31   0.00008296
 54  34   0.02559927
 54  36   0.04057097
 54  39  -0.00613415
 55   9   0.04980738
 55  29  -0.01049234
 55  40   0.00505116

Jf nJf  Ji nJi  Lambda =   1 2      1 1      0
-------------- OBTD ---------------------
  3   0   0.02006658
  4   1  -0.00109906
  5   2  -0.03499759

-------------- TBTD ---------------------
  9   0  -0.00386043
  9  21   0.03935937
  9  35  -0.02529381
 10   3  -0.02467955
 10  23   0.04364831
 11   1   0.02136887
 11   4  -0.03737886
 11   7   0.00079170
 11  22  -0.01675328
 11  24   0.01297811
 12   5  -0.00451940
 12   8  -0.04451269
 13   2   0.01502783
 13   6   0.02926400
 15   3   0.01345788
 15  23  -0.01640418
 16   1   0.04237637
 16   4  -0.03811658
 16   7   0.08724524
 16  22   0.01453917
 16  24  -0.04292640
 17   5   0.01184124
 17   8  -0.02439889
 18   2  -0.04008481
 18   6   0.02087179
 19   1   0.00597280
 19   4  -0.08423852
 19   7  -0.03793601
 19  22  -0.06114869
 19  24   0.03625311
 20   5   0.04350474
 20   8  -0.04982547
 25   3  -0.00231320
 25  23  -0.00613023
 26   1  -0.00920143
 26   4  -0.04469512
 26   7  -0.00042054
 26  22  -0.00864833
 26  24  -0.04692904
 27   5  -0.01889834
 27   8  -0.02763653
 28   2  -0.00763899
 28   6   0.00645811
 29   0  -0.02135356
 29  21   0.02701378
 29  35  -0.00767167
 30   3   0.02615855
 30  23   0.00987427
 31   1   0.00068987
 31   4  -0.00864968
 31   7   0.01122075
 31  22  -0.01590427
 31  24   0.01156711
 32   5  -0.01906056
 32   8  -0.00270880
 33   3   0.03366770
 33  23  -0.00112400
 34   1  -0.01558670
 34   4  -0.04139410
 34   7  -0.01525509
 34  22   0.00926807
 34  24  -0.00480502
 36   1   0.00457259
 36   4   0.00344205
 36   7  -0.00077071
 36  22   0.01216672
 36  24   0.02093285
 37   5  -0.02046700
 37   8  -0.03592746
 38   3   0.00117379
 38  23  -0.00412661
 39   1  -0.01825411
 39   4   0.00852971
 39   7   0.02816542
 39  22   0.00274054
 39  24   0.01063270
 40   0   0.00267223
 40  21  -0.00244789
 40  35  -0.01281695
 41   3   0.02385175
 41  23  -0.01917816
 42   9  -0.00352999
 42  29   0.03979191
 42  40  -0.02352303
 43  11   0.02090919
 43  16  -0.01078609
 43  19   0.03279072
 43  26   0.04198029
 43  31  -0.01695495
 43  34  -0.01513823
 43  36  -0.03393275
 43  39  -0.03378527
 44  13   0.01548310
 44  18  -0.00793008
 44  28  -0.04860803
 45  10  -0.01306194
 45  15  -0.00060104
 45  25   0.01141923
 45  30  -0.00471779
 45  33   0.00205660
 45  38  -0.02359441
 45  41   0.03467386
 46  11   0.03594630
 46  16  -0.01833535
 46  19   0.02348451
 46  26  -0.02427676
 46  31   0.01611149
 46  34  -0.02335342
 46  36   0.06249064
 46  39  -0.02654817
 47  12   0.01246862
 47  17   0.01213305
 47  20   0.01223108
 47  27  -0.01924446
 47  32  -0.00856051
 47  37   0.06576036
 48  13  -0.02285615
 48  18   0.02902682
 48  28   0.01475223
 49  11   0.00767704
 49  16  -0.01725825
 49  19  -0.02249953
 49  26   0.06265488
 49  31  -0.03450057
 49  34   0.02762783
 49  36  -0.01477266
 49  39  -0.03030384
 50  12   0.00534503
 50  17   0.00940121
 50  20   0.01623845
 50  27   0.05494600
 50  32  -0.01515632
 50  37   0.03039642
 51   9  -0.02164355
 51  29   0.02672275
 51  40  -0.00604940
 52  11   0.00131118
 52  16  -0.02305305
 52  19  -0.01588762
 52  26  -0.01106453
 52  31  -0.01561375
 52  34  -0.01441634
 52  36   0.03261216
 52  39  -0.03027768
 53  10   0.06462165
 53  15  -0.01877757
 53  25   0.05433295
 53  30   0.00674079
 53  33   0.01317571
 53  38  -0.01802199
 53  41   0.05083103
 54  11   0.00183108
 54  16  -0.02548724
 54  19  -0.02592824
 54  26   0.02398189
 54  31   0.00451741
 54  34   0.00048274
 54  36  -0.01672365
 54  39   0.01606267
 55   9   0.00224382
 55  29  -0.00202733
 55  40  -0.01229661

Jf nJf  Ji nJi  Lambda =   1 1      1 2      0
-------------- OBTD ---------------------
  3   0  -0.02813646
  4   1   0.10410154
  5   2  -0.10651348

-------------- TBTD ---------------------
  9   0  -0.00362886
  9  21  -0.01653352
  9  35   0.02030791
 10   3  -0.01511509
 10  23  -0.01924203
 11   1  -0.02040274
 11   4  -0.00426855
 11   7   0.00510756
 11  22  -0.00499262
 11  24  -0.02061205
 12   5  -0.00107009
 12   8   0.02885594
 13   2  -0.02615581
 13   6   0.00664908
 15   3   0.08844523
 15  23   0.04209285
 16   1  -0.01722092
 16   4   0.06245156
 16   7  -0.08130678
 16  22   0.01386865
 16  24  -0.04784406
 17   5   0.05395401
 17   8   0.02993779
 18   2   0.01848321
 18   6   0.10739639
 19   1   0.01051855
 19   4  -0.01538630
 19   7  -0.10956499
 19  22  -0.00856375
 19  24  -0.00591214
 20   5  -0.00710907
 20   8  -0.11560998
 25   3  -0.02090951
 25  23  -0.01395460
 26   1   0.00669333
 26   4  -0.00875854
 26   7  -0.01415074
 26  22  -0.00577135
 26  24  -0.00332383
 27   5  -0.01873108
 27   8   0.00736599
 28   2   0.00759513
 28   6   0.01616157
 29   0   0.00987559
 29  21   0.00977494
 29  35   0.01266300
 30   3   0.00316311
 30  23  -0.03839211
 31   1  -0.01114957
 31   4   0.00967539
 31   7  -0.03717206
 31  22   0.01726344
 31  24  -0.00638554
 32   5  -0.00211580
 32   8  -0.01965531
 33   3  -0.00281217
 33  23  -0.06403410
 34   1  -0.00851675
 34   4  -0.00474997
 34   7   0.00118641
 34  22   0.00608525
 34  24  -0.02939442
 36   1   0.00040058
 36   4  -0.00361281
 36   7  -0.00464916
 36  22   0.00289226
 36  24  -0.00230984
 37   5  -0.01400310
 37   8   0.01470622
 38   3   0.01495016
 38  23   0.07192829
 39   1   0.00235768
 39   4   0.00863425
 39   7  -0.04338619
 39  22   0.00567608
 39  24  -0.04035687
 40   0   0.02155514
 40  21  -0.00499545
 40  35  -0.01814143
 41   3   0.00618255
 41  23  -0.06354635
 42   9  -0.00166009
 42  29  -0.01665062
 42  40   0.02195548
 43  11  -0.02084482
 43  16   0.01189711
 43  19   0.00107958
 43  26   0.01727538
 43  31  -0.00522729
 43  34  -0.00994419
 43  36   0.00460862
 43  39   0.01814353
 44  13  -0.02577155
 44  18  -0.00385584
 44  28  -0.01313032
 45  10   0.01271859
 45  15  -0.00204097
 45  25   0.06962674
 45  30  -0.01379749
 45  33   0.00913295
 45  38   0.01895816
 45  41  -0.03919081
 46  11  -0.01711144
 46  16   0.01543026
 46  19  -0.01232638
 46  26  -0.05634391
 46  31   0.01391717
 46  34  -0.01970485
 46  36  -0.05502651
 46  39   0.02574476
 47  12  -0.00999679
 47  17  -0.00643061
 47  20  -0.01258448
 47  27   0.04177919
 47  32   0.01691888
 47  37  -0.04981783
 48  13   0.00793314
 48  18  -0.01293891
 48  28  -0.10424336
 49  11   0.00638330
 49  16  -0.00331074
 49  19  -0.00807913
 49  26   0.01571437
 49  31  -0.00389287
 49  34   0.00723332
 49  36  -0.10582717
 49  39   0.01598886
 50  12  -0.01734052
 50  17  -0.00100385
 50  20  -0.02084383
 50  27   0.00787527
 50  32  -0.00462047
 50  37   0.10968965
 51   9   0.00980552
 51  29   0.00952118
 51  40   0.01206286
 52  11  -0.01144807
 52  16   0.00235846
 52  19  -0.00963689
 52  26  -0.01138645
 52  31   0.01707086
 52  34  -0.00423067
 52  36  -0.04368578
 52  39   0.00491781
 53  10  -0.00492111
 53  15   0.01383832
 53  25  -0.00104490
 53  30   0.00832550
 53  33   0.01497877
 53  38  -0.00417149
 53  41  -0.01675433
 54  11  -0.00782755
 54  16   0.00763623
 54  19   0.00631857
 54  26   0.02123546
 54  31   0.00001709
 54  34   0.03111142
 54  36   0.03977471
 54  39   0.01864111
 55   9   0.02349458
 55  29  -0.00511573
 55  40  -0.01893277

Jf nJf  Ji nJi  Lambda =   1 2      1 2      0
-------------- OBTD ---------------------
  3   0   0.02884550
  4   1  -0.07595194
  5   2   0.06566389

-------------- TBTD ---------------------
  9   0   0.01412504
  9  21   0.00207838
  9  35   0.00231828
 10   3   0.06976144
 10  23  -0.22033609
 11   1   0.01092882
 11   4   0.01849835
 11   7  -0.00808796
 11  22  -0.00595667
 11  24   0.02379653
 12   5  -0.02081270
 12   8  -0.00996428
 13   2   0.02118711
 13   6  -0.01034825
 15   3  -0.07059041
 15  23   0.01078321
 16   1   0.02000161
 16   4  -0.05306663
 16   7   0.07628997
 16  22  -0.00996588
 16  24   0.04097192
 17   5  -0.02879496
 17   8  -0.05877982
 18   2  -0.02475654
 18   6  -0.07798994
 19   1  -0.02199088
 19   4   0.02339742
 19   7   0.07737128
 19  22   0.02820803
 19  24  -0.03851310
 20   5  -0.02941227
 20   8   0.07770249
 25   3   0.02851019
 25  23  -0.04853212
 26   1   0.00587408
 26   4   0.01943108
 26   7   0.02371650
 26  22   0.01606139
 26  24  -0.02952441
 27   5   0.02005043
 27   8  -0.01248722
 28   2   0.00384441
 28   6  -0.02839033
 29   0   0.00113149
 29  21  -0.00327442
 29  35   0.03207958
 30   3  -0.01709476
 30  23   0.07508861
 31   1   0.00623054
 31   4  -0.01407978
 31   7   0.05242518
 31  22  -0.01372161
 31  24   0.00176783
 32   5  -0.00731487
 32   8  -0.04335374
 33   3  -0.01297023
 33  23   0.04342819
 34   1   0.02380830
 34   4   0.02189451
 34   7   0.01847665
 34  22   0.00268984
 34  24  -0.00311491
 36   1   0.01123796
 36   4   0.01160535
 36   7   0.01758708
 36  22  -0.00105448
 36  24   0.02265564
 37   5  -0.00621804
 37   8  -0.00959331
 38   3   0.00051397
 38  23  -0.06627804
 39   1  -0.01118832
 39   4  -0.01093522
 39   7   0.05289201
 39  22  -0.00224011
 39  24   0.02040156
 40   0  -0.01603380
 40  21   0.00028144
 40  35   0.01235334
 41   3   0.00429384
 41  23  -0.09475716
 42   9   0.01260672
 42  29   0.00249879
 42  40   0.00170464
 43  11   0.01192996
 43  16  -0.00789052
 43  19  -0.03012212
 43  26  -0.03405164
 43  31  -0.00585577
 43  34   0.01219196
 43  36   0.02024551
 43  39  -0.02108094
 44  13   0.02068830
 44  18   0.01848705
 44  28   0.03373715
 45  10  -0.00250524
 45  15   0.00561543
 45  25  -0.04804805
 45  30   0.00291837
 45  33  -0.01374758
 45  38  -0.02086627
 45  41   0.04340940
 46  11   0.01057839
 46  16  -0.01506167
 46  19  -0.00258525
 46  26   0.05718272
 46  31  -0.01847037
 46  34   0.02056661
 46  36   0.05508905
 46  39  -0.04875459
 47  12  -0.02040797
 47  17   0.01665081
 47  20  -0.03802250
 47  27  -0.02619016
 47  32   0.00013550
 47  37   0.03224157
 48  13  -0.02023980
 48  18   0.01382626
 48  28   0.06325889
 49  11  -0.00708614
 49  16   0.00797722
 49  19   0.03818210
 49  26  -0.02697781
 49  31   0.01903342
 49  34  -0.00602131
 49  36   0.05600671
 49  39   0.01023404
 50  12   0.00145106
 50  17  -0.00431340
 50  20  -0.00289452
 50  27  -0.01923173
 50  32   0.00599678
 50  37  -0.09030030
 51   9   0.00097211
 51  29  -0.00300623
 51  40   0.03214470
 52  11   0.00616379
 52  16  -0.00769465
 52  19   0.00288395
 52  26   0.01220581
 52  31  -0.01365703
 52  34   0.00690887
 52  36   0.06943542
 52  39   0.00417574
 53  10  -0.03821881
 53  15   0.02007247
 53  25  -0.03111338
 53  30  -0.01016685
 53  33  -0.02443119
 53  38  -0.00218258
 53  41  -0.03718255
 54  11   0.02451583
 54  16   0.00205797
 54  19   0.02605824
 54  26  -0.03087095
 54  31   0.00370386
 54  34  -0.02133441
 54  36  -0.06238549
 54  39   0.00297071
 55   9  -0.01721864
 55  29   0.00037248
 55  40   0.01253500
