############################################################################################################
# initial vector basename: al260
# final   vector basename: al260
# Operator file: Rp2.int
# Zero body term: 3.51249
# Jf  nJf     Ji  nJi      Ei          Ef         <Op1b>          <Op2b>         <Op1b+2b>     <Op0b+1b+2b>
###########################################################################################################
 0.0   1     0.0   1    -92.553     -92.553    4.480894e+00   -5.965905e-01    3.884304e+00    7.396794e+00
 0.0   1     0.0   2    -92.553     -88.722    1.111808e-01   -6.650148e-03    1.045307e-01    1.045307e-01
 0.0   2     0.0   1    -88.722     -92.553    0.000000e+00    0.000000e+00    0.000000e+00    0.000000e+00
 0.0   2     0.0   2    -88.722     -88.722    4.618465e+00   -5.677672e-01    4.050698e+00    7.563188e+00
 1.0   1     1.0   1    -91.884     -91.884    4.726795e+00   -6.364816e-01    4.090313e+00    7.602803e+00
 1.0   1     1.0   2    -91.884     -91.779    1.863721e-02   -3.905797e-03    1.473141e-02    1.473141e-02
 1.0   2     1.0   1    -91.779     -91.884    0.000000e+00    0.000000e+00    0.000000e+00    0.000000e+00
 1.0   2     1.0   2    -91.779     -91.779    4.588790e+00   -5.867261e-01    4.002064e+00    7.514554e+00
