############################################################################################################
# initial vector basename: si260
# final   vector basename: si260
# Operator file: Rp2.int
# Zero body term: 3.51249
# Jf  nJf     Ji  nJi      Ei          Ef         <Op1b>          <Op2b>         <Op1b+2b>     <Op0b+1b+2b>
###########################################################################################################
 0.0   1     0.0   1    -86.843     -86.843    5.390710e+00   -5.767631e-01    4.813947e+00    8.326437e+00
 0.0   1     0.0   2    -86.843     -83.478   -1.969540e-01   -1.771410e-02   -2.146681e-01   -2.146681e-01
 0.0   2     0.0   1    -83.478     -86.843    0.000000e+00    0.000000e+00    0.000000e+00    0.000000e+00
 0.0   2     0.0   2    -83.478     -83.478    5.578958e+00   -4.958735e-01    5.083084e+00    8.595574e+00
 1.0   1     1.0   1    -80.930     -80.930    5.648773e+00   -5.342186e-01    5.114555e+00    8.627045e+00
 1.0   1     1.0   2    -80.930     -80.257    3.105047e-02    3.313921e-02    6.418968e-02    6.418968e-02
 1.0   2     1.0   1    -80.257     -80.930    0.000000e+00    0.000000e+00    0.000000e+00    0.000000e+00
 1.0   2     1.0   2    -80.257     -80.257    5.657007e+00   -5.168520e-01    5.140155e+00    8.652645e+00
