############################################################################################################
# initial vector basename: al260
# final   vector basename: al260
# Operator file: Iso2.int
# Zero body term: 0.00257859
# Jf  nJf     Ji  nJi      Ei          Ef         <Op1b>          <Op2b>         <Op1b+2b>     <Op0b+1b+2b>
###########################################################################################################
 0.0   1     0.0   1    -92.553     -92.553    7.501096e+00   -5.505399e+00    1.995698e+00    1.998276e+00
 0.0   1     0.0   2    -92.553     -88.722    3.463145e-05   -2.049377e-03   -2.014746e-03   -2.014746e-03
 0.0   2     0.0   1    -88.722     -92.553    0.000000e+00    0.000000e+00    0.000000e+00    0.000000e+00
 0.0   2     0.0   2    -88.722     -88.722    7.501101e+00   -5.510268e+00    1.990833e+00    1.993412e+00
 1.0   1     1.0   1    -91.884     -91.884    7.501226e+00   -7.496030e+00    5.196066e-03    7.774656e-03
 1.0   1     1.0   2    -91.884     -91.779   -4.726401e-05    2.054089e-04    1.581449e-04    1.581449e-04
 1.0   2     1.0   1    -91.779     -91.884    0.000000e+00    0.000000e+00    0.000000e+00    0.000000e+00
 1.0   2     1.0   2    -91.779     -91.779    7.501216e+00   -7.496378e+00    4.838003e-03    7.416593e-03
