 ! Total Interaction
 256
   1   4   1   4     0     0   0.0000
   1   4   2   5     0     0   0.0000
   2   5   2   5     0     0   0.0000
   1   4   3   6     0     0   0.0000
   2   5   3   6     0     0   0.0000
   3   6   3   6     0     0   0.0000
   1   4   1   4     1     0  -1.4933
   1   4   2   4     1     0  -4.2650
   2   4   2   4     1     0  -5.5661
   1   5   2   4     1     0   6.8817
   1   4   1   5     1     0   4.3694
   1   5   1   5     1     0  -6.3401
   1   4   2   5     1     0   1.4104
   2   4   2   5     1     0  -0.3339
   1   5   2   5     1     0   0.3561
   2   5   2   5     1     0   0.1484
   1   4   3   5     1     0   0.1042
   2   4   3   5     1     0   2.6098
   1   5   3   5     1     0  -2.5948
   2   5   3   5     1     0   0.9927
   3   5   3   5     1     0  -2.9530
   2   6   3   5     1     0   3.5379
   1   4   2   6     1     0  -0.0563
   2   4   2   6     1     0  -2.4501
   1   5   2   6     1     0   2.7728
   2   5   2   6     1     0  -1.0169
   2   6   2   6     1     0  -3.0961
   1   4   3   6     1     0  -0.9038
   2   4   3   6     1     0  -2.3922
   1   5   3   6     1     0   2.5471
   2   5   3   6     1     0  -0.2274
   3   5   3   6     1     0   0.8863
   2   6   3   6     1     0  -0.8950
   3   6   3   6     1     0  -2.5752
   1   4   1   4     2     0   0.0000
   1   4   2   4     2     0   0.0000
   2   4   2   4     2     0   0.0000
   1   5   2   4     2     0   0.0000
   1   6   2   4     2     0   0.0000
   1   4   3   4     2     0   0.0000
   2   4   3   4     2     0   0.0000
   3   4   3   4     2     0   0.0000
   1   5   3   4     2     0   0.0000
   2   5   3   4     2     0   0.0000
   1   6   3   4     2     0   0.0000
   2   6   3   4     2     0   0.0000
   1   4   1   5     2     0   0.0000
   1   5   1   5     2     0   0.0000
   1   4   2   5     2     0   0.0000
   2   4   2   5     2     0   0.0000
   1   5   2   5     2     0   0.0000
   2   5   2   5     2     0   0.0000
   1   6   2   5     2     0   0.0000
   1   4   3   5     2     0   0.0000
   2   4   3   5     2     0   0.0000
   3   4   3   5     2     0   0.0000
   1   5   3   5     2     0   0.0000
   2   5   3   5     2     0   0.0000
   3   5   3   5     2     0   0.0000
   1   6   3   5     2     0   0.0000
   2   6   3   5     2     0   0.0000
   1   4   1   6     2     0   0.0000
   1   5   1   6     2     0   0.0000
   1   6   1   6     2     0   0.0000
   1   4   2   6     2     0   0.0000
   2   4   2   6     2     0   0.0000
   1   5   2   6     2     0   0.0000
   2   5   2   6     2     0   0.0000
   1   6   2   6     2     0   0.0000
   2   6   2   6     2     0   0.0000
   1   4   1   4     3     0  -1.1710
   1   4   2   4     3     0  -1.7967
   2   4   2   4     3     0  -0.7325
   1   5   2   4     3     0   1.3609
   1   6   2   4     3     0  -1.5222
   1   4   3   4     3     0  -1.7903
   2   4   3   4     3     0  -0.9455
   3   4   3   4     3     0  -2.7434
   1   5   3   4     3     0   1.4521
   2   5   3   4     3     0   0.1729
   1   6   3   4     3     0  -3.9148
   1   4   1   5     3     0   1.8970
   1   5   1   5     3     0  -1.0398
   1   4   2   5     3     0   0.3099
   2   4   2   5     3     0  -2.2091
   1   5   2   5     3     0   2.3665
   2   5   2   5     3     0  -2.6259
   1   6   2   5     3     0   0.1106
   1   4   1   6     3     0  -1.9151
   1   5   1   6     3     0   1.1146
   1   6   1   6     3     0  -3.1781
   1   4   1   4     4     0   0.0000
   1   4   2   4     4     0   0.0000
   2   4   2   4     4     0   0.0000
   1   5   2   4     4     0   0.0000
   1   4   1   5     4     0   0.0000
   1   5   1   5     4     0   0.0000
   1   4   1   4     5     0  -3.7702
   1   1   1   1     0     1  -1.6089
   1   1   2   2     0     1  -3.7155
   2   2   2   2     0     1  -0.0380
   1   1   3   3     0     1  -1.1558
   2   2   3   3     0     1  -0.9083
   3   3   3   3     0     1  -0.6942
   1   4   1   4     0     1  -2.2564
   4   4   4   4     0     1  -2.1623
   1   4   2   5     0     1  -4.1713
   2   5   2   5     0     1  -0.4538
   4   4   5   5     0     1  -4.4606
   5   5   5   5     0     1  -0.2030
   1   4   3   6     0     1  -1.3089
   2   5   3   6     0     1  -1.0337
   3   6   3   6     0     1  -1.1657
   4   4   6   6     0     1  -1.3663
   5   5   6   6     0     1  -1.0711
   6   6   6   6     0     1  -1.1511
   1   2   1   2     1     1   0.7180
   1   2   2   3     1     1   0.0597
   2   3   2   3     1     1   0.4627
   1   4   1   4     1     1   0.0000
   1   4   2   4     1     1   0.0000
   2   4   2   4     1     1   0.0000
   1   5   2   4     1     1   0.0000
   1   4   1   5     1     1   0.0000
   1   5   1   5     1     1   0.0000
   1   4   2   5     1     1   0.0000
   2   4   2   5     1     1   0.0000
   1   5   2   5     1     1   0.0000
   2   5   2   5     1     1   0.0000
   1   4   3   5     1     1   0.0000
   2   4   3   5     1     1   0.0000
   1   5   3   5     1     1   0.0000
   2   5   3   5     1     1   0.0000
   3   5   3   5     1     1   0.0000
   2   6   3   5     1     1   0.0000
   4   5   4   5     1     1   0.4393
   1   4   2   6     1     1   0.0000
   2   4   2   6     1     1   0.0000
   1   5   2   6     1     1   0.0000
   2   5   2   6     1     1   0.0000
   2   6   2   6     1     1   0.0000
   1   4   3   6     1     1   0.0000
   2   4   3   6     1     1   0.0000
   1   5   3   6     1     1   0.0000
   2   5   3   6     1     1   0.0000
   3   5   3   6     1     1   0.0000
   2   6   3   6     1     1   0.0000
   3   6   3   6     1     1   0.0000
   4   5   5   6     1     1   0.1106
   5   6   5   6     1     1   0.3046
   1   1   1   1     2     1  -0.3912
   1   1   1   2     2     1  -0.2476
   1   2   1   2     2     1   0.6017
   1   1   2   2     2     1  -0.8307
   1   2   2   2     2     1  -0.6957
   2   2   2   2     2     1   0.1756
   1   3   2   2     2     1  -0.4345
   1   1   1   3     2     1  -0.7861
   1   2   1   3     2     1   0.1365
   1   3   1   3     2     1  -0.3528
   1   1   2   3     2     1   0.8351
   1   2   2   3     2     1   0.6739
   2   2   2   3     2     1   0.1660
   1   3   2   3     2     1   1.0735
   2   3   2   3     2     1   0.1927
   1   4   1   4     2     1  -0.8517
   1   4   2   4     2     1   0.2574
   2   4   2   4     2     1  -4.0608
   1   5   2   4     2     1  -4.8227
   1   6   2   4     2     1  -1.5161
   1   4   3   4     2     1  -0.8491
   2   4   3   4     2     1   1.1197
   3   4   3   4     2     1  -1.0649
   1   5   3   4     2     1   1.4592
   2   5   3   4     2     1  -0.4449
   1   6   3   4     2     1  -0.3682
   2   6   3   4     2     1   3.4358
   4   4   4   4     2     1  -0.8519
   1   4   1   5     2     1  -0.2767
   1   5   1   5     2     1  -4.5004
   1   4   2   5     2     1  -0.9513
   2   4   2   5     2     1   0.7508
   1   5   2   5     2     1  -0.8198
   2   5   2   5     2     1  -0.1130
   1   6   2   5     2     1  -0.5459
   1   4   3   5     2     1  -0.8897
   2   4   3   5     2     1  -0.5429
   3   4   3   5     2     1   1.0649
   1   5   3   5     2     1  -2.1429
   2   5   3   5     2     1  -0.2057
   3   5   3   5     2     1  -1.4809
   1   6   3   5     2     1  -3.5778
   2   6   3   5     2     1  -1.3299
   4   4   4   5     2     1  -0.2497
   4   5   4   5     2     1   0.3407
   4   4   5   5     2     1  -1.0123
   4   5   5   5     2     1  -0.8558
   5   5   5   5     2     1  -0.0102
   4   6   5   5     2     1  -0.5504
   1   4   1   6     2     1  -0.8899
   1   5   1   6     2     1  -1.3084
   1   6   1   6     2     1  -1.3011
   1   4   2   6     2     1   0.9827
   2   4   2   6     2     1  -2.1450
   1   5   2   6     2     1  -0.6466
   2   5   2   6     2     1   0.2267
   1   6   2   6     2     1  -1.0883
   2   6   2   6     2     1  -1.5545
   4   4   4   6     2     1  -0.9117
   4   5   4   6     2     1   0.1798
   4   6   4   6     2     1  -0.7598
   4   4   5   6     2     1   1.0032
   4   5   5   6     2     1   0.8720
   5   5   5   6     2     1   0.1991
   4   6   5   6     2     1   1.3325
   5   6   5   6     2     1   0.0343
   1   2   1   2     3     1   0.5053
   1   2   1   3     3     1  -0.1909
   1   3   1   3     3     1   0.7483
   1   4   1   4     3     1   0.0000
   1   4   2   4     3     1   0.0000
   2   4   2   4     3     1   0.0000
   1   5   2   4     3     1   0.0000
   1   6   2   4     3     1   0.0000
   1   4   3   4     3     1   0.0000
   2   4   3   4     3     1   0.0000
   3   4   3   4     3     1   0.0000
   1   5   3   4     3     1   0.0000
   2   5   3   4     3     1   0.0000
   1   6   3   4     3     1   0.0000
   1   4   1   5     3     1   0.0000
   1   5   1   5     3     1   0.0000
   1   4   2   5     3     1   0.0000
   2   4   2   5     3     1   0.0000
   1   5   2   5     3     1   0.0000
   2   5   2   5     3     1   0.0000
   1   6   2   5     3     1   0.0000
   4   5   4   5     3     1   0.2489
   1   4   1   6     3     1   0.0000
   1   5   1   6     3     1   0.0000
   1   6   1   6     3     1   0.0000
   4   5   4   6     3     1  -0.2276
   4   6   4   6     3     1   0.5264
   1   1   1   1     4     1   0.3427
   1   1   1   2     4     1  -1.2605
   1   2   1   2     4     1  -0.3826
   1   4   1   4     4     1  -0.0577
   1   4   2   4     4     1   1.3705
   2   4   2   4     4     1  -4.7491
   1   5   2   4     4     1  -3.3323
   4   4   4   4     4     1  -0.0511
   1   4   1   5     4     1  -1.3871
   1   5   1   5     4     1  -5.2313
   4   4   4   5     4     1  -1.4440
   4   5   4   5     4     1  -0.8097
   1   4   1   4     5     1   0.0000
