############################################################################################################
# initial vector basename: s_300
# final   vector basename: s_300
# Operator file: Rp2.int
# Zero body term: 3.29118
# Jf  nJf     Ji  nJi      Ei          Ef         <Op1b>          <Op2b>         <Op1b+2b>     <Op0b+1b+2b>
###########################################################################################################
 0.0   1     0.0   1   -132.109    -132.109    6.795945e+00   -5.308804e-01    6.265065e+00    9.556245e+00
 0.0   1     0.0   2   -132.109    -127.304   -8.951780e-03    1.786756e-02    8.915778e-03    8.915778e-03
 0.0   2     0.0   1   -127.304    -132.109    0.000000e+00    0.000000e+00    0.000000e+00    0.000000e+00
 0.0   2     0.0   2   -127.304    -127.304    6.677423e+00   -4.774643e-01    6.199958e+00    9.491138e+00
 1.0   1     1.0   1   -127.477    -127.477    6.675777e+00   -4.950015e-01    6.180775e+00    9.471955e+00
 1.0   1     1.0   2   -127.477    -124.515    2.282333e-02   -8.565484e-03    1.425785e-02    1.425785e-02
 1.0   2     1.0   1   -124.515    -127.477    0.000000e+00    0.000000e+00    0.000000e+00    0.000000e+00
 1.0   2     1.0   2   -124.515    -124.515    6.919794e+00   -5.020818e-01    6.417712e+00    9.708892e+00
