############################################################################################################
# initial vector basename: si300
# final   vector basename: si300
# Operator file: Rp2.int
# Zero body term: 3.29118
# Jf  nJf     Ji  nJi      Ei          Ef         <Op1b>          <Op2b>         <Op1b+2b>     <Op0b+1b+2b>
###########################################################################################################
 0.0   1     0.0   1   -143.741    -143.741    4.935705e+00   -6.842448e-01    4.251460e+00    7.542640e+00
 0.0   1     0.0   2   -143.741    -138.766   -4.135710e-02    4.099125e-03   -3.725797e-02   -3.725797e-02
 0.0   2     0.0   1   -138.766    -143.741    0.000000e+00    0.000000e+00    0.000000e+00    0.000000e+00
 0.0   2     0.0   2   -138.766    -138.766    4.878643e+00   -6.661970e-01    4.212446e+00    7.503626e+00
 1.0   1     1.0   1   -138.940    -138.940    4.884383e+00   -6.717822e-01    4.212601e+00    7.503781e+00
 1.0   1     1.0   2   -138.940    -136.117    4.344466e-02   -1.018250e-02    3.326215e-02    3.326215e-02
 1.0   2     1.0   1   -136.117    -138.940    0.000000e+00    0.000000e+00    0.000000e+00    0.000000e+00
 1.0   2     1.0   2   -136.117    -136.117    5.160826e+00   -6.302787e-01    4.530547e+00    7.821727e+00
