############################################################################################################
# initial vector basename: p_300
# final   vector basename: p_300
# Operator file: Rn2.int
# Zero body term: 3.23869
# Jf  nJf     Ji  nJi      Ei          Ef         <Op1b>          <Op2b>         <Op1b+2b>     <Op0b+1b+2b>
###########################################################################################################
 0.0   1     0.0   1   -138.343    -138.343    5.579904e+00   -4.656938e-01    5.114210e+00    8.352900e+00
 0.0   1     0.0   2   -138.343    -133.263   -1.402597e-02   -1.313301e-02   -2.715897e-02   -2.715897e-02
 0.0   2     0.0   1   -133.263    -138.343    0.000000e+00    0.000000e+00    0.000000e+00    0.000000e+00
 0.0   2     0.0   2   -133.263    -133.263    5.495692e+00   -4.473539e-01    5.048338e+00    8.287028e+00
 1.0   1     1.0   1   -138.949    -138.949    5.661162e+00   -4.780533e-01    5.183109e+00    8.421799e+00
 1.0   1     1.0   2   -138.949    -137.823   -5.059128e-02    1.849712e-04   -5.040631e-02   -5.040631e-02
 1.0   2     1.0   1   -137.823    -138.949    0.000000e+00    0.000000e+00    0.000000e+00    0.000000e+00
 1.0   2     1.0   2   -137.823    -137.823    5.525984e+00   -4.870210e-01    5.038963e+00    8.277653e+00
