############################################################################################################
# initial vector basename: p_300
# final   vector basename: p_300
# Operator file: Iso2.int
# Zero body term: 0.0058885
# Jf  nJf     Ji  nJi      Ei          Ef         <Op1b>          <Op2b>         <Op1b+2b>     <Op0b+1b+2b>
###########################################################################################################
 0.0   1     0.0   1   -138.343    -138.343    1.048730e+01   -8.488946e+00    1.998349e+00    2.004238e+00
 0.0   1     0.0   2   -138.343    -133.263    3.036615e-04    3.728429e-05    3.409458e-04    3.409458e-04
 0.0   2     0.0   1   -133.263    -138.343    0.000000e+00    0.000000e+00    0.000000e+00    0.000000e+00
 0.0   2     0.0   2   -133.263    -133.263    1.048785e+01   -8.506376e+00    1.981477e+00    1.987365e+00
 1.0   1     1.0   1   -138.950    -138.950    1.048746e+01   -1.048620e+01    1.261911e-03    7.150411e-03
 1.0   1     1.0   2   -138.950    -137.824   -5.351287e-05    1.015304e-04    4.801748e-05    4.801748e-05
 1.0   2     1.0   1   -137.824    -138.950    0.000000e+00    0.000000e+00    0.000000e+00    0.000000e+00
 1.0   2     1.0   2   -137.824    -137.824    1.048725e+01   -1.048515e+01    2.098588e-03    7.987088e-03
