############################################################################################################
# initial vector basename: p_300
# final   vector basename: p_300
# Operator file: VCoul.int
# Zero body term: 14.5677
# Jf  nJf     Ji  nJi      Ei          Ef         <Op1b>          <Op2b>         <Op1b+2b>     <Op0b+1b+2b>
###########################################################################################################
 0.0   1     0.0   1   -138.343    -138.343    2.201679e+01    9.693278e+00    3.171007e+01    4.627777e+01
 0.0   1     0.0   2   -138.343    -133.263   -6.716304e-02   -5.525173e-02   -1.224148e-01   -1.224148e-01
 0.0   2     0.0   1   -133.263    -138.343    0.000000e+00    0.000000e+00    0.000000e+00    0.000000e+00
 0.0   2     0.0   2   -133.263    -133.263    2.211237e+01    9.667374e+00    3.177974e+01    4.634744e+01
 1.0   1     1.0   1   -138.950    -138.950    2.187244e+01    9.670020e+00    3.154246e+01    4.611016e+01
 1.0   1     1.0   2   -138.950    -137.824    7.872138e-02    1.134666e-02    9.006805e-02    9.006805e-02
 1.0   2     1.0   1   -137.824    -138.950    0.000000e+00    0.000000e+00    0.000000e+00    0.000000e+00
 1.0   2     1.0   2   -137.824    -137.824    2.211627e+01    9.783716e+00    3.189999e+01    4.646769e+01
