############################################################################################################
# initial vector basename: s_300
# final   vector basename: s_300
# Operator file: Rn2.int
# Zero body term: 3.23869
# Jf  nJf     Ji  nJi      Ei          Ef         <Op1b>          <Op2b>         <Op1b+2b>     <Op0b+1b+2b>
###########################################################################################################
 0.0   1     0.0   1   -132.109    -132.109    4.727866e+00   -5.196359e-01    4.208230e+00    7.446920e+00
 0.0   1     0.0   2   -132.109    -127.304    2.734867e-02   -1.015054e-03    2.633361e-02    2.633361e-02
 0.0   2     0.0   1   -127.304    -132.109    0.000000e+00    0.000000e+00    0.000000e+00    0.000000e+00
 0.0   2     0.0   2   -127.304    -127.304    4.679175e+00   -5.126240e-01    4.166551e+00    7.405241e+00
 1.0   1     1.0   1   -127.477    -127.477    4.685411e+00   -5.168311e-01    4.168580e+00    7.407270e+00
 1.0   1     1.0   2   -127.477    -124.515   -4.496548e-02    6.515679e-03   -3.844980e-02   -3.844980e-02
 1.0   2     1.0   1   -124.515    -127.477    0.000000e+00    0.000000e+00    0.000000e+00    0.000000e+00
 1.0   2     1.0   2   -124.515    -124.515    4.891812e+00   -4.716911e-01    4.420121e+00    7.658811e+00
