# One and two body transition densities
#
# One-body basis:
# i   n   l   2j  2tz (proton=+1)
  0   0   2   5   1
  1   0   2   3   1
  2   1   0   1   1
  3   0   2   5  -1
  4   0   2   3  -1
  5   1   0   1  -1
# Two-body basis: 
# i   a   b   J
  0   0   0   0
  1   0   0   2
  2   0   0   4
  3   0   1   1
  4   0   1   2
  5   0   1   3
  6   0   1   4
  7   0   2   2
  8   0   2   3
  9   0   3   0
 10   0   3   1
 11   0   3   2
 12   0   3   3
 13   0   3   4
 14   0   3   5
 15   0   4   1
 16   0   4   2
 17   0   4   3
 18   0   4   4
 19   0   5   2
 20   0   5   3
 21   1   1   0
 22   1   1   2
 23   1   2   1
 24   1   2   2
 25   1   3   1
 26   1   3   2
 27   1   3   3
 28   1   3   4
 29   1   4   0
 30   1   4   1
 31   1   4   2
 32   1   4   3
 33   1   5   1
 34   1   5   2
 35   2   2   0
 36   2   3   2
 37   2   3   3
 38   2   4   1
 39   2   4   2
 40   2   5   0
 41   2   5   1
 42   3   3   0
 43   3   3   2
 44   3   3   4
 45   3   4   1
 46   3   4   2
 47   3   4   3
 48   3   4   4
 49   3   5   2
 50   3   5   3
 51   4   4   0
 52   4   4   2
 53   4   5   1
 54   4   5   2
 55   5   5   0

Jf nJf  Ji nJi  Lambda =   0 1      0 1      0
-------------- OBTD ---------------------
  3   0  -0.11030572
  4   1  -0.32978593
  5   2  -0.34240060

-------------- TBTD ---------------------
  9   0  -0.17535260
  9  21  -0.16453080
  9  35  -0.11519976
 10   3   0.02875150
 10  23  -0.01973363
 11   1  -0.09861096
 11   4  -0.00014362
 11   7   0.02924697
 11  22   0.03848687
 11  24  -0.08716805
 12   5   0.00442815
 12   8   0.01883708
 13   2  -0.15872664
 13   6   0.02073495
 15   3  -0.25969660
 15  23   0.01616726
 16   1  -0.01366619
 16   4  -0.29328225
 16   7  -0.04261723
 16  22  -0.01268396
 16  24  -0.00450963
 17   5  -0.32019480
 17   8   0.02499852
 18   2   0.01391896
 18   6  -0.41845088
 19   1   0.01642285
 19   4  -0.04569854
 19   7  -0.45712859
 19  22  -0.03044374
 19  24   0.03120332
 20   5   0.04116365
 20   8  -0.56323706
 25   3   0.01420903
 25  23  -0.02260019
 26   1  -0.01401846
 26   4   0.02021704
 26   7   0.00141799
 26  22  -0.03817985
 26  24   0.04658853
 27   5  -0.02904086
 27   8   0.02636442
 28   2  -0.01540661
 28   6   0.05999428
 29   0  -0.16160101
 29  21  -0.34670566
 29  35  -0.26439428
 30   3  -0.02808999
 30  23  -0.00929963
 31   1   0.03751764
 31   4   0.01804089
 31   7   0.01542816
 31  22  -0.14093613
 31  24   0.01055129
 32   5   0.02802181
 32   8   0.03451234
 33   3   0.03249572
 33  23  -0.08298463
 34   1  -0.08294390
 34   4  -0.07396066
 34   7  -0.10745750
 34  22  -0.00022517
 34  24  -0.10737627
 36   1   0.02417563
 36   4   0.00292548
 36   7  -0.04124399
 36  22   0.05388336
 36  24  -0.10302523
 37   5  -0.01023015
 37   8   0.10903131
 38   3  -0.03796454
 38  23  -0.08074729
 39   1   0.03626686
 39   4  -0.02452717
 39   7  -0.03584325
 39  22  -0.01413746
 39  24   0.14893750
 40   0  -0.10995663
 40  21  -0.25997208
 40  35  -0.34888860
 41   3   0.10920952
 41  23  -0.01047857
 42   9   0.06812888
 42  29   0.12662016
 42  40   0.17779232
 43  11  -0.11429234
 43  16  -0.00471886
 43  19   0.00334529
 43  26   0.03262926
 43  31  -0.00939562
 43  34  -0.00366581
 43  36  -0.00508731
 43  39   0.05162746
 44  13  -0.15897699
 44  18   0.00315926
 44  28  -0.00209232
 45  10  -0.02803194
 45  15  -0.00382048
 45  25  -0.27654563
 45  30   0.02792711
 45  33  -0.01754887
 45  38   0.05463532
 45  41  -0.11003960
 46  11  -0.02570281
 46  16  -0.01749936
 46  19  -0.01128360
 46  26   0.29052219
 46  31  -0.02690321
 46  34   0.05439076
 46  36  -0.06051526
 46  39   0.04525838
 47  12  -0.00448981
 47  17  -0.05242130
 47  20   0.01552754
 47  27  -0.34465124
 47  32  -0.02809170
 47  37  -0.04633459
 48  13   0.00341712
 48  18  -0.03507880
 48  28   0.39380351
 49  11  -0.00153491
 49  16  -0.01646844
 49  19  -0.05607405
 49  26   0.05626247
 49  31  -0.06167885
 49  34   0.12044615
 49  36  -0.47196911
 49  39   0.02226984
 50  12  -0.01832668
 50  17   0.03176159
 50  20  -0.10074125
 50  27   0.02992724
 50  32  -0.03589451
 50  37   0.55492429
 51   9   0.12639268
 51  29   0.05256367
 51  40   0.08542098
 52  11  -0.00950589
 52  16   0.00624917
 52  19  -0.00125271
 52  26   0.04436182
 52  31  -0.11374067
 52  34   0.01528663
 52  36  -0.08590065
 52  39  -0.00084969
 53  10   0.01775053
 53  15  -0.00089020
 53  25   0.03683648
 53  30   0.00908867
 53  33  -0.08698674
 53  38  -0.08864589
 53  41   0.00978989
 54  11  -0.03746395
 54  16  -0.01635083
 54  19  -0.01818817
 54  26  -0.02621677
 54  31   0.01116718
 54  34  -0.13395477
 54  36   0.11675724
 54  39   0.09162079
 55   9   0.17827848
 55  29   0.08665698
 55  40  -0.01655283

Jf nJf  Ji nJi  Lambda =   0 2      0 1      0
-------------- OBTD ---------------------
  3   0   0.02973646
  4   1  -0.26620213
  5   2   0.33046108

-------------- TBTD ---------------------
  9   0  -0.01883033
  9  21   0.02820932
  9  35  -0.14343779
 10   3  -0.01129697
 10  23   0.04782986
 11   1   0.04193531
 11   4   0.00208254
 11   7   0.00388283
 11  22   0.01702661
 11  24  -0.00637186
 12   5  -0.01526871
 12   8  -0.02047589
 13   2   0.04926355
 13   6  -0.01373360
 15   3  -0.21609834
 15  23  -0.01304520
 16   1  -0.03157417
 16   4  -0.24559570
 16   7  -0.02805047
 16  22  -0.03898902
 16  24   0.06526474
 17   5  -0.26453098
 17   8   0.01864305
 18   2   0.02018036
 18   6  -0.35207324
 19   1   0.00783377
 19   4   0.02230956
 19   7   0.46940480
 19  22   0.01928198
 19  24  -0.00035538
 20   5  -0.03381795
 20   8   0.52542646
 25   3  -0.00604745
 25  23  -0.03234999
 26   1  -0.01057612
 26   4   0.00076645
 26   7   0.01035999
 26  22  -0.03559532
 26  24  -0.01866863
 27   5  -0.01051706
 27   8  -0.03138823
 28   2   0.01497567
 28   6   0.02104681
 29   0  -0.15015212
 29  21  -0.30569410
 29  35  -0.28635014
 30   3  -0.04769453
 30  23   0.02653488
 31   1   0.05127214
 31   4   0.02502706
 31   7   0.14705396
 31  22  -0.09856264
 31  24   0.03432092
 32   5   0.05278729
 32   8   0.02405244
 33   3  -0.00840609
 33  23   0.08144385
 34   1   0.04941288
 34   4   0.01880458
 34   7   0.01095485
 34  22  -0.00970725
 34  24   0.11394635
 36   1  -0.00611394
 36   4  -0.01270280
 36   7   0.04730917
 36  22  -0.00203908
 36  24   0.09793874
 37   5  -0.04872487
 37   8  -0.07266491
 38   3  -0.04652574
 38  23  -0.08166734
 39   1   0.03911702
 39   4  -0.08481631
 39   7   0.02425264
 39  22  -0.00294750
 39  24   0.07236530
 40   0   0.10777244
 40  21   0.23629187
 40  35   0.30813759
 41   3  -0.03027409
 41  23   0.00731630
 42   9  -0.02543066
 42  29   0.04439185
 42  40  -0.13811830
 43  11   0.02835608
 43  16   0.01868351
 43  19  -0.00701110
 43  26   0.01886909
 43  31   0.00031963
 43  34  -0.06621616
 43  36  -0.00668716
 43  39  -0.07075088
 44  13   0.04939216
 44  18  -0.00652605
 44  28  -0.02994968
 45  10  -0.00940154
 45  15   0.00856956
 45  25  -0.22942828
 45  30   0.05267206
 45  33  -0.05325813
 45  38   0.02202401
 45  41  -0.03373959
 46  11   0.00225520
 46  16   0.02726231
 46  19  -0.01036966
 46  26   0.24266190
 46  31  -0.01202923
 46  34   0.08111342
 46  36   0.02925566
 46  39  -0.02679527
 47  12   0.00950728
 47  17  -0.01303879
 47  20   0.05106749
 47  27  -0.26921300
 47  32  -0.05726286
 47  37   0.04788213
 48  13   0.00468021
 48  18  -0.00333093
 48  28   0.36547239
 49  11  -0.00143353
 49  16   0.01290073
 49  19   0.02821098
 49  26  -0.00113464
 49  31   0.06160614
 49  34  -0.10104836
 49  36   0.44614556
 49  39  -0.02402050
 50  12  -0.00254013
 50  17  -0.00962242
 50  20   0.03000339
 50  27   0.02529784
 50  32   0.01727132
 50  37  -0.55636915
 51   9   0.03297341
 51  29  -0.01125519
 51  40  -0.04609416
 52  11  -0.00161968
 52  16   0.01402587
 52  19   0.02554052
 52  26   0.05854740
 52  31  -0.06723547
 52  34   0.00518292
 52  36   0.01791052
 52  39   0.00185128
 53  10  -0.05163523
 53  15   0.00128007
 53  25  -0.04355165
 53  30   0.00261328
 53  33  -0.04320042
 53  38   0.06337366
 53  41  -0.00834459
 54  11  -0.01944965
 54  16   0.01348966
 54  19   0.02217617
 54  26  -0.11090755
 54  31  -0.00164661
 54  34  -0.06367785
 54  36  -0.04748242
 54  39  -0.08116013
 55   9  -0.10529643
 55  29  -0.02556767
 55  40   0.03053506

Jf nJf  Ji nJi  Lambda =   0 1      0 2      0
-------------- OBTD ---------------------
  3   0   0.03125807
  4   1  -0.27601162
  5   2   0.33046346

-------------- TBTD ---------------------
  9   0  -0.01776647
  9  21  -0.14847203
  9  35   0.10564785
 10   3   0.00898169
 10  23   0.06437840
 11   1   0.04384291
 11   4  -0.01568014
 11   7   0.00021579
 11  22   0.05523491
 11  24   0.00833892
 12   5  -0.01127474
 12   8  -0.00257908
 13   2   0.05126783
 13   6   0.00536665
 15   3  -0.23695143
 15  23  -0.05422669
 16   1  -0.01804533
 16   4  -0.26746539
 16   7   0.00150768
 16  22  -0.02074121
 16  24   0.10801743
 17   5  -0.27614381
 17   8   0.02420600
 18   2   0.00778141
 18   6  -0.37201127
 19   1   0.00101121
 19   4  -0.00379256
 19   7   0.46606585
 19  22   0.08762717
 19  24  -0.01581255
 20   5  -0.05372474
 20   8   0.55660120
 25   3   0.00648864
 25  23  -0.00401181
 26   1  -0.01970285
 26   4  -0.01081002
 26   7  -0.01199658
 26  22  -0.05537551
 26  24  -0.00448941
 27   5  -0.01113571
 27   8  -0.01470985
 28   2   0.02725992
 28   6   0.00817369
 29   0   0.02578462
 29  21  -0.30970730
 29  35   0.24038707
 30   3  -0.05254839
 30  23  -0.00369518
 31   1   0.01602311
 31   4  -0.00245907
 31   7   0.01405264
 31  22  -0.10256765
 31  24  -0.00398737
 32   5   0.05742091
 32   8  -0.01586590
 33   3   0.01925094
 33  23   0.05820949
 34   1   0.06006359
 34   4   0.00776457
 34   7   0.10412669
 34  22   0.02000649
 34  24   0.09872265
 36   1   0.00164719
 36   4  -0.03868701
 36   7   0.04727698
 36  22   0.11018495
 36  24   0.02715003
 37   5  -0.04695272
 37   8  -0.04452182
 38   3  -0.05891737
 38  23  -0.05754175
 39   1   0.07156870
 39   4  -0.06769834
 39   7   0.01889782
 39  22  -0.03175782
 39  24   0.06575533
 40   0  -0.13764392
 40  21  -0.28929859
 40  35   0.30763792
 41   3   0.04391146
 41  23   0.01139998
 42   9  -0.01869217
 42  29   0.04814881
 42  40  -0.10681033
 43  11   0.02995388
 43  16   0.02197917
 43  19  -0.00913026
 43  26   0.02001275
 43  31  -0.00095795
 43  34  -0.06429009
 43  36   0.00529791
 43  39  -0.03971165
 44  13   0.05160017
 44  18  -0.01311027
 44  28  -0.02171376
 45  10   0.01184038
 45  15  -0.00426951
 45  25  -0.22587031
 45  30   0.04701202
 45  33  -0.04047427
 45  38  -0.00618521
 45  41   0.04274217
 46  11  -0.00188908
 46  16   0.01483679
 46  19  -0.01141295
 46  26   0.24008734
 46  31  -0.03279972
 46  34   0.09424451
 46  36   0.02638152
 46  39  -0.03863469
 47  12   0.01473864
 47  17  -0.01482312
 47  20   0.04584072
 47  27  -0.27942135
 47  32  -0.05329427
 47  37   0.03554569
 48  13   0.01592193
 48  18  -0.01153080
 48  28   0.36530640
 49  11  -0.01085353
 49  16   0.01974531
 49  19   0.02254606
 49  26   0.00419501
 49  31   0.02234259
 49  34  -0.02819198
 49  36   0.45042611
 49  39  -0.02739860
 50  12   0.01789606
 50  17  -0.02162214
 50  20   0.06417998
 50  27   0.03090379
 50  32  -0.02373229
 50  37  -0.52549994
 51   9   0.04730213
 51  29  -0.00585389
 51  40  -0.01989521
 52  11  -0.00184954
 52  16   0.02710777
 52  19   0.03060948
 52  26   0.04514749
 52  31  -0.07142878
 52  34   0.00672748
 52  36   0.05675517
 52  39   0.00750226
 53  10  -0.04381024
 53  15  -0.02421433
 53  25  -0.00259503
 53  30  -0.02144823
 53  33  -0.06810543
 53  38   0.08720551
 53  41  -0.00533472
 54  11   0.00189773
 54  16   0.02689536
 54  19   0.00862986
 54  26  -0.07058584
 54  31   0.00537536
 54  34  -0.08799017
 54  36  -0.09799021
 54  39  -0.09669286
 55   9  -0.13987401
 55  29  -0.05415480
 55  40   0.02778485

Jf nJf  Ji nJi  Lambda =   0 2      0 2      0
-------------- OBTD ---------------------
  3   0  -0.17550475
  4   1  -0.32128788
  5   2  -0.23714680

-------------- TBTD ---------------------
  9   0   0.00117497
  9  21   0.08303603
  9  35   0.14061004
 10   3   0.02097125
 10  23   0.01398984
 11   1  -0.18684148
 11   4  -0.00648113
 11   7  -0.00076406
 11  22  -0.01161921
 11  24  -0.09718488
 12   5  -0.00089672
 12   8  -0.00508602
 13   2  -0.28193147
 13   6   0.01779300
 15   3  -0.28591350
 15  23  -0.04390299
 16   1  -0.02035117
 16   4  -0.36072159
 16   7  -0.00357042
 16  22  -0.00893894
 16  24   0.09418759
 17   5  -0.34024296
 17   8   0.04348931
 18   2   0.00602809
 18   6  -0.43917484
 19   1  -0.00269675
 19   4   0.00018701
 19   7  -0.37031966
 19  22  -0.09689078
 19  24  -0.00801803
 20   5   0.01890249
 20   8  -0.40808920
 25   3  -0.02571694
 25  23  -0.02082090
 26   1  -0.01195334
 26   4   0.07704665
 26   7  -0.02493681
 26  22  -0.07596475
 26  24  -0.00230972
 27   5  -0.07616994
 27   8   0.03195352
 28   2  -0.01385480
 28   6   0.07689805
 29   0   0.08511050
 29  21  -0.23450848
 29  35   0.27228436
 30   3  -0.05213328
 30  23  -0.01118166
 31   1  -0.01074636
 31   4   0.04505518
 31   7  -0.11544042
 31  22  -0.14533976
 31  24  -0.02827547
 32   5   0.05883825
 32   8  -0.01207081
 33   3   0.01264576
 33  23  -0.01719707
 34   1  -0.06318046
 34   4  -0.02812956
 34   7  -0.00830832
 34  22  -0.02987590
 34  24  -0.03042676
 36   1   0.00507585
 36   4   0.02108351
 36   7  -0.12084239
 36  22  -0.06108046
 36  24  -0.03599477
 37   5  -0.05637905
 37   8   0.11516782
 38   3  -0.07946010
 38  23  -0.02608488
 39   1   0.06453006
 39   4  -0.12547461
 39   7   0.01069974
 39  22   0.00683771
 39  24   0.06353239
 40   0   0.14450718
 40  21   0.27543385
 40  35  -0.24186484
 41   3   0.03288932
 41  23   0.00888383
 42   9  -0.01066729
 42  29   0.10242747
 42  40   0.09520583
 43  11  -0.17905516
 43  16  -0.00484603
 43  19   0.01754083
 43  26   0.03581809
 43  31   0.01159767
 43  34  -0.05317820
 43  36   0.00751789
 43  39   0.04431970
 44  13  -0.25981469
 44  18   0.02654066
 44  28  -0.01648568
 45  10  -0.01959013
 45  15  -0.03874885
 45  25  -0.29646924
 45  30   0.05432611
 45  33  -0.05635890
 45  38   0.02852445
 45  41  -0.02452546
 46  11  -0.02756351
 46  16  -0.02777378
 46  19  -0.02358223
 46  26   0.30503796
 46  31  -0.02892089
 46  34   0.11602335
 46  36  -0.04607549
 46  39   0.02683793
 47  12  -0.00223313
 47  17  -0.06261124
 47  20   0.04168499
 47  27  -0.33473514
 47  32  -0.06051499
 47  37  -0.01855860
 48  13   0.02694357
 48  18  -0.06051010
 48  28   0.42516314
 49  11   0.01955291
 49  16  -0.02249246
 49  19  -0.05998036
 49  26   0.04855141
 49  31  -0.00354981
 49  34   0.02166856
 49  36  -0.31753432
 49  39   0.00799287
 50  12   0.00554239
 50  17   0.02382861
 50  20  -0.10781471
 50  27   0.03616821
 50  32   0.01028266
 50  37   0.40543636
 51   9   0.11014149
 51  29   0.01993376
 51  40   0.06174313
 52  11   0.01189870
 52  16   0.01984152
 52  19   0.01421237
 52  26   0.06388337
 52  31  -0.06680238
 52  34   0.01970570
 52  36  -0.02663672
 52  39   0.01036564
 53  10  -0.01308816
 53  15  -0.00227581
 53  25  -0.02499347
 53  30   0.01032818
 53  33  -0.05738072
 53  38  -0.04696836
 53  41  -0.00511449
 54  11  -0.06278820
 54  16   0.00136271
 54  19  -0.00584741
 54  26  -0.08971547
 54  31   0.00815537
 54  34  -0.09673695
 54  36   0.04357000
 54  39   0.06118358
 55   9   0.11104161
 55  29   0.06975287
 55  40  -0.00804896

Jf nJf  Ji nJi  Lambda =   1 1      1 1      0
-------------- OBTD ---------------------
  3   0   0.02414839
  4   1  -0.11825185
  5   2   0.12912170

-------------- TBTD ---------------------
  9   0  -0.00406930
  9  21   0.03859540
  9  35  -0.05904441
 10   3  -0.00639749
 10  23   0.01414286
 11   1   0.02685371
 11   4  -0.00127556
 11   7  -0.00199692
 11  22   0.00195503
 11  24   0.00099116
 12   5  -0.00759580
 12   8  -0.00908880
 13   2   0.04028509
 13   6   0.00274106
 15   3  -0.10896076
 15  23  -0.01721816
 16   1  -0.00279638
 16   4  -0.12302915
 16   7   0.02832240
 16  22  -0.04018660
 16  24   0.06052054
 17   5  -0.12183490
 17   8   0.01464809
 18   2   0.00259352
 18   6  -0.17290012
 19   1   0.00065212
 19   4   0.00535261
 19   7   0.19177942
 19  22   0.01033567
 19  24  -0.02139319
 20   5  -0.01312528
 20   8   0.22537721
 25   3   0.01041061
 25  23  -0.01577123
 26   1  -0.00424979
 26   4  -0.01814135
 26   7   0.00211230
 26  22  -0.02030338
 26  24  -0.02182384
 27   5   0.00695438
 27   8  -0.01326332
 28   2   0.00034709
 28   6   0.00003279
 29   0   0.01507767
 29  21   0.00889601
 29  35  -0.02941054
 30   3   0.01106185
 30  23   0.07399494
 31   1   0.00994020
 31   4   0.00201213
 31   7   0.06074087
 31  22  -0.02973691
 31  24  -0.00273901
 32   5  -0.00451013
 32   8   0.01915055
 33   3   0.01723134
 33  23   0.11839769
 34   1   0.04359027
 34   4   0.02689452
 34   7   0.00539306
 34  22   0.00997791
 34  24   0.01964798
 36   1  -0.01153090
 36   4  -0.00263369
 36   7   0.00320660
 36  22  -0.00424345
 36  24   0.01940692
 37   5  -0.00296990
 37   8  -0.03020352
 38   3  -0.03831845
 38  23  -0.11956276
 39   1   0.03976666
 39   4  -0.01008056
 39   7   0.06489955
 39  22   0.01169657
 39  24   0.02777613
 40   0  -0.06632247
 40  21   0.00358899
 40  35   0.00290667
 41   3  -0.01926117
 41  23   0.03821245
 42   9  -0.00389253
 42  29   0.03789318
 42  40  -0.05792165
 43  11   0.02679749
 43  16   0.00466934
 43  19  -0.00566082
 43  26   0.00611005
 43  31   0.00223032
 43  34  -0.02611321
 43  36   0.00287711
 43  39  -0.02724521
 44  13   0.04021144
 44  18  -0.00698331
 44  28  -0.01064222
 45  10   0.00882751
 45  15  -0.00142420
 45  25  -0.09721626
 45  30   0.01313446
 45  33  -0.02846537
 45  38  -0.00409570
 45  41   0.04029260
 46  11   0.00094896
 46  16   0.00459570
 46  19  -0.00686538
 46  26   0.10991034
 46  31  -0.01410289
 46  34   0.03858431
 46  36   0.03258566
 46  39  -0.04317457
 47  12   0.01057151
 47  17  -0.00250398
 47  20   0.02777049
 47  27  -0.11310262
 47  32  -0.02347606
 47  37   0.02643276
 48  13   0.00165262
 48  18  -0.00723742
 48  28   0.16586203
 49  11  -0.00786129
 49  16   0.00798821
 49  19   0.01186669
 49  26   0.00458594
 49  31   0.00477403
 49  34  -0.02354258
 49  36   0.18282321
 49  39  -0.02224108
 50  12   0.00747819
 50  17  -0.01524979
 50  20   0.03744166
 50  27   0.00527149
 50  32   0.00921999
 50  37  -0.21836120
 51   9   0.01586579
 51  29   0.00853957
 51  40  -0.02783841
 52  11   0.00952642
 52  16   0.01482987
 52  19   0.02612568
 52  26   0.01199020
 52  31  -0.02934026
 52  34  -0.00875003
 52  36   0.05863973
 52  39  -0.00562047
 53  10  -0.02943155
 53  15  -0.01066941
 53  25  -0.01122800
 53  30  -0.00471738
 53  33  -0.03244364
 53  38   0.02957575
 53  41  -0.00665036
 54  11   0.00234056
 54  16   0.01441340
 54  19   0.00275542
 54  26  -0.02197804
 54  31  -0.00162745
 54  34  -0.03181698
 54  36  -0.06216942
 54  39  -0.02364127
 55   9  -0.06729604
 55  29   0.00257075
 55  40   0.00354202

Jf nJf  Ji nJi  Lambda =   1 2      1 1      0
-------------- OBTD ---------------------
  3   0   0.00404964
  4   1  -0.06619498
  5   2   0.08662004

-------------- TBTD ---------------------
  9   0   0.00662190
  9  21   0.02457794
  9  35  -0.03558503
 10   3   0.00406377
 10  23   0.07030391
 11   1   0.00327761
 11   4   0.00071143
 11   7  -0.00504704
 11  22   0.00838999
 11  24  -0.00282391
 12   5   0.00919675
 12   8   0.00211927
 13   2   0.00831864
 13   6   0.00126963
 15   3  -0.05634006
 15  23   0.01961667
 16   1  -0.00066626
 16   4  -0.07074612
 16   7   0.00528259
 16  22  -0.04153893
 16  24   0.00260786
 17   5  -0.08675689
 17   8   0.00914044
 18   2   0.01229205
 18   6  -0.08824530
 19   1  -0.00901651
 19   4   0.01422930
 19   7   0.10911315
 19  22   0.02854039
 19  24   0.02270160
 20   5   0.02810024
 20   8   0.16700035
 25   3  -0.01343845
 25  23  -0.03507713
 26   1  -0.00170736
 26   4  -0.01680323
 26   7   0.01320703
 26  22  -0.03567468
 26  24  -0.02948854
 27   5   0.00615988
 27   8  -0.01371530
 28   2   0.00774237
 28   6   0.01198826
 29   0   0.03414878
 29  21   0.00520966
 29  35  -0.01675770
 30   3  -0.03667039
 30  23  -0.02680213
 31   1  -0.00425274
 31   4   0.00222573
 31   7   0.00640694
 31  22  -0.01180516
 31  24  -0.00082637
 32   5   0.00315662
 32   8   0.01152123
 33   3  -0.05040887
 33  23   0.10928773
 34   1   0.01771632
 34   4  -0.01963276
 34   7  -0.00338808
 34  22  -0.03196672
 34  24  -0.00926972
 36   1  -0.00382854
 36   4  -0.01147689
 36   7   0.01386381
 36  22  -0.01974752
 36  24   0.00734613
 37   5   0.02642531
 37   8   0.00423918
 38   3   0.04676603
 38  23  -0.09492395
 39   1   0.01886600
 39   4  -0.04825764
 39   7   0.01829911
 39  22  -0.02907463
 39  24  -0.00791436
 40   0  -0.02972332
 40  21  -0.00424423
 40  35   0.00219533
 41   3  -0.00911735
 41  23   0.23081817
 42   9   0.00627239
 42  29   0.02457017
 42  40  -0.03471590
 43  11   0.00333283
 43  16   0.00690201
 43  19  -0.00166065
 43  26   0.00581155
 43  31   0.00803519
 43  34  -0.02846823
 43  36  -0.00503258
 43  39  -0.02440222
 44  13   0.00833400
 44  18  -0.00541716
 44  28  -0.00708430
 45  10   0.00221130
 45  15  -0.00992191
 45  25  -0.05963917
 45  30   0.00578576
 45  33  -0.02567621
 45  38   0.00989993
 45  41  -0.00209120
 46  11   0.00052836
 46  16   0.00395177
 46  19  -0.00914397
 46  26   0.05811133
 46  31  -0.00402615
 46  34   0.02045240
 46  36   0.00083293
 46  39  -0.01205056
 47  12   0.00349067
 47  17  -0.01077699
 47  20   0.01615221
 47  27  -0.07003319
 47  32  -0.01443493
 47  37   0.02095441
 48  13   0.00333127
 48  18  -0.00204460
 48  28   0.09811772
 49  11  -0.00889540
 49  16   0.00627122
 49  19   0.00647287
 49  26   0.00341467
 49  31   0.00608845
 49  34  -0.01357832
 49  36   0.11678939
 49  39  -0.04382994
 50  12   0.00168940
 50  17  -0.00501945
 50  20   0.01257541
 50  27   0.00653779
 50  32   0.01628592
 50  37  -0.15043707
 51   9   0.03403391
 51  29   0.00522871
 51  40  -0.01576818
 52  11  -0.00426844
 52  16   0.00661903
 52  19   0.00786960
 52  26   0.00376602
 52  31  -0.01198544
 52  34  -0.00234986
 52  36   0.00161880
 52  39  -0.00135952
 53  10  -0.01029941
 53  15  -0.00572675
 53  25   0.00100223
 53  30  -0.00560493
 53  33  -0.01283474
 53  38   0.02772017
 53  41  -0.01133969
 54  11  -0.00106595
 54  16   0.01004857
 54  19   0.00128551
 54  26  -0.01798772
 54  31  -0.00234232
 54  34  -0.01284400
 54  36  -0.02386197
 54  39  -0.01091906
 55   9  -0.03115946
 55  29  -0.00469102
 55  40   0.00240333

Jf nJf  Ji nJi  Lambda =   1 1      1 2      0
-------------- OBTD ---------------------
  3   0   0.08909649
  4   1  -0.07388369
  5   2  -0.04757068

-------------- TBTD ---------------------
  9   0   0.00110540
  9  21   0.02379671
  9  35  -0.09131841
 10   3  -0.02732611
 10  23   0.06632820
 11   1   0.09779692
 11   4  -0.00718004
 11   7  -0.01629497
 11  22  -0.00902173
 11  24  -0.01470038
 12   5  -0.01423030
 12   8  -0.01278668
 13   2   0.13353162
 13   6   0.00828718
 15   3  -0.06304750
 15  23  -0.08580754
 16   1   0.01625070
 16   4  -0.08055756
 16   7   0.01229007
 16  22   0.02666683
 16  24  -0.05661161
 17   5  -0.08229931
 17   8  -0.01882571
 18   2   0.00023630
 18   6  -0.07255738
 19   1   0.01010268
 19   4  -0.02987808
 19   7  -0.05403338
 19  22  -0.02357981
 19  24   0.02563236
 20   5   0.00418767
 20   8  -0.08817948
 25   3   0.03170510
 25  23   0.05015312
 26   1  -0.01376427
 26   4  -0.03521207
 26   7  -0.02487442
 26  22   0.02072602
 26  24  -0.03788839
 27   5   0.00926554
 27   8  -0.02901025
 28   2   0.01795720
 28   6  -0.04098072
 29   0   0.00083717
 29  21   0.03050625
 29  35  -0.01212059
 30   3   0.04720863
 30  23   0.03729909
 31   1  -0.00349695
 31   4   0.00545301
 31   7  -0.00389408
 31  22  -0.04930594
 31  24   0.00516735
 32   5  -0.04127462
 32   8  -0.01084471
 33   3   0.05552056
 33  23   0.04614594
 34   1  -0.00499237
 34   4  -0.01002068
 34   7  -0.01844494
 34  22   0.04359316
 34  24  -0.04308488
 36   1  -0.00693827
 36   4  -0.01282629
 36   7   0.04672130
 36  22   0.00648966
 36  24   0.02666919
 37   5  -0.03734929
 37   8  -0.10006822
 38   3  -0.00905988
 38  23  -0.07323423
 39   1  -0.00068684
 39   4   0.03917660
 39   7   0.02204959
 39  22   0.02462696
 39  24   0.03130508
 40   0  -0.02251286
 40  21  -0.03153992
 40  35  -0.07098565
 41   3   0.03618273
 41  23   0.04063602
 42   9   0.00344372
 42  29   0.02370567
 42  40  -0.08653163
 43  11   0.09772829
 43  16  -0.00003770
 43  19  -0.00838302
 43  26   0.00981073
 43  31  -0.00898140
 43  34  -0.04993275
 43  36  -0.01368955
 43  39  -0.03126145
 44  13   0.13369949
 44  18  -0.01467613
 44  28  -0.02545695
 45  10   0.00855389
 45  15  -0.00209460
 45  25  -0.02988026
 45  30  -0.01330598
 45  33   0.02252453
 45  38  -0.05689193
 45  41   0.02650699
 46  11   0.02064808
 46  16   0.00758277
 46  19   0.00898941
 46  26   0.05287372
 46  31   0.00515599
 46  34  -0.02018965
 46  36   0.02708324
 46  39  -0.00187877
 47  12  -0.00129075
 47  17   0.03249261
 47  20  -0.01913254
 47  27  -0.10567203
 47  32  -0.01043762
 47  37   0.02812539
 48  13  -0.01247686
 48  18   0.05860416
 48  28   0.09169736
 49  11   0.00134701
 49  16  -0.01449240
 49  19   0.05085371
 49  26   0.02665852
 49  31  -0.01139144
 49  34   0.03215490
 49  36  -0.05979070
 49  39  -0.02068138
 50  12  -0.03155790
 50  17   0.01073652
 50  20   0.01491926
 50  27   0.03121205
 50  32  -0.02651099
 50  37   0.00322913
 51   9   0.00204563
 51  29   0.02998196
 51  40  -0.01071497
 52  11  -0.00380874
 52  16  -0.00099734
 52  19  -0.00685855
 52  26  -0.00842706
 52  31  -0.04826875
 52  34  -0.00897138
 52  36   0.00070045
 52  39  -0.01632751
 53  10   0.01171523
 53  15   0.03839878
 53  25   0.00660089
 53  30   0.02591991
 53  33  -0.02530285
 53  38  -0.00268466
 53  41  -0.01331748
 54  11  -0.00314911
 54  16   0.01299449
 54  19  -0.00705597
 54  26   0.06402440
 54  31   0.01183426
 54  34  -0.00352531
 54  36  -0.03440960
 54  39   0.06991388
 55   9  -0.02357469
 55  29  -0.03327479
 55  40  -0.07101397

Jf nJf  Ji nJi  Lambda =   1 2      1 2      0
-------------- OBTD ---------------------
  3   0   0.02080570
  4   1  -0.00084361
  5   2  -0.03401203

-------------- TBTD ---------------------
  9   0  -0.02720074
  9  21  -0.09315645
  9  35  -0.01125110
 10   3  -0.01008055
 10  23  -0.03295692
 11   1   0.02957013
 11   4  -0.00757945
 11   7   0.00630055
 11  22  -0.01124268
 11  24  -0.03228136
 12   5  -0.01660365
 12   8  -0.00026077
 13   2   0.03555057
 13   6   0.00642465
 15   3   0.00287851
 15  23   0.00049456
 16   1   0.00246136
 16   4  -0.00006806
 16   7  -0.00162803
 16  22   0.01763859
 16  24  -0.02113871
 17   5   0.00785257
 17   8   0.00746670
 18   2   0.00120872
 18   6  -0.02876255
 19   1   0.01504079
 19   4   0.02776187
 19   7  -0.02548062
 19  22   0.07537266
 19  24  -0.09715981
 20   5  -0.03592104
 20   8  -0.05016722
 25   3   0.01709087
 25  23   0.00374157
 26   1   0.00561181
 26   4  -0.01514663
 26   7   0.00224124
 26  22   0.01009794
 26  24   0.00978340
 27   5  -0.00183614
 27   8   0.01555315
 28   2  -0.00415906
 28   6  -0.02158005
 29   0   0.00634294
 29  21  -0.02573109
 29  35   0.00679177
 30   3  -0.01883080
 30  23  -0.00706588
 31   1   0.00724452
 31   4  -0.00072086
 31   7  -0.00756026
 31  22   0.01002813
 31  24  -0.00631021
 32   5   0.01338126
 32   8  -0.00293194
 33   3  -0.04422284
 33  23  -0.03613022
 34   1   0.00681872
 34   4   0.02673197
 34   7   0.03943382
 34  22  -0.00972320
 34  24  -0.02393523
 36   1   0.00051280
 36   4   0.00268512
 36   7   0.00321186
 36  22   0.00878152
 36  24  -0.02849457
 37   5  -0.02041798
 37   8  -0.00768729
 38   3   0.01251751
 38  23   0.01232803
 39   1   0.00799493
 39   4  -0.02501278
 39   7  -0.00458231
 39  22   0.00645690
 39  24  -0.01439685
 40   0  -0.00230773
 40  21   0.01087877
 40  35  -0.02184627
 41   3  -0.02175680
 41  23   0.09054196
 42   9  -0.02714724
 42  29  -0.09128577
 42  40  -0.00960053
 43  11   0.02954570
 43  16  -0.00532510
 43  19   0.00056144
 43  26   0.00539960
 43  31  -0.01110791
 43  34  -0.01217504
 43  36   0.00802310
 43  39   0.03152126
 44  13   0.03538107
 44  18  -0.00229304
 44  28  -0.01141945
 45  10   0.01753232
 45  15   0.00235754
 45  25   0.01729158
 45  30  -0.01430282
 45  33   0.00035716
 45  38   0.00326729
 45  41   0.00215564
 46  11  -0.00222588
 46  16   0.00567242
 46  19  -0.00133861
 46  26  -0.00933195
 46  31   0.00445008
 46  34   0.00300823
 46  36  -0.00260660
 46  39   0.03324839
 47  12   0.00190076
 47  17   0.00650043
 47  20   0.00181529
 47  27  -0.00075920
 47  32  -0.01346682
 47  37  -0.02083856
 48  13   0.00332656
 48  18  -0.00302201
 48  28   0.00373133
 49  11   0.01115374
 49  16   0.01406892
 49  19   0.00823299
 49  26  -0.01532400
 49  31   0.05819858
 49  34  -0.07015345
 49  36  -0.03062513
 49  39   0.05325812
 50  12   0.01081126
 50  17  -0.01767687
 50  20   0.02166564
 50  27   0.00222193
 50  32   0.06886790
 50  37   0.06408107
 51   9   0.00683821
 51  29  -0.02366913
 51  40   0.00710552
 52  11   0.00706663
 52  16   0.00548380
 52  19  -0.00489280
 52  26   0.00704182
 52  31   0.00964569
 52  34   0.00844423
 52  36  -0.00568085
 52  39   0.01756273
 53  10  -0.02428143
 53  15  -0.00233059
 53  25  -0.02894861
 53  30  -0.01714658
 53  33  -0.04161527
 53  38   0.01753392
 53  41  -0.06196906
 54  11  -0.00135591
 54  16   0.00997226
 54  19   0.01035487
 54  26  -0.04206162
 54  31  -0.01068868
 54  34   0.01221482
 54  36   0.03379564
 54  39   0.02257136
 55   9  -0.00283468
 55  29   0.01112010
 55  40  -0.02155099
