############################################################################################################
# initial vector basename: s_300
# final   vector basename: s_300
# Operator file: Iso2.int
# Zero body term: 0.0058885
# Jf  nJf     Ji  nJi      Ei          Ef         <Op1b>          <Op2b>         <Op1b+2b>     <Op0b+1b+2b>
###########################################################################################################
 0.0   1     0.0   1   -132.109    -132.109    1.050023e+01   -8.501495e+00    1.998732e+00    2.004620e+00
 0.0   1     0.0   2   -132.109    -127.304   -7.831286e-04   -2.297326e-03   -3.080455e-03   -3.080455e-03
 0.0   2     0.0   1   -127.304    -132.109    0.000000e+00    0.000000e+00    0.000000e+00    0.000000e+00
 0.0   2     0.0   2   -127.304    -127.304    1.049791e+01   -8.500331e+00    1.997576e+00    2.003465e+00
 1.0   1     1.0   1   -127.477    -127.477    1.049745e+01   -8.500088e+00    1.997361e+00    2.003249e+00
 1.0   1     1.0   2   -127.477    -124.515   -1.105029e-03    1.069933e-04   -9.980355e-04   -9.980355e-04
 1.0   2     1.0   1   -124.515    -127.477    0.000000e+00    0.000000e+00    0.000000e+00    0.000000e+00
 1.0   2     1.0   2   -124.515    -124.515    1.049795e+01   -8.496494e+00    2.001455e+00    2.007344e+00
