############################################################################################################
# initial vector basename: s_300
# final   vector basename: s_300
# Operator file: VCoul.int
# Zero body term: 14.5677
# Jf  nJf     Ji  nJi      Ei          Ef         <Op1b>          <Op2b>         <Op1b+2b>     <Op0b+1b+2b>
###########################################################################################################
 0.0   1     0.0   1   -132.109    -132.109    2.510228e+01    1.210625e+01    3.720853e+01    5.177623e+01
 0.0   1     0.0   2   -132.109    -127.304   -7.771884e-02   -9.301690e-02   -1.707357e-01   -1.707357e-01
 0.0   2     0.0   1   -127.304    -132.109    0.000000e+00    0.000000e+00    0.000000e+00    0.000000e+00
 0.0   2     0.0   2   -127.304    -127.304    2.526169e+01    1.197792e+01    3.723961e+01    5.180731e+01
 1.0   1     1.0   1   -127.477    -127.477    2.528318e+01    1.201476e+01    3.729794e+01    5.186564e+01
 1.0   1     1.0   2   -127.477    -124.515    1.724793e-02   -8.878453e-03    8.369473e-03    8.369473e-03
 1.0   2     1.0   1   -124.515    -127.477    0.000000e+00    0.000000e+00    0.000000e+00    0.000000e+00
 1.0   2     1.0   2   -124.515    -124.515    2.494557e+01    1.182415e+01    3.676972e+01    5.133742e+01
