############################################################################################################
# initial vector basename: si300
# final   vector basename: si300
# Operator file: Rn2.int
# Zero body term: 3.23869
# Jf  nJf     Ji  nJi      Ei          Ef         <Op1b>          <Op2b>         <Op1b+2b>     <Op0b+1b+2b>
###########################################################################################################
 0.0   1     0.0   1   -143.741    -143.741    6.429386e+00   -4.154794e-01    6.013907e+00    9.252597e+00
 0.0   1     0.0   2   -143.741    -138.766   -9.664027e-03   -2.800747e-02   -3.767150e-02   -3.767150e-02
 0.0   2     0.0   1   -138.766    -143.741    0.000000e+00    0.000000e+00    0.000000e+00    0.000000e+00
 0.0   2     0.0   2   -138.766    -138.766    6.329130e+00   -3.779218e-01    5.951208e+00    9.189898e+00
 1.0   1     1.0   1   -138.940    -138.940    6.322955e+00   -3.927596e-01    5.930195e+00    9.168885e+00
 1.0   1     1.0   2   -138.940    -136.117    1.010945e-02   -5.450568e-03    4.658882e-03    4.658882e-03
 1.0   2     1.0   1   -136.117    -138.940    0.000000e+00    0.000000e+00    0.000000e+00    0.000000e+00
 1.0   2     1.0   2   -136.117    -136.117    6.539110e+00   -3.900689e-01    6.149041e+00    9.387731e+00
