############################################################################################################
# initial vector basename: si300
# final   vector basename: si300
# Operator file: VCoul.int
# Zero body term: 14.5677
# Jf  nJf     Ji  nJi      Ei          Ef         <Op1b>          <Op2b>         <Op1b+2b>     <Op0b+1b+2b>
###########################################################################################################
 0.0   1     0.0   1   -143.741    -143.741    1.894399e+01    7.730472e+00    2.667446e+01    4.124216e+01
 0.0   1     0.0   2   -143.741    -138.766    5.837030e-02    3.352245e-03    6.172255e-02    6.172255e-02
 0.0   2     0.0   1   -138.766    -143.741    0.000000e+00    0.000000e+00    0.000000e+00    0.000000e+00
 0.0   2     0.0   2   -138.766    -138.766    1.899838e+01    7.729783e+00    2.672816e+01    4.129586e+01
 1.0   1     1.0   1   -138.940    -138.940    1.899444e+01    7.744097e+00    2.673854e+01    4.130624e+01
 1.0   1     1.0   2   -138.940    -136.117   -5.723684e-02    1.178566e-02   -4.545118e-02   -4.545118e-02
 1.0   2     1.0   1   -136.117    -138.940    0.000000e+00    0.000000e+00    0.000000e+00    0.000000e+00
 1.0   2     1.0   2   -136.117    -136.117    1.860112e+01    7.333388e+00    2.593451e+01    4.050221e+01
