 ! Total Interaction
 256
   1   4   1   4     0     0   0.0000
   1   4   2   5     0     0   0.0000
   2   5   2   5     0     0   0.0000
   1   4   3   6     0     0   0.0000
   2   5   3   6     0     0   0.0000
   3   6   3   6     0     0   0.0000
   1   4   1   4     1     0  -1.3674
   1   4   2   4     1     0  -4.2893
   2   4   2   4     1     0  -5.5347
   1   5   2   4     1     0   7.0538
   1   4   1   5     1     0   4.3487
   1   5   1   5     1     0  -5.9103
   1   4   2   5     1     0   1.4145
   2   4   2   5     1     0  -0.4197
   1   5   2   5     1     0   0.4544
   2   5   2   5     1     0   0.4992
   1   4   3   5     1     0   0.1334
   2   4   3   5     1     0   2.7999
   1   5   3   5     1     0  -2.6354
   2   5   3   5     1     0   0.9128
   3   5   3   5     1     0  -2.9334
   2   6   3   5     1     0   3.5385
   1   4   2   6     1     0  -0.0919
   2   4   2   6     1     0  -2.5872
   1   5   2   6     1     0   2.8653
   2   5   2   6     1     0  -0.9281
   2   6   2   6     1     0  -2.9725
   1   4   3   6     1     0  -0.9208
   2   4   3   6     1     0  -2.4856
   1   5   3   6     1     0   2.5819
   2   5   3   6     1     0  -0.3652
   3   5   3   6     1     0   1.0975
   2   6   3   6     1     0  -1.0738
   3   6   3   6     1     0  -2.7282
   1   4   1   4     2     0   0.0000
   1   4   2   4     2     0   0.0000
   2   4   2   4     2     0   0.0000
   1   5   2   4     2     0   0.0000
   1   6   2   4     2     0   0.0000
   1   4   3   4     2     0   0.0000
   2   4   3   4     2     0   0.0000
   3   4   3   4     2     0   0.0000
   1   5   3   4     2     0   0.0000
   2   5   3   4     2     0   0.0000
   1   6   3   4     2     0   0.0000
   2   6   3   4     2     0   0.0000
   1   4   1   5     2     0   0.0000
   1   5   1   5     2     0   0.0000
   1   4   2   5     2     0   0.0000
   2   4   2   5     2     0   0.0000
   1   5   2   5     2     0   0.0000
   2   5   2   5     2     0   0.0000
   1   6   2   5     2     0   0.0000
   1   4   3   5     2     0   0.0000
   2   4   3   5     2     0   0.0000
   3   4   3   5     2     0   0.0000
   1   5   3   5     2     0   0.0000
   2   5   3   5     2     0   0.0000
   3   5   3   5     2     0   0.0000
   1   6   3   5     2     0   0.0000
   2   6   3   5     2     0   0.0000
   1   4   1   6     2     0   0.0000
   1   5   1   6     2     0   0.0000
   1   6   1   6     2     0   0.0000
   1   4   2   6     2     0   0.0000
   2   4   2   6     2     0   0.0000
   1   5   2   6     2     0   0.0000
   2   5   2   6     2     0   0.0000
   1   6   2   6     2     0   0.0000
   2   6   2   6     2     0   0.0000
   1   4   1   4     3     0  -1.1339
   1   4   2   4     3     0  -1.7917
   2   4   2   4     3     0  -0.7411
   1   5   2   4     3     0   1.2748
   1   6   2   4     3     0  -1.5861
   1   4   3   4     3     0  -1.8457
   2   4   3   4     3     0  -1.0139
   3   4   3   4     3     0  -2.9116
   1   5   3   4     3     0   1.5433
   2   5   3   4     3     0   0.1391
   1   6   3   4     3     0  -4.0756
   1   4   1   5     3     0   1.8372
   1   5   1   5     3     0  -0.8849
   1   4   2   5     3     0   0.2581
   2   4   2   5     3     0  -2.2972
   1   5   2   5     3     0   2.3706
   2   5   2   5     3     0  -2.4566
   1   6   2   5     3     0   0.0714
   1   4   1   6     3     0  -1.9194
   1   5   1   6     3     0   1.1165
   1   6   1   6     3     0  -3.1171
   1   4   1   4     4     0   0.0000
   1   4   2   4     4     0   0.0000
   2   4   2   4     4     0   0.0000
   1   5   2   4     4     0   0.0000
   1   4   1   5     4     0   0.0000
   1   5   1   5     4     0   0.0000
   1   4   1   4     5     0  -3.6128
   1   1   1   1     0     1  -1.4593
   1   1   2   2     0     1  -4.1442
   2   2   2   2     0     1   0.3053
   1   1   3   3     0     1  -1.2648
   2   2   3   3     0     1  -0.9698
   3   3   3   3     0     1  -0.7439
   1   4   1   4     0     1  -2.1051
   4   4   4   4     0     1  -2.0211
   1   4   2   5     0     1  -4.3857
   2   5   2   5     0     1  -0.1857
   4   4   5   5     0     1  -4.4474
   5   5   5   5     0     1   0.0073
   1   4   3   6     0     1  -1.3757
   2   5   3   6     0     1  -1.0619
   3   6   3   6     0     1  -1.2300
   4   4   6   6     0     1  -1.3829
   5   5   6   6     0     1  -1.0391
   6   6   6   6     0     1  -1.1933
   1   2   1   2     1     1   0.9481
   1   2   2   3     1     1   0.1022
   2   3   2   3     1     1   0.5553
   1   4   1   4     1     1   0.0000
   1   4   2   4     1     1   0.0000
   2   4   2   4     1     1   0.0000
   1   5   2   4     1     1   0.0000
   1   4   1   5     1     1   0.0000
   1   5   1   5     1     1   0.0000
   1   4   2   5     1     1   0.0000
   2   4   2   5     1     1   0.0000
   1   5   2   5     1     1   0.0000
   2   5   2   5     1     1   0.0000
   1   4   3   5     1     1   0.0000
   2   4   3   5     1     1   0.0000
   1   5   3   5     1     1   0.0000
   2   5   3   5     1     1   0.0000
   3   5   3   5     1     1   0.0000
   2   6   3   5     1     1   0.0000
   4   5   4   5     1     1   0.6270
   1   4   2   6     1     1   0.0000
   2   4   2   6     1     1   0.0000
   1   5   2   6     1     1   0.0000
   2   5   2   6     1     1   0.0000
   2   6   2   6     1     1   0.0000
   1   4   3   6     1     1   0.0000
   2   4   3   6     1     1   0.0000
   1   5   3   6     1     1   0.0000
   2   5   3   6     1     1   0.0000
   3   5   3   6     1     1   0.0000
   2   6   3   6     1     1   0.0000
   3   6   3   6     1     1   0.0000
   4   5   5   6     1     1   0.1142
   5   6   5   6     1     1   0.2918
   1   1   1   1     2     1  -0.3188
   1   1   1   2     2     1  -0.3123
   1   2   1   2     2     1   0.8198
   1   1   2   2     2     1  -0.9476
   1   2   2   2     2     1  -0.7442
   2   2   2   2     2     1   0.3177
   1   3   2   2     2     1  -0.4779
   1   1   1   3     2     1  -0.8208
   1   2   1   3     2     1   0.1916
   1   3   1   3     2     1  -0.3465
   1   1   2   3     2     1   0.9231
   1   2   2   3     2     1   0.7587
   2   2   2   3     2     1   0.1494
   1   3   2   3     2     1   1.2293
   2   3   2   3     2     1   0.3626
   1   4   1   4     2     1  -0.7792
   1   4   2   4     2     1   0.3065
   2   4   2   4     2     1  -4.0813
   1   5   2   4     2     1  -5.0612
   1   6   2   4     2     1  -1.5897
   1   4   3   4     2     1  -0.8688
   2   4   3   4     2     1   1.1557
   3   4   3   4     2     1  -1.0493
   1   5   3   4     2     1   1.5445
   2   5   3   4     2     1  -0.4841
   1   6   3   4     2     1  -0.4453
   2   6   3   4     2     1   3.6827
   4   4   4   4     2     1  -0.7829
   1   4   1   5     2     1  -0.3282
   1   5   1   5     2     1  -4.2627
   1   4   2   5     2     1  -1.0101
   2   4   2   5     2     1   0.7750
   1   5   2   5     2     1  -0.8000
   2   5   2   5     2     1  -0.0251
   1   6   2   5     2     1  -0.5307
   1   4   3   5     2     1  -0.9659
   2   4   3   5     2     1  -0.4881
   3   4   3   5     2     1   1.1276
   1   5   3   5     2     1  -2.1275
   2   5   3   5     2     1  -0.1890
   3   5   3   5     2     1  -1.3493
   1   6   3   5     2     1  -3.7804
   2   6   3   5     2     1  -1.3765
   4   4   4   5     2     1  -0.2973
   4   5   4   5     2     1   0.4857
   4   4   5   5     2     1  -1.0138
   4   5   5   5     2     1  -0.8159
   5   5   5   5     2     1   0.0413
   4   6   5   5     2     1  -0.5290
   1   4   1   6     2     1  -0.9012
   1   5   1   6     2     1  -1.2731
   1   6   1   6     2     1  -1.1940
   1   4   2   6     2     1   1.0058
   2   4   2   6     2     1  -2.1378
   1   5   2   6     2     1  -0.5660
   2   5   2   6     2     1   0.1888
   1   6   2   6     2     1  -1.1393
   2   6   2   6     2     1  -1.3391
   4   4   4   6     2     1  -0.9024
   4   5   4   6     2     1   0.2020
   4   6   4   6     2     1  -0.7711
   4   4   5   6     2     1   1.0126
   4   5   5   6     2     1   0.8297
   5   5   5   6     2     1   0.1557
   4   6   5   6     2     1   1.3482
   5   6   5   6     2     1   0.0975
   1   2   1   2     3     1   0.5283
   1   2   1   3     3     1  -0.2155
   1   3   1   3     3     1   0.8541
   1   4   1   4     3     1   0.0000
   1   4   2   4     3     1   0.0000
   2   4   2   4     3     1   0.0000
   1   5   2   4     3     1   0.0000
   1   6   2   4     3     1   0.0000
   1   4   3   4     3     1   0.0000
   2   4   3   4     3     1   0.0000
   3   4   3   4     3     1   0.0000
   1   5   3   4     3     1   0.0000
   2   5   3   4     3     1   0.0000
   1   6   3   4     3     1   0.0000
   1   4   1   5     3     1   0.0000
   1   5   1   5     3     1   0.0000
   1   4   2   5     3     1   0.0000
   2   4   2   5     3     1   0.0000
   1   5   2   5     3     1   0.0000
   2   5   2   5     3     1   0.0000
   1   6   2   5     3     1   0.0000
   4   5   4   5     3     1   0.2272
   1   4   1   6     3     1   0.0000
   1   5   1   6     3     1   0.0000
   1   6   1   6     3     1   0.0000
   4   5   4   6     3     1  -0.2416
   4   6   4   6     3     1   0.5416
   1   1   1   1     4     1   0.3572
   1   1   1   2     4     1  -1.2724
   1   2   1   2     4     1  -0.2430
   1   4   1   4     4     1  -0.0532
   1   4   2   4     4     1   1.3254
   2   4   2   4     4     1  -4.5899
   1   5   2   4     4     1  -3.3658
   4   4   4   4     4     1  -0.0481
   1   4   1   5     4     1  -1.3611
   1   5   1   5     4     1  -4.8251
   4   4   4   5     4     1  -1.3716
   4   5   4   5     4     1  -0.6311
   1   4   1   4     5     1   0.0000
