      1      4      1      4          10           0  0.250458250829688     
      1      4      1      4           8           0  -2.01401155952381     
      1      4      1      4           6           0   2.52238073165406     
      1      4      1      4           4           0  -5.90921003045839     
      1      4      1      4           2           0   5.09834168257808     
      1      4      1      4           0           0  -9.70992900000000     
      1      4      1      5           8           0  -5.16960044955758     
      1      4      1      5           6           0  0.262832811251547     
      1      4      1      5           4           0  -4.57669614505356     
      1      4      1      5           2           0  -1.02247761000769     
      1      4      1      6           6           0  0.561454109935689     
      1      4      1      6           4           0  -3.82217253165367     
      1      4      2      4           8           0  -5.06545078418695     
      1      4      2      4           6           0  0.215107775270786     
      1      4      2      4           4           0  -4.49738068939611     
      1      4      2      4           2           0  -1.02055144473139     
      1      4      2      5           8           0  -5.27800176638365     
      1      4      2      5           6           0 -0.357368909980044     
      1      4      2      5           4           0  -1.17590645850073     
      1      4      2      5           2           0  -1.19885576932673     
      1      4      2      6           6           0   1.01000871721104     
      1      4      2      6           4           0  -1.23346959811002     
      1      4      3      4           6           0  0.536796911725840     
      1      4      3      4           4           0  -3.67723489938399     
      1      4      3      5           6           0   1.01515259484505     
      1      4      3      5           4           0  -1.15264570575519     
      1      4      3      6           6           0 -2.123834257077672E-002
      1      4      3      6           4           0  -2.10604615574228     
      1      5      1      4           8           0   5.16960044955758     
      1      5      1      4           6           0 -0.262832811251547     
      1      5      1      4           4           0   4.57669614505356     
      1      5      1      4           2           0   1.02247761000769     
      1      5      1      5           6           0   1.43660934196820     
      1      5      1      5           4           0  -4.32565899479552     
      1      5      1      5           2           0 -3.265318886342516E-002
      1      5      1      5           0           0  -9.04927702404430     
      1      5      1      6           4           0   2.01496334447190     
      1      5      1      6           2           0 -0.384223511983420     
      1      5      2      4           8           0   8.33092532142857     
      1      5      2      4           6           0  -2.58049640623738     
      1      5      2      4           4           0   1.52871885833113     
      1      5      2      4           2           0  -4.38982907820828     
      1      5      2      5           6           0   2.10348122600167     
      1      5      2      5           4           0  -3.10810971776985     
      1      5      2      5           2           0   2.73750634306309     
      1      5      2      6           4           0   2.11595555739177     
      1      5      2      6           2           0   1.44249261402256     
      1      5      3      4           6           0  0.947519982719443     
      1      5      3      4           4           0   2.50042932881582     
      1      5      3      5           6           0  -1.29392989806692     
      1      5      3      5           4           0  -3.03185341787664     
      1      5      3      6           4           0   3.16218225563953     
      1      6      1      4           6           0  0.561454109935688     
      1      6      1      4           4           0  -3.82217253165367     
      1      6      1      5           4           0  -2.01496334447190     
      1      6      1      5           2           0  0.384223511983420     
      1      6      1      6           2           0   1.64219084626627     
      1      6      1      6           0           0  -4.01111429274497     
      1      6      2      4           6           0 -0.976242376723855     
      1      6      2      4           4           0  -2.57065466711800     
      1      6      2      5           4           0 -0.832116392199092     
      1      6      2      5           2           0 -0.171722433659869     
      1      6      2      6           2           0  -1.27380742833444     
      1      6      3      4           6           0  0.407684921918323     
      1      6      3      4           4           0  -5.39907986018930     
      1      6      3      5           4           0  -4.22664587798780     
      2      4      1      4           8           0   5.06545078418695     
      2      4      1      4           6           0 -0.215107775270786     
      2      4      1      4           4           0   4.49738068939611     
      2      4      1      4           2           0   1.02055144473139     
      2      4      1      5           8           0   8.33092532142857     
      2      4      1      5           6           0  -2.58049640623738     
      2      4      1      5           4           0   1.52871885833113     
      2      4      1      5           2           0  -4.38982907820828     
      2      4      1      6           6           0  0.976242376723854     
      2      4      1      6           4           0   2.57065466711800     
      2      4      2      4           6           0   1.48370843986106     
      2      4      2      4           4           0  -4.16125130528105     
      2      4      2      4           2           0  3.666926529839465E-003
      2      4      2      4           0           0  -8.52289994743120     
      2      4      2      5           6           0   2.01928656171320     
      2      4      2      5           4           0  -3.02671827131240     
      2      4      2      5           2           0   2.64538914087525     
      2      4      2      6           6           0  -1.25083250416621     
      2      4      2      6           4           0  -3.02795506909586     
      2      4      3      4           4           0   1.82937957955588     
      2      4      3      4           2           0 -0.349215191163979     
      2      4      3      5           4           0   2.01314460111392     
      2      4      3      5           2           0   1.45763323789460     
      2      4      3      6           4           0   3.04423075131042     
      2      5      1      4           8           0  -5.27800176638365     
      2      5      1      4           6           0 -0.357368909980044     
      2      5      1      4           4           0  -1.17590645850073     
      2      5      1      4           2           0  -1.19885576932673     
      2      5      1      5           6           0  -2.10348122600167     
      2      5      1      5           4           0   3.10810971776985     
      2      5      1      5           2           0  -2.73750634306309     
      2      5      1      6           4           0 -0.832116392199091     
      2      5      1      6           2           0 -0.171722433659869     
      2      5      2      4           6           0  -2.01928656171320     
      2      5      2      4           4           0   3.02671827131240     
      2      5      2      4           2           0  -2.64538914087525     
      2      5      2      5           6           0 -0.408807073241055     
      2      5      2      5           4           0  -1.81684358028439     
      2      5      2      5           2           0   4.85200163486879     
      2      5      2      5           0           0  -4.00238975000000     
      2      5      2      6           4           0   1.13366659775590     
      2      5      2      6           2           0  0.309786137691903     
      2      5      3      4           4           0 -0.808040419294557     
      2      5      3      4           2           0 -2.715857124882201E-002
      2      5      3      5           4           0   1.11754755630123     
      2      5      3      5           2           0  0.300213246457654     
      2      5      3      6           4           0 -0.452105146887947     
      2      5      3      6           2           0  -1.15039550675862     
      2      6      1      4           6           0  -1.01000871721104     
      2      6      1      4           4           0   1.23346959811002     
      2      6      1      5           4           0   2.11595555739177     
      2      6      1      5           2           0   1.44249261402256     
      2      6      1      6           2           0   1.27380742833444     
      2      6      2      4           6           0  -1.25083250416621     
      2      6      2      4           4           0  -3.02795506909586     
      2      6      2      5           4           0  -1.13366659775590     
      2      6      2      5           2           0 -0.309786137691903     
      2      6      2      6           2           0  -1.11832827880970     
      2      6      2      6           0           0  -2.75996875850231     
      2      6      3      4           4           0   4.11733793097570     
      2      6      3      5           4           0   3.35190614749578     
      2      6      3      5           2           0 -0.723976452954100     
      2      6      3      6           2           0  -1.31511512121696     
      3      4      1      4           6           0  0.536796911725839     
      3      4      1      4           4           0  -3.67723489938399     
      3      4      1      5           6           0 -0.947519982719444     
      3      4      1      5           4           0  -2.50042932881582     
      3      4      1      6           6           0  0.407684921918323     
      3      4      1      6           4           0  -5.39907986018930     
      3      4      2      4           4           0  -1.82937957955588     
      3      4      2      4           2           0  0.349215191163979     
      3      4      2      5           4           0 -0.808040419294557     
      3      4      2      5           2           0 -2.715857124882201E-002
      3      4      2      6           4           0  -4.11733793097570     
      3      4      3      4           2           0   1.59028064759848     
      3      4      3      4           0           0  -3.69904131680342     
      3      4      3      5           2           0  -1.26070630605427     
      3      5      1      4           6           0  -1.01515259484505     
      3      5      1      4           4           0   1.15264570575519     
      3      5      1      5           6           0  -1.29392989806692     
      3      5      1      5           4           0  -3.03185341787664     
      3      5      1      6           4           0   4.22664587798780     
      3      5      2      4           4           0   2.01314460111392     
      3      5      2      4           2           0   1.45763323789460     
      3      5      2      5           4           0  -1.11754755630123     
      3      5      2      5           2           0 -0.300213246457654     
      3      5      2      6           4           0   3.35190614749578     
      3      5      2      6           2           0 -0.723976452954100     
      3      5      3      4           2           0   1.26070630605427     
      3      5      3      5           2           0  -1.08459883906534     
      3      5      3      5           0           0  -2.74829389521483     
      3      5      3      6           2           0  -1.34418566548431     
      3      6      1      4           6           0 -2.123834257077672E-002
      3      6      1      4           4           0  -2.10604615574228     
      3      6      1      5           4           0  -3.16218225563953     
      3      6      2      4           4           0  -3.04423075131042     
      3      6      2      5           4           0 -0.452105146887947     
      3      6      2      5           2           0  -1.15039550675862     
      3      6      2      6           2           0   1.31511512121696     
      3      6      3      5           2           0   1.34418566548431     
      3      6      3      6           2           0   1.29749658045792     
      3      6      3      6           0           0  -4.70736000000000     
      4      1      4      1          10           0  0.250458250829688     
      4      1      4      1           8           0  -2.01401155952381     
      4      1      4      1           6           0   2.52238073165406     
      4      1      4      1           4           0  -5.90921003045839     
      4      1      4      1           2           0   5.09834168257808     
      4      1      4      1           0           0  -9.70992900000000     
      4      1      4      2           8           0  -5.06545078418695     
      4      1      4      2           6           0  0.215107775270786     
      4      1      4      2           4           0  -4.49738068939611     
      4      1      4      2           2           0  -1.02055144473139     
      4      1      4      3           6           0  0.536796911725840     
      4      1      4      3           4           0  -3.67723489938399     
      4      1      5      1           8           0  -5.16960044955758     
      4      1      5      1           6           0  0.262832811251547     
      4      1      5      1           4           0  -4.57669614505356     
      4      1      5      1           2           0  -1.02247761000769     
      4      1      5      2           8           0  -5.27800176638365     
      4      1      5      2           6           0 -0.357368909980044     
      4      1      5      2           4           0  -1.17590645850073     
      4      1      5      2           2           0  -1.19885576932673     
      4      1      5      3           6           0   1.01515259484505     
      4      1      5      3           4           0  -1.15264570575519     
      4      1      6      1           6           0  0.561454109935689     
      4      1      6      1           4           0  -3.82217253165367     
      4      1      6      2           6           0   1.01000871721104     
      4      1      6      2           4           0  -1.23346959811002     
      4      1      6      3           6           0 -2.123834257077672E-002
      4      1      6      3           4           0  -2.10604615574228     
      4      2      4      1           8           0   5.06545078418695     
      4      2      4      1           6           0 -0.215107775270786     
      4      2      4      1           4           0   4.49738068939611     
      4      2      4      1           2           0   1.02055144473139     
      4      2      4      2           6           0   1.48370843986106     
      4      2      4      2           4           0  -4.16125130528105     
      4      2      4      2           2           0  3.666926529840353E-003
      4      2      4      2           0           0  -8.52289994743120     
      4      2      4      3           4           0   1.82937957955588     
      4      2      4      3           2           0 -0.349215191163979     
      4      2      5      1           8           0   8.33092532142857     
      4      2      5      1           6           0  -2.58049640623738     
      4      2      5      1           4           0   1.52871885833113     
      4      2      5      1           2           0  -4.38982907820828     
      4      2      5      2           6           0   2.01928656171320     
      4      2      5      2           4           0  -3.02671827131240     
      4      2      5      2           2           0   2.64538914087525     
      4      2      5      3           4           0   2.01314460111392     
      4      2      5      3           2           0   1.45763323789460     
      4      2      6      1           6           0  0.976242376723854     
      4      2      6      1           4           0   2.57065466711800     
      4      2      6      2           6           0  -1.25083250416621     
      4      2      6      2           4           0  -3.02795506909586     
      4      2      6      3           4           0   3.04423075131042     
      4      3      4      1           6           0  0.536796911725839     
      4      3      4      1           4           0  -3.67723489938399     
      4      3      4      2           4           0  -1.82937957955588     
      4      3      4      2           2           0  0.349215191163979     
      4      3      4      3           2           0   1.59028064759848     
      4      3      4      3           0           0  -3.69904131680342     
      4      3      5      1           6           0 -0.947519982719444     
      4      3      5      1           4           0  -2.50042932881582     
      4      3      5      2           4           0 -0.808040419294557     
      4      3      5      2           2           0 -2.715857124882201E-002
      4      3      5      3           2           0  -1.26070630605427     
      4      3      6      1           6           0  0.407684921918323     
      4      3      6      1           4           0  -5.39907986018930     
      4      3      6      2           4           0  -4.11733793097570     
      5      1      4      1           8           0   5.16960044955758     
      5      1      4      1           6           0 -0.262832811251548     
      5      1      4      1           4           0   4.57669614505356     
      5      1      4      1           2           0   1.02247761000769     
      5      1      4      2           8           0   8.33092532142857     
      5      1      4      2           6           0  -2.58049640623738     
      5      1      4      2           4           0   1.52871885833113     
      5      1      4      2           2           0  -4.38982907820828     
      5      1      4      3           6           0  0.947519982719443     
      5      1      4      3           4           0   2.50042932881582     
      5      1      5      1           6           0   1.43660934196820     
      5      1      5      1           4           0  -4.32565899479552     
      5      1      5      1           2           0 -3.265318886342605E-002
      5      1      5      1           0           0  -9.04927702404430     
      5      1      5      2           6           0   2.10348122600167     
      5      1      5      2           4           0  -3.10810971776985     
      5      1      5      2           2           0   2.73750634306309     
      5      1      5      3           6           0  -1.29392989806692     
      5      1      5      3           4           0  -3.03185341787664     
      5      1      6      1           4           0   2.01496334447190     
      5      1      6      1           2           0 -0.384223511983420     
      5      1      6      2           4           0   2.11595555739177     
      5      1      6      2           2           0   1.44249261402256     
      5      1      6      3           4           0   3.16218225563953     
      5      2      4      1           8           0  -5.27800176638365     
      5      2      4      1           6           0 -0.357368909980044     
      5      2      4      1           4           0  -1.17590645850073     
      5      2      4      1           2           0  -1.19885576932673     
      5      2      4      2           6           0  -2.01928656171320     
      5      2      4      2           4           0   3.02671827131240     
      5      2      4      2           2           0  -2.64538914087525     
      5      2      4      3           4           0 -0.808040419294557     
      5      2      4      3           2           0 -2.715857124882201E-002
      5      2      5      1           6           0  -2.10348122600167     
      5      2      5      1           4           0   3.10810971776985     
      5      2      5      1           2           0  -2.73750634306309     
      5      2      5      2           6           0 -0.408807073241055     
      5      2      5      2           4           0  -1.81684358028439     
      5      2      5      2           2           0   4.85200163486879     
      5      2      5      2           0           0  -4.00238975000000     
      5      2      5      3           4           0   1.11754755630123     
      5      2      5      3           2           0  0.300213246457654     
      5      2      6      1           4           0 -0.832116392199091     
      5      2      6      1           2           0 -0.171722433659869     
      5      2      6      2           4           0   1.13366659775590     
      5      2      6      2           2           0  0.309786137691903     
      5      2      6      3           4           0 -0.452105146887947     
      5      2      6      3           2           0  -1.15039550675862     
      5      3      4      1           6           0  -1.01515259484505     
      5      3      4      1           4           0   1.15264570575519     
      5      3      4      2           4           0   2.01314460111392     
      5      3      4      2           2           0   1.45763323789460     
      5      3      4      3           2           0   1.26070630605427     
      5      3      5      1           6           0  -1.29392989806692     
      5      3      5      1           4           0  -3.03185341787664     
      5      3      5      2           4           0  -1.11754755630123     
      5      3      5      2           2           0 -0.300213246457654     
      5      3      5      3           2           0  -1.08459883906534     
      5      3      5      3           0           0  -2.74829389521483     
      5      3      6      1           4           0   4.22664587798780     
      5      3      6      2           4           0   3.35190614749578     
      5      3      6      2           2           0 -0.723976452954100     
      5      3      6      3           2           0  -1.34418566548431     
      6      1      4      1           6           0  0.561454109935688     
      6      1      4      1           4           0  -3.82217253165367     
      6      1      4      2           6           0 -0.976242376723855     
      6      1      4      2           4           0  -2.57065466711800     
      6      1      4      3           6           0  0.407684921918323     
      6      1      4      3           4           0  -5.39907986018930     
      6      1      5      1           4           0  -2.01496334447190     
      6      1      5      1           2           0  0.384223511983420     
      6      1      5      2           4           0 -0.832116392199092     
      6      1      5      2           2           0 -0.171722433659869     
      6      1      5      3           4           0  -4.22664587798780     
      6      1      6      1           2           0   1.64219084626627     
      6      1      6      1           0           0  -4.01111429274497     
      6      1      6      2           2           0  -1.27380742833444     
      6      2      4      1           6           0  -1.01000871721104     
      6      2      4      1           4           0   1.23346959811002     
      6      2      4      2           6           0  -1.25083250416621     
      6      2      4      2           4           0  -3.02795506909586     
      6      2      4      3           4           0   4.11733793097570     
      6      2      5      1           4           0   2.11595555739177     
      6      2      5      1           2           0   1.44249261402256     
      6      2      5      2           4           0  -1.13366659775590     
      6      2      5      2           2           0 -0.309786137691903     
      6      2      5      3           4           0   3.35190614749578     
      6      2      5      3           2           0 -0.723976452954100     
      6      2      6      1           2           0   1.27380742833444     
      6      2      6      2           2           0  -1.11832827880970     
      6      2      6      2           0           0  -2.75996875850231     
      6      2      6      3           2           0  -1.31511512121696     
      6      3      4      1           6           0 -2.123834257077672E-002
      6      3      4      1           4           0  -2.10604615574228     
      6      3      4      2           4           0  -3.04423075131042     
      6      3      5      1           4           0  -3.16218225563953     
      6      3      5      2           4           0 -0.452105146887947     
      6      3      5      2           2           0  -1.15039550675862     
      6      3      5      3           2           0   1.34418566548431     
      6      3      6      2           2           0   1.31511512121696     
      6      3      6      3           2           0   1.29749658045792     
      6      3      6      3           0           0  -4.70736000000000     
         336          10
   1   1   4   4   0   0   0   0 -9.7099   1   1
   1   1   4   4   2   0   0   0  5.0983   1   1
   1   1   4   4   4   0   0   0 -5.9092   1   1
   1   1   4   4   6   0   0   0  2.5224   1   1
   1   1   4   4   8   0   0   0 -2.0140   1   1
   1   1   4   4  10   0   0   0  0.2505   1   1
   1   1   4   5   2   0   0   0 -1.0225   1   1
   1   1   4   5   4   0   0   0 -4.5767   1   1
   1   1   4   5   6   0   0   0  0.2628   1   1
   1   1   4   5   8   0   0   0 -5.1696   1   1
   1   1   4   6   4   0   0   0 -3.8222   1   1
   1   1   4   6   6   0   0   0  0.5615   1   1
   1   1   5   4   2   0   0   0  1.0225   1   1
   1   1   5   4   4   0   0   0  4.5767   1   1
   1   1   5   4   6   0   0   0 -0.2628   1   1
   1   1   5   4   8   0   0   0  5.1696   1   1
   1   1   5   5   0   0   0   0 -9.0493   1   1
   1   1   5   5   2   0   0   0 -0.0327   1   1
   1   1   5   5   4   0   0   0 -4.3257   1   1
   1   1   5   5   6   0   0   0  1.4366   1   1
   1   1   5   6   2   0   0   0 -0.3842   1   1
   1   1   5   6   4   0   0   0  2.0150   1   1
   1   1   6   4   4   0   0   0 -3.8222   1   1
   1   1   6   4   6   0   0   0  0.5615   1   1
   1   1   6   5   2   0   0   0  0.3842   1   1
   1   1   6   5   4   0   0   0 -2.0150   1   1
   1   1   6   6   0   0   0   0 -4.0111   1   1
   1   1   6   6   2   0   0   0  1.6422   1   1
   1   2   4   4   2   0   0   0 -1.0206   1   1
   1   2   4   4   4   0   0   0 -4.4974   1   1
   1   2   4   4   6   0   0   0  0.2151   1   1
   1   2   4   4   8   0   0   0 -5.0655   1   1
   1   2   4   5   2   0   0   0 -1.1989   1   1
   1   2   4   5   4   0   0   0 -1.1759   1   1
   1   2   4   5   6   0   0   0 -0.3574   1   1
   1   2   4   5   8   0   0   0 -5.2780   1   1
   1   2   4   6   4   0   0   0 -1.2335   1   1
   1   2   4   6   6   0   0   0  1.0100   1   1
   1   2   5   4   2   0   0   0 -4.3898   1   1
   1   2   5   4   4   0   0   0  1.5287   1   1
   1   2   5   4   6   0   0   0 -2.5805   1   1
   1   2   5   4   8   0   0   0  8.3309   1   1
   1   2   5   5   2   0   0   0  2.7375   1   1
   1   2   5   5   4   0   0   0 -3.1081   1   1
   1   2   5   5   6   0   0   0  2.1035   1   1
   1   2   5   6   2   0   0   0  1.4425   1   1
   1   2   5   6   4   0   0   0  2.1160   1   1
   1   2   6   4   4   0   0   0 -2.5707   1   1
   1   2   6   4   6   0   0   0 -0.9762   1   1
   1   2   6   5   2   0   0   0 -0.1717   1   1
   1   2   6   5   4   0   0   0 -0.8321   1   1
   1   2   6   6   2   0   0   0 -1.2738   1   1
   1   3   4   4   4   0   0   0 -3.6772   1   1
   1   3   4   4   6   0   0   0  0.5368   1   1
   1   3   4   5   4   0   0   0 -1.1526   1   1
   1   3   4   5   6   0   0   0  1.0152   1   1
   1   3   4   6   4   0   0   0 -2.1060   1   1
   1   3   4   6   6   0   0   0 -0.0212   1   1
   1   3   5   4   4   0   0   0  2.5004   1   1
   1   3   5   4   6   0   0   0  0.9475   1   1
   1   3   5   5   4   0   0   0 -3.0319   1   1
   1   3   5   5   6   0   0   0 -1.2939   1   1
   1   3   5   6   4   0   0   0  3.1622   1   1
   1   3   6   4   4   0   0   0 -5.3991   1   1
   1   3   6   4   6   0   0   0  0.4077   1   1
   1   3   6   5   4   0   0   0 -4.2266   1   1
   2   1   4   4   2   0   0   0  1.0206   1   1
   2   1   4   4   4   0   0   0  4.4974   1   1
   2   1   4   4   6   0   0   0 -0.2151   1   1
   2   1   4   4   8   0   0   0  5.0655   1   1
   2   1   4   5   2   0   0   0 -4.3898   1   1
   2   1   4   5   4   0   0   0  1.5287   1   1
   2   1   4   5   6   0   0   0 -2.5805   1   1
   2   1   4   5   8   0   0   0  8.3309   1   1
   2   1   4   6   4   0   0   0  2.5707   1   1
   2   1   4   6   6   0   0   0  0.9762   1   1
   2   1   5   4   2   0   0   0 -1.1989   1   1
   2   1   5   4   4   0   0   0 -1.1759   1   1
   2   1   5   4   6   0   0   0 -0.3574   1   1
   2   1   5   4   8   0   0   0 -5.2780   1   1
   2   1   5   5   2   0   0   0 -2.7375   1   1
   2   1   5   5   4   0   0   0  3.1081   1   1
   2   1   5   5   6   0   0   0 -2.1035   1   1
   2   1   5   6   2   0   0   0 -0.1717   1   1
   2   1   5   6   4   0   0   0 -0.8321   1   1
   2   1   6   4   4   0   0   0  1.2335   1   1
   2   1   6   4   6   0   0   0 -1.0100   1   1
   2   1   6   5   2   0   0   0  1.4425   1   1
   2   1   6   5   4   0   0   0  2.1160   1   1
   2   1   6   6   2   0   0   0  1.2738   1   1
   2   2   4   4   0   0   0   0 -8.5229   1   1
   2   2   4   4   2   0   0   0  0.0037   1   1
   2   2   4   4   4   0   0   0 -4.1613   1   1
   2   2   4   4   6   0   0   0  1.4837   1   1
   2   2   4   5   2   0   0   0  2.6454   1   1
   2   2   4   5   4   0   0   0 -3.0267   1   1
   2   2   4   5   6   0   0   0  2.0193   1   1
   2   2   4   6   4   0   0   0 -3.0280   1   1
   2   2   4   6   6   0   0   0 -1.2508   1   1
   2   2   5   4   2   0   0   0 -2.6454   1   1
   2   2   5   4   4   0   0   0  3.0267   1   1
   2   2   5   4   6   0   0   0 -2.0193   1   1
   2   2   5   5   0   0   0   0 -4.0024   1   1
   2   2   5   5   2   0   0   0  4.8520   1   1
   2   2   5   5   4   0   0   0 -1.8168   1   1
   2   2   5   5   6   0   0   0 -0.4088   1   1
   2   2   5   6   2   0   0   0  0.3098   1   1
   2   2   5   6   4   0   0   0  1.1337   1   1
   2   2   6   4   4   0   0   0 -3.0280   1   1
   2   2   6   4   6   0   0   0 -1.2508   1   1
   2   2   6   5   2   0   0   0 -0.3098   1   1
   2   2   6   5   4   0   0   0 -1.1337   1   1
   2   2   6   6   0   0   0   0 -2.7600   1   1
   2   2   6   6   2   0   0   0 -1.1183   1   1
   2   3   4   4   2   0   0   0 -0.3492   1   1
   2   3   4   4   4   0   0   0  1.8294   1   1
   2   3   4   5   2   0   0   0  1.4576   1   1
   2   3   4   5   4   0   0   0  2.0131   1   1
   2   3   4   6   4   0   0   0  3.0442   1   1
   2   3   5   4   2   0   0   0 -0.0272   1   1
   2   3   5   4   4   0   0   0 -0.8080   1   1
   2   3   5   5   2   0   0   0  0.3002   1   1
   2   3   5   5   4   0   0   0  1.1175   1   1
   2   3   5   6   2   0   0   0 -1.1504   1   1
   2   3   5   6   4   0   0   0 -0.4521   1   1
   2   3   6   4   4   0   0   0  4.1173   1   1
   2   3   6   5   2   0   0   0 -0.7240   1   1
   2   3   6   5   4   0   0   0  3.3519   1   1
   2   3   6   6   2   0   0   0 -1.3151   1   1
   3   1   4   4   4   0   0   0 -3.6772   1   1
   3   1   4   4   6   0   0   0  0.5368   1   1
   3   1   4   5   4   0   0   0 -2.5004   1   1
   3   1   4   5   6   0   0   0 -0.9475   1   1
   3   1   4   6   4   0   0   0 -5.3991   1   1
   3   1   4   6   6   0   0   0  0.4077   1   1
   3   1   5   4   4   0   0   0  1.1526   1   1
   3   1   5   4   6   0   0   0 -1.0152   1   1
   3   1   5   5   4   0   0   0 -3.0319   1   1
   3   1   5   5   6   0   0   0 -1.2939   1   1
   3   1   5   6   4   0   0   0  4.2266   1   1
   3   1   6   4   4   0   0   0 -2.1060   1   1
   3   1   6   4   6   0   0   0 -0.0212   1   1
   3   1   6   5   4   0   0   0 -3.1622   1   1
   3   2   4   4   2   0   0   0  0.3492   1   1
   3   2   4   4   4   0   0   0 -1.8294   1   1
   3   2   4   5   2   0   0   0 -0.0272   1   1
   3   2   4   5   4   0   0   0 -0.8080   1   1
   3   2   4   6   4   0   0   0 -4.1173   1   1
   3   2   5   4   2   0   0   0  1.4576   1   1
   3   2   5   4   4   0   0   0  2.0131   1   1
   3   2   5   5   2   0   0   0 -0.3002   1   1
   3   2   5   5   4   0   0   0 -1.1175   1   1
   3   2   5   6   2   0   0   0 -0.7240   1   1
   3   2   5   6   4   0   0   0  3.3519   1   1
   3   2   6   4   4   0   0   0 -3.0442   1   1
   3   2   6   5   2   0   0   0 -1.1504   1   1
   3   2   6   5   4   0   0   0 -0.4521   1   1
   3   2   6   6   2   0   0   0  1.3151   1   1
   3   3   4   4   0   0   0   0 -3.6990   1   1
   3   3   4   4   2   0   0   0  1.5903   1   1
   3   3   4   5   2   0   0   0 -1.2607   1   1
   3   3   5   4   2   0   0   0  1.2607   1   1
   3   3   5   5   0   0   0   0 -2.7483   1   1
   3   3   5   5   2   0   0   0 -1.0846   1   1
   3   3   5   6   2   0   0   0 -1.3442   1   1
   3   3   6   5   2   0   0   0  1.3442   1   1
   3   3   6   6   0   0   0   0 -4.7074   1   1
   3   3   6   6   2   0   0   0  1.2975   1   1
   4   4   1   1   0   0   0   0 -9.7099   1   1
   4   4   1   1   2   0   0   0  5.0983   1   1
   4   4   1   1   4   0   0   0 -5.9092   1   1
   4   4   1   1   6   0   0   0  2.5224   1   1
   4   4   1   1   8   0   0   0 -2.0140   1   1
   4   4   1   1  10   0   0   0  0.2505   1   1
   4   4   1   2   2   0   0   0 -1.0206   1   1
   4   4   1   2   4   0   0   0 -4.4974   1   1
   4   4   1   2   6   0   0   0  0.2151   1   1
   4   4   1   2   8   0   0   0 -5.0655   1   1
   4   4   1   3   4   0   0   0 -3.6772   1   1
   4   4   1   3   6   0   0   0  0.5368   1   1
   4   4   2   1   2   0   0   0  1.0206   1   1
   4   4   2   1   4   0   0   0  4.4974   1   1
   4   4   2   1   6   0   0   0 -0.2151   1   1
   4   4   2   1   8   0   0   0  5.0655   1   1
   4   4   2   2   0   0   0   0 -8.5229   1   1
   4   4   2   2   2   0   0   0  0.0037   1   1
   4   4   2   2   4   0   0   0 -4.1613   1   1
   4   4   2   2   6   0   0   0  1.4837   1   1
   4   4   2   3   2   0   0   0 -0.3492   1   1
   4   4   2   3   4   0   0   0  1.8294   1   1
   4   4   3   1   4   0   0   0 -3.6772   1   1
   4   4   3   1   6   0   0   0  0.5368   1   1
   4   4   3   2   2   0   0   0  0.3492   1   1
   4   4   3   2   4   0   0   0 -1.8294   1   1
   4   4   3   3   0   0   0   0 -3.6990   1   1
   4   4   3   3   2   0   0   0  1.5903   1   1
   4   5   1   1   2   0   0   0 -1.0225   1   1
   4   5   1   1   4   0   0   0 -4.5767   1   1
   4   5   1   1   6   0   0   0  0.2628   1   1
   4   5   1   1   8   0   0   0 -5.1696   1   1
   4   5   1   2   2   0   0   0 -1.1989   1   1
   4   5   1   2   4   0   0   0 -1.1759   1   1
   4   5   1   2   6   0   0   0 -0.3574   1   1
   4   5   1   2   8   0   0   0 -5.2780   1   1
   4   5   1   3   4   0   0   0 -1.1526   1   1
   4   5   1   3   6   0   0   0  1.0152   1   1
   4   5   2   1   2   0   0   0 -4.3898   1   1
   4   5   2   1   4   0   0   0  1.5287   1   1
   4   5   2   1   6   0   0   0 -2.5805   1   1
   4   5   2   1   8   0   0   0  8.3309   1   1
   4   5   2   2   2   0   0   0  2.6454   1   1
   4   5   2   2   4   0   0   0 -3.0267   1   1
   4   5   2   2   6   0   0   0  2.0193   1   1
   4   5   2   3   2   0   0   0  1.4576   1   1
   4   5   2   3   4   0   0   0  2.0131   1   1
   4   5   3   1   4   0   0   0 -2.5004   1   1
   4   5   3   1   6   0   0   0 -0.9475   1   1
   4   5   3   2   2   0   0   0 -0.0272   1   1
   4   5   3   2   4   0   0   0 -0.8080   1   1
   4   5   3   3   2   0   0   0 -1.2607   1   1
   4   6   1   1   4   0   0   0 -3.8222   1   1
   4   6   1   1   6   0   0   0  0.5615   1   1
   4   6   1   2   4   0   0   0 -1.2335   1   1
   4   6   1   2   6   0   0   0  1.0100   1   1
   4   6   1   3   4   0   0   0 -2.1060   1   1
   4   6   1   3   6   0   0   0 -0.0212   1   1
   4   6   2   1   4   0   0   0  2.5707   1   1
   4   6   2   1   6   0   0   0  0.9762   1   1
   4   6   2   2   4   0   0   0 -3.0280   1   1
   4   6   2   2   6   0   0   0 -1.2508   1   1
   4   6   2   3   4   0   0   0  3.0442   1   1
   4   6   3   1   4   0   0   0 -5.3991   1   1
   4   6   3   1   6   0   0   0  0.4077   1   1
   4   6   3   2   4   0   0   0 -4.1173   1   1
   5   4   1   1   2   0   0   0  1.0225   1   1
   5   4   1   1   4   0   0   0  4.5767   1   1
   5   4   1   1   6   0   0   0 -0.2628   1   1
   5   4   1   1   8   0   0   0  5.1696   1   1
   5   4   1   2   2   0   0   0 -4.3898   1   1
   5   4   1   2   4   0   0   0  1.5287   1   1
   5   4   1   2   6   0   0   0 -2.5805   1   1
   5   4   1   2   8   0   0   0  8.3309   1   1
   5   4   1   3   4   0   0   0  2.5004   1   1
   5   4   1   3   6   0   0   0  0.9475   1   1
   5   4   2   1   2   0   0   0 -1.1989   1   1
   5   4   2   1   4   0   0   0 -1.1759   1   1
   5   4   2   1   6   0   0   0 -0.3574   1   1
   5   4   2   1   8   0   0   0 -5.2780   1   1
   5   4   2   2   2   0   0   0 -2.6454   1   1
   5   4   2   2   4   0   0   0  3.0267   1   1
   5   4   2   2   6   0   0   0 -2.0193   1   1
   5   4   2   3   2   0   0   0 -0.0272   1   1
   5   4   2   3   4   0   0   0 -0.8080   1   1
   5   4   3   1   4   0   0   0  1.1526   1   1
   5   4   3   1   6   0   0   0 -1.0152   1   1
   5   4   3   2   2   0   0   0  1.4576   1   1
   5   4   3   2   4   0   0   0  2.0131   1   1
   5   4   3   3   2   0   0   0  1.2607   1   1
   5   5   1   1   0   0   0   0 -9.0493   1   1
   5   5   1   1   2   0   0   0 -0.0327   1   1
   5   5   1   1   4   0   0   0 -4.3257   1   1
   5   5   1   1   6   0   0   0  1.4366   1   1
   5   5   1   2   2   0   0   0  2.7375   1   1
   5   5   1   2   4   0   0   0 -3.1081   1   1
   5   5   1   2   6   0   0   0  2.1035   1   1
   5   5   1   3   4   0   0   0 -3.0319   1   1
   5   5   1   3   6   0   0   0 -1.2939   1   1
   5   5   2   1   2   0   0   0 -2.7375   1   1
   5   5   2   1   4   0   0   0  3.1081   1   1
   5   5   2   1   6   0   0   0 -2.1035   1   1
   5   5   2   2   0   0   0   0 -4.0024   1   1
   5   5   2   2   2   0   0   0  4.8520   1   1
   5   5   2   2   4   0   0   0 -1.8168   1   1
   5   5   2   2   6   0   0   0 -0.4088   1   1
   5   5   2   3   2   0   0   0  0.3002   1   1
   5   5   2   3   4   0   0   0  1.1175   1   1
   5   5   3   1   4   0   0   0 -3.0319   1   1
   5   5   3   1   6   0   0   0 -1.2939   1   1
   5   5   3   2   2   0   0   0 -0.3002   1   1
   5   5   3   2   4   0   0   0 -1.1175   1   1
   5   5   3   3   0   0   0   0 -2.7483   1   1
   5   5   3   3   2   0   0   0 -1.0846   1   1
   5   6   1   1   2   0   0   0 -0.3842   1   1
   5   6   1   1   4   0   0   0  2.0150   1   1
   5   6   1   2   2   0   0   0  1.4425   1   1
   5   6   1   2   4   0   0   0  2.1160   1   1
   5   6   1   3   4   0   0   0  3.1622   1   1
   5   6   2   1   2   0   0   0 -0.1717   1   1
   5   6   2   1   4   0   0   0 -0.8321   1   1
   5   6   2   2   2   0   0   0  0.3098   1   1
   5   6   2   2   4   0   0   0  1.1337   1   1
   5   6   2   3   2   0   0   0 -1.1504   1   1
   5   6   2   3   4   0   0   0 -0.4521   1   1
   5   6   3   1   4   0   0   0  4.2266   1   1
   5   6   3   2   2   0   0   0 -0.7240   1   1
   5   6   3   2   4   0   0   0  3.3519   1   1
   5   6   3   3   2   0   0   0 -1.3442   1   1
   6   4   1   1   4   0   0   0 -3.8222   1   1
   6   4   1   1   6   0   0   0  0.5615   1   1
   6   4   1   2   4   0   0   0 -2.5707   1   1
   6   4   1   2   6   0   0   0 -0.9762   1   1
   6   4   1   3   4   0   0   0 -5.3991   1   1
   6   4   1   3   6   0   0   0  0.4077   1   1
   6   4   2   1   4   0   0   0  1.2335   1   1
   6   4   2   1   6   0   0   0 -1.0100   1   1
   6   4   2   2   4   0   0   0 -3.0280   1   1
   6   4   2   2   6   0   0   0 -1.2508   1   1
   6   4   2   3   4   0   0   0  4.1173   1   1
   6   4   3   1   4   0   0   0 -2.1060   1   1
   6   4   3   1   6   0   0   0 -0.0212   1   1
   6   4   3   2   4   0   0   0 -3.0442   1   1
   6   5   1   1   2   0   0   0  0.3842   1   1
   6   5   1   1   4   0   0   0 -2.0150   1   1
   6   5   1   2   2   0   0   0 -0.1717   1   1
   6   5   1   2   4   0   0   0 -0.8321   1   1
   6   5   1   3   4   0   0   0 -4.2266   1   1
   6   5   2   1   2   0   0   0  1.4425   1   1
   6   5   2   1   4   0   0   0  2.1160   1   1
   6   5   2   2   2   0   0   0 -0.3098   1   1
   6   5   2   2   4   0   0   0 -1.1337   1   1
   6   5   2   3   2   0   0   0 -0.7240   1   1
   6   5   2   3   4   0   0   0  3.3519   1   1
   6   5   3   1   4   0   0   0 -3.1622   1   1
   6   5   3   2   2   0   0   0 -1.1504   1   1
   6   5   3   2   4   0   0   0 -0.4521   1   1
   6   5   3   3   2   0   0   0  1.3442   1   1
   6   6   1   1   0   0   0   0 -4.0111   1   1
   6   6   1   1   2   0   0   0  1.6422   1   1
   6   6   1   2   2   0   0   0 -1.2738   1   1
   6   6   2   1   2   0   0   0  1.2738   1   1
   6   6   2   2   0   0   0   0 -2.7600   1   1
   6   6   2   2   2   0   0   0 -1.1183   1   1
   6   6   2   3   2   0   0   0 -1.3151   1   1
   6   6   3   2   2   0   0   0  1.3151   1   1
   6   6   3   3   0   0   0   0 -4.7074   1   1
   6   6   3   3   2   0   0   0  1.2975   1   1
