      1      4      1      4          10           0  0.236755418090192     
      1      4      1      4           8           0  -1.94166952380952     
      1      4      1      4           6           0   2.31002085704415     
      1      4      1      4           4           0  -5.55948487269961     
      1      4      1      4           2           0   4.65801370533940     
      1      4      1      4           0           0  -8.96581333333333     
      1      4      1      5           8           0  -5.20493248429407     
      1      4      1      5           6           0  0.195635448728590     
      1      4      1      5           4           0  -4.36711173136019     
      1      4      1      5           2           0  -1.01392182751034     
      1      4      1      6           6           0  0.536231647639900     
      1      4      1      6           4           0  -3.67413078267982     
      1      4      2      4           8           0  -5.10604559270948     
      1      4      2      4           6           0  0.151594603473081     
      1      4      2      4           4           0  -4.30279695010601     
      1      4      2      4           2           0  -1.01871126319179     
      1      4      2      5           8           0  -5.53862882891738     
      1      4      2      5           6           0 -0.365601426701892     
      1      4      2      5           4           0  -1.07966211671975     
      1      4      2      5           2           0  -1.13615076915440     
      1      4      2      6           6           0  0.970329882706127     
      1      4      2      6           4           0  -1.29821747878832     
      1      4      3      4           6           0  0.519441456947952     
      1      4      3      4           4           0  -3.57034683416644     
      1      4      3      5           6           0  0.985060146459771     
      1      4      3      5           4           0  -1.23214296573111     
      1      4      3      6           6           0 -7.629848375731774E-003
      1      4      3      6           4           0  -2.21174863833727     
      1      5      1      4           8           0   5.20493248429407     
      1      5      1      4           6           0 -0.195635448728591     
      1      5      1      4           4           0   4.36711173136019     
      1      5      1      4           2           0   1.01392182751034     
      1      5      1      5           6           0   1.28822033867899     
      1      5      1      5           4           0  -4.23553872183903     
      1      5      1      5           2           0 -0.281295863364486     
      1      5      1      5           0           0  -8.34492849387260     
      1      5      1      6           4           0   2.04019493637738     
      1      5      1      6           2           0 -0.375955756443648     
      1      5      2      4           8           0   8.63892908035714     
      1      5      2      4           6           0  -2.40827230971663     
      1      5      2      4           4           0   1.40682641124918     
      1      5      2      4           2           0  -4.12191900999768     
      1      5      2      5           6           0   1.87792007408723     
      1      5      2      5           4           0  -2.87278695344850     
      1      5      2      5           2           0   2.44402663215160     
      1      5      2      6           4           0   2.10796403400231     
      1      5      2      6           2           0   1.34832404479208     
      1      5      3      4           6           0  0.938945605944790     
      1      5      3      4           4           0   2.55528080090114     
      1      5      3      5           6           0  -1.22923835830282     
      1      5      3      5           4           0  -2.96639043486945     
      1      5      3      6           4           0   3.16986997919726     
      1      6      1      4           6           0  0.536231647639899     
      1      6      1      4           4           0  -3.67413078267982     
      1      6      1      5           4           0  -2.04019493637738     
      1      6      1      5           2           0  0.375955756443647     
      1      6      1      6           2           0   1.60672700357785     
      1      6      1      6           0           0  -3.68945787968514     
      1      6      2      4           6           0 -0.960261415406410     
      1      6      2      4           4           0  -2.59976267035372     
      1      6      2      5           4           0 -0.827459428587514     
      1      6      2      5           2           0 -0.235938266862596     
      1      6      2      6           2           0  -1.23470754367988     
      1      6      3      4           6           0  0.305935499914504     
      1      6      3      4           4           0  -5.38916140799710     
      1      6      3      5           4           0  -4.23473597193039     
      2      4      1      4           8           0   5.10604559270948     
      2      4      1      4           6           0 -0.151594603473081     
      2      4      1      4           4           0   4.30279695010601     
      2      4      1      4           2           0   1.01871126319179     
      2      4      1      5           8           0   8.63892908035714     
      2      4      1      5           6           0  -2.40827230971663     
      2      4      1      5           4           0   1.40682641124918     
      2      4      1      5           2           0  -4.12191900999769     
      2      4      1      6           6           0  0.960261415406410     
      2      4      1      6           4           0   2.59976267035372     
      2      4      2      4           6           0   1.34224568278530     
      2      4      2      4           4           0  -4.08798598546571     
      2      4      2      4           2           0 -0.253713406617851     
      2      4      2      4           0           0  -7.87216646112196     
      2      4      2      5           6           0   1.80642804047509     
      2      4      2      5           4           0  -2.80408663968144     
      2      4      2      5           2           0   2.37065604432304     
      2      4      2      6           6           0  -1.18024874257323     
      2      4      2      6           4           0  -2.94503782308735     
      2      4      3      4           4           0   1.87319970542418     
      2      4      3      4           2           0 -0.347634423743908     
      2      4      3      5           4           0   2.02284284433702     
      2      4      3      5           2           0   1.38519638403460     
      2      4      3      6           4           0   3.06210100372890     
      2      5      1      4           8           0  -5.53862882891738     
      2      5      1      4           6           0 -0.365601426701892     
      2      5      1      4           4           0  -1.07966211671975     
      2      5      1      4           2           0  -1.13615076915440     
      2      5      1      5           6           0  -1.87792007408723     
      2      5      1      5           4           0   2.87278695344850     
      2      5      1      5           2           0  -2.44402663215160     
      2      5      1      6           4           0 -0.827459428587514     
      2      5      1      6           2           0 -0.235938266862596     
      2      5      2      4           6           0  -1.80642804047509     
      2      5      2      4           4           0   2.80408663968144     
      2      5      2      4           2           0  -2.37065604432304     
      2      5      2      5           6           0 -0.437733733762752     
      2      5      2      5           4           0  -1.80026816738418     
      2      5      2      5           2           0   4.47903350530986     
      2      5      2      5           0           0  -3.59691300000000     
      2      5      2      6           4           0   1.16284779994611     
      2      5      2      6           2           0  0.302574286422354     
      2      5      3      4           4           0 -0.806765768740011     
      2      5      3      4           2           0 -0.106154798623702     
      2      5      3      5           4           0   1.14841801171922     
      2      5      3      5           2           0  0.295114123171646     
      2      5      3      6           4           0 -0.472058049097835     
      2      5      3      6           2           0  -1.17051536365182     
      2      6      1      4           6           0 -0.970329882706127     
      2      6      1      4           4           0   1.29821747878832     
      2      6      1      5           4           0   2.10796403400231     
      2      6      1      5           2           0   1.34832404479208     
      2      6      1      6           2           0   1.23470754367988     
      2      6      2      4           6           0  -1.18024874257323     
      2      6      2      4           4           0  -2.94503782308735     
      2      6      2      5           4           0  -1.16284779994611     
      2      6      2      5           2           0 -0.302574286422354     
      2      6      2      6           2           0  -1.14405138406973     
      2      6      2      6           0           0  -2.56502808098725     
      2      6      3      4           4           0   4.12960164579830     
      2      6      3      5           4           0   3.36982962987793     
      2      6      3      5           2           0 -0.675808336501960     
      2      6      3      6           2           0  -1.42908130573456     
      3      4      1      4           6           0  0.519441456947951     
      3      4      1      4           4           0  -3.57034683416644     
      3      4      1      5           6           0 -0.938945605944791     
      3      4      1      5           4           0  -2.55528080090114     
      3      4      1      6           6           0  0.305935499914504     
      3      4      1      6           4           0  -5.38916140799710     
      3      4      2      4           4           0  -1.87319970542418     
      3      4      2      4           2           0  0.347634423743907     
      3      4      2      5           4           0 -0.806765768740012     
      3      4      2      5           2           0 -0.106154798623702     
      3      4      2      6           4           0  -4.12960164579830     
      3      4      3      4           2           0   1.58291821347314     
      3      4      3      4           0           0  -3.44115540603908     
      3      4      3      5           2           0  -1.24453506244099     
      3      5      1      4           6           0 -0.985060146459772     
      3      5      1      4           4           0   1.23214296573111     
      3      5      1      5           6           0  -1.22923835830282     
      3      5      1      5           4           0  -2.96639043486945     
      3      5      1      6           4           0   4.23473597193039     
      3      5      2      4           4           0   2.02284284433702     
      3      5      2      4           2           0   1.38519638403460     
      3      5      2      5           4           0  -1.14841801171922     
      3      5      2      5           2           0 -0.295114123171645     
      3      5      2      6           4           0   3.36982962987793     
      3      5      2      6           2           0 -0.675808336501960     
      3      5      3      4           2           0   1.24453506244099     
      3      5      3      5           2           0  -1.12053628536964     
      3      5      3      5           0           0  -2.58134704483686     
      3      5      3      6           2           0  -1.46610166896212     
      3      6      1      4           6           0 -7.629848375731552E-003
      3      6      1      4           4           0  -2.21174863833727     
      3      6      1      5           4           0  -3.16986997919725     
      3      6      2      4           4           0  -3.06210100372889     
      3      6      2      5           4           0 -0.472058049097835     
      3      6      2      5           2           0  -1.17051536365182     
      3      6      2      6           2           0   1.42908130573456     
      3      6      3      5           2           0   1.46610166896212     
      3      6      3      6           2           0   1.34924852653727     
      3      6      3      6           0           0  -5.01583700000000     
      4      1      4      1          10           0  0.236755418090192     
      4      1      4      1           8           0  -1.94166952380952     
      4      1      4      1           6           0   2.31002085704415     
      4      1      4      1           4           0  -5.55948487269961     
      4      1      4      1           2           0   4.65801370533940     
      4      1      4      1           0           0  -8.96581333333333     
      4      1      4      2           8           0  -5.10604559270948     
      4      1      4      2           6           0  0.151594603473082     
      4      1      4      2           4           0  -4.30279695010602     
      4      1      4      2           2           0  -1.01871126319179     
      4      1      4      3           6           0  0.519441456947952     
      4      1      4      3           4           0  -3.57034683416644     
      4      1      5      1           8           0  -5.20493248429407     
      4      1      5      1           6           0  0.195635448728590     
      4      1      5      1           4           0  -4.36711173136019     
      4      1      5      1           2           0  -1.01392182751034     
      4      1      5      2           8           0  -5.53862882891738     
      4      1      5      2           6           0 -0.365601426701892     
      4      1      5      2           4           0  -1.07966211671975     
      4      1      5      2           2           0  -1.13615076915440     
      4      1      5      3           6           0  0.985060146459771     
      4      1      5      3           4           0  -1.23214296573111     
      4      1      6      1           6           0  0.536231647639900     
      4      1      6      1           4           0  -3.67413078267982     
      4      1      6      2           6           0  0.970329882706127     
      4      1      6      2           4           0  -1.29821747878832     
      4      1      6      3           6           0 -7.629848375731774E-003
      4      1      6      3           4           0  -2.21174863833727     
      4      2      4      1           8           0   5.10604559270948     
      4      2      4      1           6           0 -0.151594603473081     
      4      2      4      1           4           0   4.30279695010601     
      4      2      4      1           2           0   1.01871126319179     
      4      2      4      2           6           0   1.34224568278530     
      4      2      4      2           4           0  -4.08798598546571     
      4      2      4      2           2           0 -0.253713406617850     
      4      2      4      2           0           0  -7.87216646112196     
      4      2      4      3           4           0   1.87319970542418     
      4      2      4      3           2           0 -0.347634423743908     
      4      2      5      1           8           0   8.63892908035714     
      4      2      5      1           6           0  -2.40827230971663     
      4      2      5      1           4           0   1.40682641124918     
      4      2      5      1           2           0  -4.12191900999768     
      4      2      5      2           6           0   1.80642804047509     
      4      2      5      2           4           0  -2.80408663968144     
      4      2      5      2           2           0   2.37065604432304     
      4      2      5      3           4           0   2.02284284433702     
      4      2      5      3           2           0   1.38519638403460     
      4      2      6      1           6           0  0.960261415406410     
      4      2      6      1           4           0   2.59976267035372     
      4      2      6      2           6           0  -1.18024874257323     
      4      2      6      2           4           0  -2.94503782308735     
      4      2      6      3           4           0   3.06210100372890     
      4      3      4      1           6           0  0.519441456947951     
      4      3      4      1           4           0  -3.57034683416644     
      4      3      4      2           4           0  -1.87319970542418     
      4      3      4      2           2           0  0.347634423743907     
      4      3      4      3           2           0   1.58291821347314     
      4      3      4      3           0           0  -3.44115540603908     
      4      3      5      1           6           0 -0.938945605944791     
      4      3      5      1           4           0  -2.55528080090114     
      4      3      5      2           4           0 -0.806765768740012     
      4      3      5      2           2           0 -0.106154798623702     
      4      3      5      3           2           0  -1.24453506244099     
      4      3      6      1           6           0  0.305935499914504     
      4      3      6      1           4           0  -5.38916140799710     
      4      3      6      2           4           0  -4.12960164579830     
      5      1      4      1           8           0   5.20493248429407     
      5      1      4      1           6           0 -0.195635448728591     
      5      1      4      1           4           0   4.36711173136019     
      5      1      4      1           2           0   1.01392182751034     
      5      1      4      2           8           0   8.63892908035714     
      5      1      4      2           6           0  -2.40827230971663     
      5      1      4      2           4           0   1.40682641124918     
      5      1      4      2           2           0  -4.12191900999769     
      5      1      4      3           6           0  0.938945605944790     
      5      1      4      3           4           0   2.55528080090114     
      5      1      5      1           6           0   1.28822033867899     
      5      1      5      1           4           0  -4.23553872183903     
      5      1      5      1           2           0 -0.281295863364487     
      5      1      5      1           0           0  -8.34492849387260     
      5      1      5      2           6           0   1.87792007408723     
      5      1      5      2           4           0  -2.87278695344850     
      5      1      5      2           2           0   2.44402663215160     
      5      1      5      3           6           0  -1.22923835830282     
      5      1      5      3           4           0  -2.96639043486945     
      5      1      6      1           4           0   2.04019493637738     
      5      1      6      1           2           0 -0.375955756443648     
      5      1      6      2           4           0   2.10796403400231     
      5      1      6      2           2           0   1.34832404479208     
      5      1      6      3           4           0   3.16986997919726     
      5      2      4      1           8           0  -5.53862882891738     
      5      2      4      1           6           0 -0.365601426701892     
      5      2      4      1           4           0  -1.07966211671975     
      5      2      4      1           2           0  -1.13615076915440     
      5      2      4      2           6           0  -1.80642804047509     
      5      2      4      2           4           0   2.80408663968144     
      5      2      4      2           2           0  -2.37065604432304     
      5      2      4      3           4           0 -0.806765768740011     
      5      2      4      3           2           0 -0.106154798623702     
      5      2      5      1           6           0  -1.87792007408723     
      5      2      5      1           4           0   2.87278695344850     
      5      2      5      1           2           0  -2.44402663215160     
      5      2      5      2           6           0 -0.437733733762752     
      5      2      5      2           4           0  -1.80026816738418     
      5      2      5      2           2           0   4.47903350530986     
      5      2      5      2           0           0  -3.59691300000000     
      5      2      5      3           4           0   1.14841801171922     
      5      2      5      3           2           0  0.295114123171646     
      5      2      6      1           4           0 -0.827459428587514     
      5      2      6      1           2           0 -0.235938266862596     
      5      2      6      2           4           0   1.16284779994611     
      5      2      6      2           2           0  0.302574286422354     
      5      2      6      3           4           0 -0.472058049097835     
      5      2      6      3           2           0  -1.17051536365182     
      5      3      4      1           6           0 -0.985060146459772     
      5      3      4      1           4           0   1.23214296573111     
      5      3      4      2           4           0   2.02284284433702     
      5      3      4      2           2           0   1.38519638403460     
      5      3      4      3           2           0   1.24453506244099     
      5      3      5      1           6           0  -1.22923835830282     
      5      3      5      1           4           0  -2.96639043486945     
      5      3      5      2           4           0  -1.14841801171922     
      5      3      5      2           2           0 -0.295114123171645     
      5      3      5      3           2           0  -1.12053628536964     
      5      3      5      3           0           0  -2.58134704483686     
      5      3      6      1           4           0   4.23473597193039     
      5      3      6      2           4           0   3.36982962987793     
      5      3      6      2           2           0 -0.675808336501960     
      5      3      6      3           2           0  -1.46610166896212     
      6      1      4      1           6           0  0.536231647639899     
      6      1      4      1           4           0  -3.67413078267982     
      6      1      4      2           6           0 -0.960261415406410     
      6      1      4      2           4           0  -2.59976267035372     
      6      1      4      3           6           0  0.305935499914504     
      6      1      4      3           4           0  -5.38916140799710     
      6      1      5      1           4           0  -2.04019493637738     
      6      1      5      1           2           0  0.375955756443647     
      6      1      5      2           4           0 -0.827459428587514     
      6      1      5      2           2           0 -0.235938266862596     
      6      1      5      3           4           0  -4.23473597193039     
      6      1      6      1           2           0   1.60672700357785     
      6      1      6      1           0           0  -3.68945787968514     
      6      1      6      2           2           0  -1.23470754367988     
      6      2      4      1           6           0 -0.970329882706127     
      6      2      4      1           4           0   1.29821747878832     
      6      2      4      2           6           0  -1.18024874257323     
      6      2      4      2           4           0  -2.94503782308735     
      6      2      4      3           4           0   4.12960164579830     
      6      2      5      1           4           0   2.10796403400231     
      6      2      5      1           2           0   1.34832404479208     
      6      2      5      2           4           0  -1.16284779994611     
      6      2      5      2           2           0 -0.302574286422354     
      6      2      5      3           4           0   3.36982962987793     
      6      2      5      3           2           0 -0.675808336501960     
      6      2      6      1           2           0   1.23470754367988     
      6      2      6      2           2           0  -1.14405138406973     
      6      2      6      2           0           0  -2.56502808098725     
      6      2      6      3           2           0  -1.42908130573456     
      6      3      4      1           6           0 -7.629848375731552E-003
      6      3      4      1           4           0  -2.21174863833727     
      6      3      4      2           4           0  -3.06210100372889     
      6      3      5      1           4           0  -3.16986997919725     
      6      3      5      2           4           0 -0.472058049097835     
      6      3      5      2           2           0  -1.17051536365182     
      6      3      5      3           2           0   1.46610166896212     
      6      3      6      2           2           0   1.42908130573456     
      6      3      6      3           2           0   1.34924852653727     
      6      3      6      3           0           0  -5.01583700000000     
         336          10
   1   1   4   4   0   0   0   0 -8.9658   1   1
   1   1   4   4   2   0   0   0  4.6580   1   1
   1   1   4   4   4   0   0   0 -5.5595   1   1
   1   1   4   4   6   0   0   0  2.3100   1   1
   1   1   4   4   8   0   0   0 -1.9417   1   1
   1   1   4   4  10   0   0   0  0.2368   1   1
   1   1   4   5   2   0   0   0 -1.0139   1   1
   1   1   4   5   4   0   0   0 -4.3671   1   1
   1   1   4   5   6   0   0   0  0.1956   1   1
   1   1   4   5   8   0   0   0 -5.2049   1   1
   1   1   4   6   4   0   0   0 -3.6741   1   1
   1   1   4   6   6   0   0   0  0.5362   1   1
   1   1   5   4   2   0   0   0  1.0139   1   1
   1   1   5   4   4   0   0   0  4.3671   1   1
   1   1   5   4   6   0   0   0 -0.1956   1   1
   1   1   5   4   8   0   0   0  5.2049   1   1
   1   1   5   5   0   0   0   0 -8.3449   1   1
   1   1   5   5   2   0   0   0 -0.2813   1   1
   1   1   5   5   4   0   0   0 -4.2355   1   1
   1   1   5   5   6   0   0   0  1.2882   1   1
   1   1   5   6   2   0   0   0 -0.3760   1   1
   1   1   5   6   4   0   0   0  2.0402   1   1
   1   1   6   4   4   0   0   0 -3.6741   1   1
   1   1   6   4   6   0   0   0  0.5362   1   1
   1   1   6   5   2   0   0   0  0.3760   1   1
   1   1   6   5   4   0   0   0 -2.0402   1   1
   1   1   6   6   0   0   0   0 -3.6895   1   1
   1   1   6   6   2   0   0   0  1.6067   1   1
   1   2   4   4   2   0   0   0 -1.0187   1   1
   1   2   4   4   4   0   0   0 -4.3028   1   1
   1   2   4   4   6   0   0   0  0.1516   1   1
   1   2   4   4   8   0   0   0 -5.1060   1   1
   1   2   4   5   2   0   0   0 -1.1362   1   1
   1   2   4   5   4   0   0   0 -1.0797   1   1
   1   2   4   5   6   0   0   0 -0.3656   1   1
   1   2   4   5   8   0   0   0 -5.5386   1   1
   1   2   4   6   4   0   0   0 -1.2982   1   1
   1   2   4   6   6   0   0   0  0.9703   1   1
   1   2   5   4   2   0   0   0 -4.1219   1   1
   1   2   5   4   4   0   0   0  1.4068   1   1
   1   2   5   4   6   0   0   0 -2.4083   1   1
   1   2   5   4   8   0   0   0  8.6389   1   1
   1   2   5   5   2   0   0   0  2.4440   1   1
   1   2   5   5   4   0   0   0 -2.8728   1   1
   1   2   5   5   6   0   0   0  1.8779   1   1
   1   2   5   6   2   0   0   0  1.3483   1   1
   1   2   5   6   4   0   0   0  2.1080   1   1
   1   2   6   4   4   0   0   0 -2.5998   1   1
   1   2   6   4   6   0   0   0 -0.9603   1   1
   1   2   6   5   2   0   0   0 -0.2359   1   1
   1   2   6   5   4   0   0   0 -0.8275   1   1
   1   2   6   6   2   0   0   0 -1.2347   1   1
   1   3   4   4   4   0   0   0 -3.5703   1   1
   1   3   4   4   6   0   0   0  0.5194   1   1
   1   3   4   5   4   0   0   0 -1.2321   1   1
   1   3   4   5   6   0   0   0  0.9851   1   1
   1   3   4   6   4   0   0   0 -2.2117   1   1
   1   3   4   6   6   0   0   0 -0.0076   1   1
   1   3   5   4   4   0   0   0  2.5553   1   1
   1   3   5   4   6   0   0   0  0.9389   1   1
   1   3   5   5   4   0   0   0 -2.9664   1   1
   1   3   5   5   6   0   0   0 -1.2292   1   1
   1   3   5   6   4   0   0   0  3.1699   1   1
   1   3   6   4   4   0   0   0 -5.3892   1   1
   1   3   6   4   6   0   0   0  0.3059   1   1
   1   3   6   5   4   0   0   0 -4.2347   1   1
   2   1   4   4   2   0   0   0  1.0187   1   1
   2   1   4   4   4   0   0   0  4.3028   1   1
   2   1   4   4   6   0   0   0 -0.1516   1   1
   2   1   4   4   8   0   0   0  5.1060   1   1
   2   1   4   5   2   0   0   0 -4.1219   1   1
   2   1   4   5   4   0   0   0  1.4068   1   1
   2   1   4   5   6   0   0   0 -2.4083   1   1
   2   1   4   5   8   0   0   0  8.6389   1   1
   2   1   4   6   4   0   0   0  2.5998   1   1
   2   1   4   6   6   0   0   0  0.9603   1   1
   2   1   5   4   2   0   0   0 -1.1362   1   1
   2   1   5   4   4   0   0   0 -1.0797   1   1
   2   1   5   4   6   0   0   0 -0.3656   1   1
   2   1   5   4   8   0   0   0 -5.5386   1   1
   2   1   5   5   2   0   0   0 -2.4440   1   1
   2   1   5   5   4   0   0   0  2.8728   1   1
   2   1   5   5   6   0   0   0 -1.8779   1   1
   2   1   5   6   2   0   0   0 -0.2359   1   1
   2   1   5   6   4   0   0   0 -0.8275   1   1
   2   1   6   4   4   0   0   0  1.2982   1   1
   2   1   6   4   6   0   0   0 -0.9703   1   1
   2   1   6   5   2   0   0   0  1.3483   1   1
   2   1   6   5   4   0   0   0  2.1080   1   1
   2   1   6   6   2   0   0   0  1.2347   1   1
   2   2   4   4   0   0   0   0 -7.8722   1   1
   2   2   4   4   2   0   0   0 -0.2537   1   1
   2   2   4   4   4   0   0   0 -4.0880   1   1
   2   2   4   4   6   0   0   0  1.3422   1   1
   2   2   4   5   2   0   0   0  2.3707   1   1
   2   2   4   5   4   0   0   0 -2.8041   1   1
   2   2   4   5   6   0   0   0  1.8064   1   1
   2   2   4   6   4   0   0   0 -2.9450   1   1
   2   2   4   6   6   0   0   0 -1.1802   1   1
   2   2   5   4   2   0   0   0 -2.3707   1   1
   2   2   5   4   4   0   0   0  2.8041   1   1
   2   2   5   4   6   0   0   0 -1.8064   1   1
   2   2   5   5   0   0   0   0 -3.5969   1   1
   2   2   5   5   2   0   0   0  4.4790   1   1
   2   2   5   5   4   0   0   0 -1.8003   1   1
   2   2   5   5   6   0   0   0 -0.4377   1   1
   2   2   5   6   2   0   0   0  0.3026   1   1
   2   2   5   6   4   0   0   0  1.1628   1   1
   2   2   6   4   4   0   0   0 -2.9450   1   1
   2   2   6   4   6   0   0   0 -1.1802   1   1
   2   2   6   5   2   0   0   0 -0.3026   1   1
   2   2   6   5   4   0   0   0 -1.1628   1   1
   2   2   6   6   0   0   0   0 -2.5650   1   1
   2   2   6   6   2   0   0   0 -1.1441   1   1
   2   3   4   4   2   0   0   0 -0.3476   1   1
   2   3   4   4   4   0   0   0  1.8732   1   1
   2   3   4   5   2   0   0   0  1.3852   1   1
   2   3   4   5   4   0   0   0  2.0228   1   1
   2   3   4   6   4   0   0   0  3.0621   1   1
   2   3   5   4   2   0   0   0 -0.1062   1   1
   2   3   5   4   4   0   0   0 -0.8068   1   1
   2   3   5   5   2   0   0   0  0.2951   1   1
   2   3   5   5   4   0   0   0  1.1484   1   1
   2   3   5   6   2   0   0   0 -1.1705   1   1
   2   3   5   6   4   0   0   0 -0.4721   1   1
   2   3   6   4   4   0   0   0  4.1296   1   1
   2   3   6   5   2   0   0   0 -0.6758   1   1
   2   3   6   5   4   0   0   0  3.3698   1   1
   2   3   6   6   2   0   0   0 -1.4291   1   1
   3   1   4   4   4   0   0   0 -3.5703   1   1
   3   1   4   4   6   0   0   0  0.5194   1   1
   3   1   4   5   4   0   0   0 -2.5553   1   1
   3   1   4   5   6   0   0   0 -0.9389   1   1
   3   1   4   6   4   0   0   0 -5.3892   1   1
   3   1   4   6   6   0   0   0  0.3059   1   1
   3   1   5   4   4   0   0   0  1.2321   1   1
   3   1   5   4   6   0   0   0 -0.9851   1   1
   3   1   5   5   4   0   0   0 -2.9664   1   1
   3   1   5   5   6   0   0   0 -1.2292   1   1
   3   1   5   6   4   0   0   0  4.2347   1   1
   3   1   6   4   4   0   0   0 -2.2117   1   1
   3   1   6   4   6   0   0   0 -0.0076   1   1
   3   1   6   5   4   0   0   0 -3.1699   1   1
   3   2   4   4   2   0   0   0  0.3476   1   1
   3   2   4   4   4   0   0   0 -1.8732   1   1
   3   2   4   5   2   0   0   0 -0.1062   1   1
   3   2   4   5   4   0   0   0 -0.8068   1   1
   3   2   4   6   4   0   0   0 -4.1296   1   1
   3   2   5   4   2   0   0   0  1.3852   1   1
   3   2   5   4   4   0   0   0  2.0228   1   1
   3   2   5   5   2   0   0   0 -0.2951   1   1
   3   2   5   5   4   0   0   0 -1.1484   1   1
   3   2   5   6   2   0   0   0 -0.6758   1   1
   3   2   5   6   4   0   0   0  3.3698   1   1
   3   2   6   4   4   0   0   0 -3.0621   1   1
   3   2   6   5   2   0   0   0 -1.1705   1   1
   3   2   6   5   4   0   0   0 -0.4721   1   1
   3   2   6   6   2   0   0   0  1.4291   1   1
   3   3   4   4   0   0   0   0 -3.4412   1   1
   3   3   4   4   2   0   0   0  1.5829   1   1
   3   3   4   5   2   0   0   0 -1.2445   1   1
   3   3   5   4   2   0   0   0  1.2445   1   1
   3   3   5   5   0   0   0   0 -2.5813   1   1
   3   3   5   5   2   0   0   0 -1.1205   1   1
   3   3   5   6   2   0   0   0 -1.4661   1   1
   3   3   6   5   2   0   0   0  1.4661   1   1
   3   3   6   6   0   0   0   0 -5.0158   1   1
   3   3   6   6   2   0   0   0  1.3492   1   1
   4   4   1   1   0   0   0   0 -8.9658   1   1
   4   4   1   1   2   0   0   0  4.6580   1   1
   4   4   1   1   4   0   0   0 -5.5595   1   1
   4   4   1   1   6   0   0   0  2.3100   1   1
   4   4   1   1   8   0   0   0 -1.9417   1   1
   4   4   1   1  10   0   0   0  0.2368   1   1
   4   4   1   2   2   0   0   0 -1.0187   1   1
   4   4   1   2   4   0   0   0 -4.3028   1   1
   4   4   1   2   6   0   0   0  0.1516   1   1
   4   4   1   2   8   0   0   0 -5.1060   1   1
   4   4   1   3   4   0   0   0 -3.5703   1   1
   4   4   1   3   6   0   0   0  0.5194   1   1
   4   4   2   1   2   0   0   0  1.0187   1   1
   4   4   2   1   4   0   0   0  4.3028   1   1
   4   4   2   1   6   0   0   0 -0.1516   1   1
   4   4   2   1   8   0   0   0  5.1060   1   1
   4   4   2   2   0   0   0   0 -7.8722   1   1
   4   4   2   2   2   0   0   0 -0.2537   1   1
   4   4   2   2   4   0   0   0 -4.0880   1   1
   4   4   2   2   6   0   0   0  1.3422   1   1
   4   4   2   3   2   0   0   0 -0.3476   1   1
   4   4   2   3   4   0   0   0  1.8732   1   1
   4   4   3   1   4   0   0   0 -3.5703   1   1
   4   4   3   1   6   0   0   0  0.5194   1   1
   4   4   3   2   2   0   0   0  0.3476   1   1
   4   4   3   2   4   0   0   0 -1.8732   1   1
   4   4   3   3   0   0   0   0 -3.4412   1   1
   4   4   3   3   2   0   0   0  1.5829   1   1
   4   5   1   1   2   0   0   0 -1.0139   1   1
   4   5   1   1   4   0   0   0 -4.3671   1   1
   4   5   1   1   6   0   0   0  0.1956   1   1
   4   5   1   1   8   0   0   0 -5.2049   1   1
   4   5   1   2   2   0   0   0 -1.1362   1   1
   4   5   1   2   4   0   0   0 -1.0797   1   1
   4   5   1   2   6   0   0   0 -0.3656   1   1
   4   5   1   2   8   0   0   0 -5.5386   1   1
   4   5   1   3   4   0   0   0 -1.2321   1   1
   4   5   1   3   6   0   0   0  0.9851   1   1
   4   5   2   1   2   0   0   0 -4.1219   1   1
   4   5   2   1   4   0   0   0  1.4068   1   1
   4   5   2   1   6   0   0   0 -2.4083   1   1
   4   5   2   1   8   0   0   0  8.6389   1   1
   4   5   2   2   2   0   0   0  2.3707   1   1
   4   5   2   2   4   0   0   0 -2.8041   1   1
   4   5   2   2   6   0   0   0  1.8064   1   1
   4   5   2   3   2   0   0   0  1.3852   1   1
   4   5   2   3   4   0   0   0  2.0228   1   1
   4   5   3   1   4   0   0   0 -2.5553   1   1
   4   5   3   1   6   0   0   0 -0.9389   1   1
   4   5   3   2   2   0   0   0 -0.1062   1   1
   4   5   3   2   4   0   0   0 -0.8068   1   1
   4   5   3   3   2   0   0   0 -1.2445   1   1
   4   6   1   1   4   0   0   0 -3.6741   1   1
   4   6   1   1   6   0   0   0  0.5362   1   1
   4   6   1   2   4   0   0   0 -1.2982   1   1
   4   6   1   2   6   0   0   0  0.9703   1   1
   4   6   1   3   4   0   0   0 -2.2117   1   1
   4   6   1   3   6   0   0   0 -0.0076   1   1
   4   6   2   1   4   0   0   0  2.5998   1   1
   4   6   2   1   6   0   0   0  0.9603   1   1
   4   6   2   2   4   0   0   0 -2.9450   1   1
   4   6   2   2   6   0   0   0 -1.1802   1   1
   4   6   2   3   4   0   0   0  3.0621   1   1
   4   6   3   1   4   0   0   0 -5.3892   1   1
   4   6   3   1   6   0   0   0  0.3059   1   1
   4   6   3   2   4   0   0   0 -4.1296   1   1
   5   4   1   1   2   0   0   0  1.0139   1   1
   5   4   1   1   4   0   0   0  4.3671   1   1
   5   4   1   1   6   0   0   0 -0.1956   1   1
   5   4   1   1   8   0   0   0  5.2049   1   1
   5   4   1   2   2   0   0   0 -4.1219   1   1
   5   4   1   2   4   0   0   0  1.4068   1   1
   5   4   1   2   6   0   0   0 -2.4083   1   1
   5   4   1   2   8   0   0   0  8.6389   1   1
   5   4   1   3   4   0   0   0  2.5553   1   1
   5   4   1   3   6   0   0   0  0.9389   1   1
   5   4   2   1   2   0   0   0 -1.1362   1   1
   5   4   2   1   4   0   0   0 -1.0797   1   1
   5   4   2   1   6   0   0   0 -0.3656   1   1
   5   4   2   1   8   0   0   0 -5.5386   1   1
   5   4   2   2   2   0   0   0 -2.3707   1   1
   5   4   2   2   4   0   0   0  2.8041   1   1
   5   4   2   2   6   0   0   0 -1.8064   1   1
   5   4   2   3   2   0   0   0 -0.1062   1   1
   5   4   2   3   4   0   0   0 -0.8068   1   1
   5   4   3   1   4   0   0   0  1.2321   1   1
   5   4   3   1   6   0   0   0 -0.9851   1   1
   5   4   3   2   2   0   0   0  1.3852   1   1
   5   4   3   2   4   0   0   0  2.0228   1   1
   5   4   3   3   2   0   0   0  1.2445   1   1
   5   5   1   1   0   0   0   0 -8.3449   1   1
   5   5   1   1   2   0   0   0 -0.2813   1   1
   5   5   1   1   4   0   0   0 -4.2355   1   1
   5   5   1   1   6   0   0   0  1.2882   1   1
   5   5   1   2   2   0   0   0  2.4440   1   1
   5   5   1   2   4   0   0   0 -2.8728   1   1
   5   5   1   2   6   0   0   0  1.8779   1   1
   5   5   1   3   4   0   0   0 -2.9664   1   1
   5   5   1   3   6   0   0   0 -1.2292   1   1
   5   5   2   1   2   0   0   0 -2.4440   1   1
   5   5   2   1   4   0   0   0  2.8728   1   1
   5   5   2   1   6   0   0   0 -1.8779   1   1
   5   5   2   2   0   0   0   0 -3.5969   1   1
   5   5   2   2   2   0   0   0  4.4790   1   1
   5   5   2   2   4   0   0   0 -1.8003   1   1
   5   5   2   2   6   0   0   0 -0.4377   1   1
   5   5   2   3   2   0   0   0  0.2951   1   1
   5   5   2   3   4   0   0   0  1.1484   1   1
   5   5   3   1   4   0   0   0 -2.9664   1   1
   5   5   3   1   6   0   0   0 -1.2292   1   1
   5   5   3   2   2   0   0   0 -0.2951   1   1
   5   5   3   2   4   0   0   0 -1.1484   1   1
   5   5   3   3   0   0   0   0 -2.5813   1   1
   5   5   3   3   2   0   0   0 -1.1205   1   1
   5   6   1   1   2   0   0   0 -0.3760   1   1
   5   6   1   1   4   0   0   0  2.0402   1   1
   5   6   1   2   2   0   0   0  1.3483   1   1
   5   6   1   2   4   0   0   0  2.1080   1   1
   5   6   1   3   4   0   0   0  3.1699   1   1
   5   6   2   1   2   0   0   0 -0.2359   1   1
   5   6   2   1   4   0   0   0 -0.8275   1   1
   5   6   2   2   2   0   0   0  0.3026   1   1
   5   6   2   2   4   0   0   0  1.1628   1   1
   5   6   2   3   2   0   0   0 -1.1705   1   1
   5   6   2   3   4   0   0   0 -0.4721   1   1
   5   6   3   1   4   0   0   0  4.2347   1   1
   5   6   3   2   2   0   0   0 -0.6758   1   1
   5   6   3   2   4   0   0   0  3.3698   1   1
   5   6   3   3   2   0   0   0 -1.4661   1   1
   6   4   1   1   4   0   0   0 -3.6741   1   1
   6   4   1   1   6   0   0   0  0.5362   1   1
   6   4   1   2   4   0   0   0 -2.5998   1   1
   6   4   1   2   6   0   0   0 -0.9603   1   1
   6   4   1   3   4   0   0   0 -5.3892   1   1
   6   4   1   3   6   0   0   0  0.3059   1   1
   6   4   2   1   4   0   0   0  1.2982   1   1
   6   4   2   1   6   0   0   0 -0.9703   1   1
   6   4   2   2   4   0   0   0 -2.9450   1   1
   6   4   2   2   6   0   0   0 -1.1802   1   1
   6   4   2   3   4   0   0   0  4.1296   1   1
   6   4   3   1   4   0   0   0 -2.2117   1   1
   6   4   3   1   6   0   0   0 -0.0076   1   1
   6   4   3   2   4   0   0   0 -3.0621   1   1
   6   5   1   1   2   0   0   0  0.3760   1   1
   6   5   1   1   4   0   0   0 -2.0402   1   1
   6   5   1   2   2   0   0   0 -0.2359   1   1
   6   5   1   2   4   0   0   0 -0.8275   1   1
   6   5   1   3   4   0   0   0 -4.2347   1   1
   6   5   2   1   2   0   0   0  1.3483   1   1
   6   5   2   1   4   0   0   0  2.1080   1   1
   6   5   2   2   2   0   0   0 -0.3026   1   1
   6   5   2   2   4   0   0   0 -1.1628   1   1
   6   5   2   3   2   0   0   0 -0.6758   1   1
   6   5   2   3   4   0   0   0  3.3698   1   1
   6   5   3   1   4   0   0   0 -3.1699   1   1
   6   5   3   2   2   0   0   0 -1.1705   1   1
   6   5   3   2   4   0   0   0 -0.4721   1   1
   6   5   3   3   2   0   0   0  1.4661   1   1
   6   6   1   1   0   0   0   0 -3.6895   1   1
   6   6   1   1   2   0   0   0  1.6067   1   1
   6   6   1   2   2   0   0   0 -1.2347   1   1
   6   6   2   1   2   0   0   0  1.2347   1   1
   6   6   2   2   0   0   0   0 -2.5650   1   1
   6   6   2   2   2   0   0   0 -1.1441   1   1
   6   6   2   3   2   0   0   0 -1.4291   1   1
   6   6   3   2   2   0   0   0  1.4291   1   1
   6   6   3   3   0   0   0   0 -5.0158   1   1
   6   6   3   3   2   0   0   0  1.3492   1   1
