############################################################################################################
# initial vector basename: cl340
# final   vector basename: cl340
# Operator file: VCoul.int
# Zero body term: 14.5696
# Jf  nJf     Ji  nJi      Ei          Ef         <Op1b>          <Op2b>         <Op1b+2b>     <Op0b+1b+2b>
###########################################################################################################
 0.0   1     0.0   1   -186.312    -186.312    2.779171e+01    1.514315e+01    4.293487e+01    5.750447e+01
 0.0   1     0.0   2   -186.312    -181.342   -5.062482e-02   -1.191250e-01   -1.697498e-01   -1.697498e-01
 0.0   2     0.0   1   -181.342    -186.312    0.000000e+00    0.000000e+00    0.000000e+00    0.000000e+00
 0.0   2     0.0   2   -181.342    -181.342    2.778644e+01    1.500096e+01    4.278740e+01    5.735700e+01
 1.0   1     1.0   1   -186.498    -186.498    2.768110e+01    1.497792e+01    4.265901e+01    5.722861e+01
 1.0   1     1.0   2   -186.498    -184.807   -3.072156e-02    6.445865e-03   -2.427570e-02   -2.427570e-02
 1.0   2     1.0   1   -184.807    -186.498    0.000000e+00    0.000000e+00    0.000000e+00    0.000000e+00
 1.0   2     1.0   2   -184.807    -184.807    2.778869e+01    1.512853e+01    4.291722e+01    5.748682e+01
