############################################################################################################
# initial vector basename: ar340
# final   vector basename: ar340
# Operator file: Iso2.int
# Zero body term: 0.00756305
# Jf  nJf     Ji  nJi      Ei          Ef         <Op1b>          <Op2b>         <Op1b+2b>     <Op0b+1b+2b>
###########################################################################################################
 0.0   1     0.0   1   -179.558    -179.558    1.348967e+01   -1.149066e+01    1.999004e+00    2.006568e+00
 0.0   1     0.0   2   -179.558    -174.627    2.324946e-03   -1.980867e-03    3.440786e-04    3.440786e-04
 0.0   2     0.0   1   -174.627    -179.558    0.000000e+00    0.000000e+00    0.000000e+00    0.000000e+00
 0.0   2     0.0   2   -174.627    -174.627    1.348853e+01   -1.148605e+01    2.002480e+00    2.010043e+00
 1.0   1     1.0   1   -175.299    -175.299    1.348947e+01   -1.148714e+01    2.002326e+00    2.009889e+00
 1.0   1     1.0   2   -175.299    -173.058    3.634317e-04   -2.255669e-03   -1.892237e-03   -1.892237e-03
 1.0   2     1.0   1   -173.058    -175.299    0.000000e+00    0.000000e+00    0.000000e+00    0.000000e+00
 1.0   2     1.0   2   -173.058    -173.058    1.348891e+01   -1.148932e+01    1.999594e+00    2.007157e+00
