############################################################################################################
# initial vector basename: ar340
# final   vector basename: ar340
# Operator file: Rp2.int
# Zero body term: 2.96815
# Jf  nJf     Ji  nJi      Ei          Ef         <Op1b>          <Op2b>         <Op1b+2b>     <Op0b+1b+2b>
###########################################################################################################
 0.0   1     0.0   1   -179.558    -179.558    7.707037e+00   -4.554852e-01    7.251551e+00    1.021970e+01
 0.0   1     0.0   2   -179.558    -174.627   -2.135475e-02   -5.865782e-03   -2.722053e-02   -2.722053e-02
 0.0   2     0.0   1   -174.627    -179.558    0.000000e+00    0.000000e+00    0.000000e+00    0.000000e+00
 0.0   2     0.0   2   -174.627    -174.627    7.725758e+00   -4.483950e-01    7.277363e+00    1.024551e+01
 1.0   1     1.0   1   -175.299    -175.299    7.714615e+00   -4.506326e-01    7.263983e+00    1.023213e+01
 1.0   1     1.0   2   -175.299    -173.058   -1.531973e-02    1.533461e-03   -1.378627e-02   -1.378627e-02
 1.0   2     1.0   1   -173.058    -175.299    0.000000e+00    0.000000e+00    0.000000e+00    0.000000e+00
 1.0   2     1.0   2   -173.058    -173.058    7.614477e+00   -4.228027e-01    7.191674e+00    1.015982e+01
