############################################################################################################
# initial vector basename: s_340
# final   vector basename: s_340
# Operator file: VCoul.int
# Zero body term: 14.5696
# Jf  nJf     Ji  nJi      Ei          Ef         <Op1b>          <Op2b>         <Op1b+2b>     <Op0b+1b+2b>
###########################################################################################################
 0.0   1     0.0   1   -192.236    -192.236    2.465962e+01    1.274742e+01    3.740704e+01    5.197664e+01
 0.0   1     0.0   2   -192.236    -187.507    7.140435e-02    1.508068e-01    2.222112e-01    2.222112e-01
 0.0   2     0.0   1   -187.507    -192.236    0.000000e+00    0.000000e+00    0.000000e+00    0.000000e+00
 0.0   2     0.0   2   -187.507    -187.507    2.468617e+01    1.242229e+01    3.710846e+01    5.167806e+01
 1.0   1     1.0   1   -188.192    -188.192    2.469861e+01    1.249304e+01    3.719165e+01    5.176125e+01
 1.0   1     1.0   2   -188.192    -185.578   -1.872601e-02    3.719350e-02    1.846748e-02    1.846748e-02
 1.0   2     1.0   1   -185.578    -188.192    0.000000e+00    0.000000e+00    0.000000e+00    0.000000e+00
 1.0   2     1.0   2   -185.578    -185.578    2.472271e+01    1.271373e+01    3.743644e+01    5.200604e+01
