############################################################################################################
# initial vector basename: ar340
# final   vector basename: ar340
# Operator file: Rn2.int
# Zero body term: 2.91988
# Jf  nJf     Ji  nJi      Ei          Ef         <Op1b>          <Op2b>         <Op1b+2b>     <Op0b+1b+2b>
###########################################################################################################
 0.0   1     0.0   1   -179.558    -179.558    5.832580e+00   -5.252766e-01    5.307303e+00    8.227183e+00
 0.0   1     0.0   2   -179.558    -174.627   -3.158109e-02   -3.354399e-02   -6.512508e-02   -6.512508e-02
 0.0   2     0.0   1   -174.627    -179.558    0.000000e+00    0.000000e+00    0.000000e+00    0.000000e+00
 0.0   2     0.0   2   -174.627    -174.627    5.807391e+00   -4.664819e-01    5.340909e+00    8.260789e+00
 1.0   1     1.0   1   -175.299    -175.299    5.804311e+00   -4.859606e-01    5.318350e+00    8.238230e+00
 1.0   1     1.0   2   -175.299    -173.058    3.921223e-03   -8.875578e-03   -4.954355e-03   -4.954355e-03
 1.0   2     1.0   1   -173.058    -175.299    0.000000e+00    0.000000e+00    0.000000e+00    0.000000e+00
 1.0   2     1.0   2   -173.058    -173.058    5.776218e+00   -5.274131e-01    5.248805e+00    8.168685e+00
