############################################################################################################
# initial vector basename: cl340
# final   vector basename: cl340
# Operator file: Rn2.int
# Zero body term: 2.91988
# Jf  nJf     Ji  nJi      Ei          Ef         <Op1b>          <Op2b>         <Op1b+2b>     <Op0b+1b+2b>
###########################################################################################################
 0.0   1     0.0   1   -186.312    -186.312    6.584298e+00   -4.282205e-01    6.156078e+00    9.075958e+00
 0.0   1     0.0   2   -186.312    -181.342    2.366938e-02    2.222465e-02    4.589403e-02    4.589403e-02
 0.0   2     0.0   1   -181.342    -186.312    0.000000e+00    0.000000e+00    0.000000e+00    0.000000e+00
 0.0   2     0.0   2   -181.342    -181.342    6.575822e+00   -4.000403e-01    6.175781e+00    9.095661e+00
 1.0   1     1.0   1   -186.498    -186.498    6.647404e+00   -4.195034e-01    6.227901e+00    9.147781e+00
 1.0   1     1.0   2   -186.498    -184.807    2.177149e-02   -1.937289e-04    2.157776e-02    2.157776e-02
 1.0   2     1.0   1   -184.807    -186.498    0.000000e+00    0.000000e+00    0.000000e+00    0.000000e+00
 1.0   2     1.0   2   -184.807    -184.807    6.580858e+00   -4.250732e-01    6.155785e+00    9.075665e+00
