############################################################################################################
# initial vector basename: cl340
# final   vector basename: cl340
# Operator file: Iso2.int
# Zero body term: 0.00756305
# Jf  nJf     Ji  nJi      Ei          Ef         <Op1b>          <Op2b>         <Op1b+2b>     <Op0b+1b+2b>
###########################################################################################################
 0.0   1     0.0   1   -186.312    -186.312    1.348207e+01   -1.148203e+01    2.000039e+00    2.007602e+00
 0.0   1     0.0   2   -186.312    -181.342    1.132823e-05   -7.197566e-05   -6.064743e-05   -6.064743e-05
 0.0   2     0.0   1   -181.342    -186.312    0.000000e+00    0.000000e+00    0.000000e+00    0.000000e+00
 0.0   2     0.0   2   -181.342    -181.342    1.348193e+01   -1.148444e+01    1.997493e+00    2.005056e+00
 1.0   1     1.0   1   -186.498    -186.498    1.348225e+01   -1.348061e+01    1.633703e-03    9.196753e-03
 1.0   1     1.0   2   -186.498    -184.807   -1.118627e-04    1.946429e-04    8.278022e-05    8.278022e-05
 1.0   2     1.0   1   -184.807    -186.498    0.000000e+00    0.000000e+00    0.000000e+00    0.000000e+00
 1.0   2     1.0   2   -184.807    -184.807    1.348206e+01   -1.347965e+01    2.410040e-03    9.973090e-03
