############################################################################################################
# initial vector basename: cl340
# final   vector basename: cl340
# Operator file: Rp2.int
# Zero body term: 2.96815
# Jf  nJf     Ji  nJi      Ei          Ef         <Op1b>          <Op2b>         <Op1b+2b>     <Op0b+1b+2b>
###########################################################################################################
 0.0   1     0.0   1   -186.312    -186.312    6.915456e+00   -5.858581e-01    6.329598e+00    9.297748e+00
 0.0   1     0.0   2   -186.312    -181.342    2.250024e-02    1.668835e-02    3.918859e-02    3.918859e-02
 0.0   2     0.0   1   -181.342    -186.312    0.000000e+00    0.000000e+00    0.000000e+00    0.000000e+00
 0.0   2     0.0   2   -181.342    -181.342    6.901452e+00   -5.474013e-01    6.354051e+00    9.322201e+00
 1.0   1     1.0   1   -186.498    -186.498    6.982783e+00   -5.876506e-01    6.395133e+00    9.363283e+00
 1.0   1     1.0   2   -186.498    -184.807    2.657883e-02   -2.283719e-03    2.429511e-02    2.429511e-02
 1.0   2     1.0   1   -184.807    -186.498    0.000000e+00    0.000000e+00    0.000000e+00    0.000000e+00
 1.0   2     1.0   2   -184.807    -184.807    6.910960e+00   -5.789690e-01    6.331991e+00    9.300141e+00
