# One and two body transition densities
#
# One-body basis:
# i   n   l   2j  2tz (proton=+1)
  0   0   2   5   1
  1   0   2   3   1
  2   1   0   1   1
  3   0   2   5  -1
  4   0   2   3  -1
  5   1   0   1  -1
# Two-body basis: 
# i   a   b   J
  0   0   0   0
  1   0   0   2
  2   0   0   4
  3   0   1   1
  4   0   1   2
  5   0   1   3
  6   0   1   4
  7   0   2   2
  8   0   2   3
  9   0   3   0
 10   0   3   1
 11   0   3   2
 12   0   3   3
 13   0   3   4
 14   0   3   5
 15   0   4   1
 16   0   4   2
 17   0   4   3
 18   0   4   4
 19   0   5   2
 20   0   5   3
 21   1   1   0
 22   1   1   2
 23   1   2   1
 24   1   2   2
 25   1   3   1
 26   1   3   2
 27   1   3   3
 28   1   3   4
 29   1   4   0
 30   1   4   1
 31   1   4   2
 32   1   4   3
 33   1   5   1
 34   1   5   2
 35   2   2   0
 36   2   3   2
 37   2   3   3
 38   2   4   1
 39   2   4   2
 40   2   5   0
 41   2   5   1
 42   3   3   0
 43   3   3   2
 44   3   3   4
 45   3   4   1
 46   3   4   2
 47   3   4   3
 48   3   4   4
 49   3   5   2
 50   3   5   3
 51   4   4   0
 52   4   4   2
 53   4   5   1
 54   4   5   2
 55   5   5   0

Jf nJf  Ji nJi  Lambda =   0 1      0 1      0
-------------- OBTD ---------------------
  3   0   0.04564361
  4   1   0.60813039
  5   2   0.06083832

-------------- TBTD ---------------------
  9   0   0.08861823
  9  21   0.11679401
  9  35   0.04860502
 10   3  -0.00981757
 10  23  -0.00067559
 11   1   0.04291553
 11   4   0.00336906
 11   7  -0.01262271
 11  22  -0.05692765
 11  24   0.02291753
 12   5   0.00641492
 12   8  -0.00045226
 13   2   0.07050071
 13   6  -0.00846097
 15   3   0.52795911
 15  23   0.01725515
 16   1   0.01369986
 16   4   0.62052698
 16   7   0.01966797
 16  22   0.02225466
 16  24  -0.04748315
 17   5   0.68149707
 17   8  -0.01280798
 18   2  -0.01102601
 18   6   0.86329844
 19   1  -0.00820124
 19   4   0.01001282
 19   7   0.08295104
 19  22  -0.02927859
 19  24   0.00776582
 20   5   0.00164774
 20   8   0.10757685
 25   3  -0.00009552
 25  23   0.01158441
 26   1   0.00902807
 26   4  -0.02539420
 26   7   0.00910738
 26  22   0.05640158
 26  24  -0.01728106
 27   5   0.04018101
 27   8   0.00053700
 28   2   0.00096673
 28   6  -0.04023049
 29   0   0.11433994
 29  21   0.63245356
 29  35   0.09733370
 30   3   0.04431068
 30  23  -0.06391166
 31   1  -0.05617497
 31   4  -0.02480434
 31   7  -0.06122466
 31  22   0.41415261
 31  24   0.01290725
 32   5  -0.04494939
 32   8  -0.00581038
 33   3  -0.00403324
 33  23   0.03650024
 34   1   0.01319453
 34   4   0.02056222
 34   7   0.02078237
 34  22   0.04536000
 34  24   0.05325698
 36   1  -0.00947123
 36   4   0.00013845
 36   7   0.02341143
 36  22  -0.05782662
 36  24   0.01979253
 37   5   0.01357569
 37   8  -0.04162118
 38   3   0.03253204
 38  23   0.43813865
 39   1  -0.01933605
 39   4   0.05043529
 39   7  -0.00758767
 39  22   0.02486988
 39  24  -0.57619855
 40   0   0.04805403
 40  21   0.09817331
 40  35   0.08621977
 41   3  -0.01821690
 41  23  -0.00143075
 42   9  -0.04716295
 42  29  -0.19911289
 42  40  -0.06867117
 43  11   0.05127892
 43  16  -0.00166996
 43  19  -0.00061935
 43  26  -0.02087528
 43  31   0.00037973
 43  34   0.01090219
 43  36   0.00092518
 43  39  -0.00489284
 44  13   0.06982521
 44  18   0.00015555
 44  28   0.00976786
 45  10   0.00939366
 45  15   0.00904232
 45  25   0.53590316
 45  30  -0.04395559
 45  33   0.02093651
 45  38  -0.01585707
 45  41   0.01777222
 46  11   0.01357513
 46  16   0.01914623
 46  19   0.00296907
 46  26  -0.61492286
 46  31   0.04625911
 46  34  -0.06486851
 46  36   0.01289177
 46  39  -0.00608111
 47  12  -0.00632302
 47  17   0.05635114
 47  20  -0.01800585
 47  27   0.69901700
 47  32   0.04464222
 47  37   0.00342110
 48  13  -0.00678679
 48  18   0.04078598
 48  28  -0.86411994
 49  11   0.00014161
 49  16  -0.00600761
 49  19   0.03001203
 49  26  -0.02188924
 49  31   0.02327590
 49  34  -0.01560261
 49  36   0.08954386
 49  39   0.00259330
 50  12   0.00046083
 50  17  -0.00423068
 50  20   0.03994839
 50  27  -0.01678060
 50  32   0.00614336
 50  37  -0.10576389
 51   9  -0.19984202
 51  29  -0.13676742
 51  40  -0.17791369
 52  11   0.00052742
 52  16  -0.00638118
 52  19   0.00116566
 52  26  -0.07205093
 52  31   0.34572594
 52  34  -0.06096184
 52  36   0.03245388
 52  39  -0.00880946
 53  10   0.00025664
 53  15   0.00068292
 53  25   0.00470036
 53  30   0.06463211
 53  33   0.45601623
 53  38   0.05383900
 53  41   0.00123247
 54  11   0.01110667
 54  16   0.00130195
 54  19  -0.00327031
 54  26   0.06074284
 54  31  -0.03940794
 54  34   0.57930891
 54  36  -0.01493998
 54  39  -0.05631448
 55   9  -0.06754214
 55  29  -0.17370254
 55  40  -0.00772086

Jf nJf  Ji nJi  Lambda =   0 2      0 1      0
-------------- OBTD ---------------------
  3   0   0.06339626
  4   1  -0.20463106
  5   2   0.17023606

-------------- TBTD ---------------------
  9   0   0.01950954
  9  21  -0.03382951
  9  35   0.02579151
 10   3  -0.01430197
 10  23  -0.00475232
 11   1   0.07759014
 11   4  -0.00384491
 11   7  -0.00847704
 11  22   0.04263341
 11  24   0.01768073
 12   5  -0.00745191
 12   8  -0.00270353
 13   2   0.10646630
 13   6   0.00129907
 15   3  -0.15411854
 15  23   0.01328931
 16   1   0.00457020
 16   4  -0.20524198
 16   7   0.02787840
 16  22  -0.02858487
 16  24   0.00296737
 17   5  -0.23804641
 17   8  -0.01676209
 18   2   0.00225754
 18   6  -0.28771640
 19   1  -0.00117152
 19   4   0.01824085
 19   7   0.25362649
 19  22   0.04216508
 19  24  -0.01669839
 20   5  -0.01375300
 20   8   0.30366640
 25   3   0.00246567
 25  23  -0.01598146
 26   1   0.00942998
 26   4  -0.03422096
 26   7   0.01627333
 26  22  -0.03304114
 26  24  -0.05363007
 27   5   0.06784753
 27   8  -0.00060944
 28   2   0.00505992
 28   6  -0.05481945
 29   0  -0.02394671
 29  21  -0.22325457
 29  35   0.07978646
 30   3  -0.03856993
 30  23   0.01882333
 31   1   0.00761003
 31   4   0.01292775
 31   7   0.00548983
 31  22  -0.04129447
 31  24   0.01227258
 32   5   0.04861114
 32   8  -0.00395612
 33   3  -0.02766770
 33  23   0.12138625
 34   1   0.01983198
 34   4   0.04053013
 34   7   0.03844851
 34  22  -0.04136324
 34  24   0.15616848
 36   1  -0.00836668
 36   4  -0.01409725
 36   7   0.03567725
 36  22   0.04013844
 36  24   0.04071469
 37   5  -0.01129908
 37   8  -0.06365376
 38   3  -0.00005955
 38  23  -0.24010100
 39   1  -0.00279839
 39   4  -0.02811270
 39   7   0.00797291
 39  22  -0.00982069
 39  24   0.26937501
 40   0  -0.00000824
 40  21   0.02912099
 40  35   0.16740684
 41   3  -0.04340596
 41  23  -0.00305565
 42   9  -0.02224688
 42  29   0.01758539
 42  40  -0.18008002
 43  11   0.07628281
 43  16   0.00277488
 43  19  -0.00406563
 43  26   0.00369173
 43  31   0.00142094
 43  34  -0.00685715
 43  36   0.00126031
 43  39  -0.01583894
 44  13   0.10525621
 44  18  -0.00988929
 44  28  -0.00648745
 45  10   0.00988599
 45  15   0.02002248
 45  25  -0.17596477
 45  30   0.03121280
 45  33  -0.00498641
 45  38  -0.01165882
 45  41   0.03966539
 46  11  -0.00134680
 46  16   0.03952428
 46  19  -0.01625537
 46  26   0.19641265
 46  31  -0.02359533
 46  34  -0.01484907
 46  36   0.02173834
 46  39  -0.01735354
 47  12   0.01206050
 47  17   0.04411477
 47  20   0.01231248
 47  27  -0.23397844
 47  32  -0.03739350
 47  37   0.04003661
 48  13  -0.00158877
 48  18   0.03115665
 48  28   0.30406253
 49  11  -0.00432833
 49  16   0.00512192
 49  19   0.03833681
 49  26  -0.01582234
 49  31  -0.00275803
 49  34  -0.05012846
 49  36   0.25036085
 49  39  -0.00294154
 50  12   0.00305760
 50  17  -0.00352641
 50  20   0.06312337
 50  27   0.00038737
 50  32   0.00450767
 50  37  -0.29824211
 51   9  -0.13765545
 51  29  -0.14984643
 51  40  -0.43087003
 52  11   0.05446852
 52  16   0.01028715
 52  19   0.07809467
 52  26   0.04549747
 52  31   0.07864901
 52  34   0.03980980
 52  36   0.10482771
 52  39  -0.00997720
 53  10  -0.00995055
 53  15   0.00239586
 53  25  -0.02743757
 53  30  -0.06088088
 53  33  -0.22464527
 53  38   0.12475727
 53  41  -0.00287667
 54  11   0.00815203
 54  16   0.01278063
 54  19  -0.00074894
 54  26  -0.04878562
 54  31   0.00555313
 54  34  -0.28916243
 54  36  -0.03335328
 54  39  -0.15512731
 55   9  -0.03532486
 55  29   0.07586629
 55  40   0.00999971

Jf nJf  Ji nJi  Lambda =   0 1      0 2      0
-------------- OBTD ---------------------
  3   0  -0.06470809
  4   1   0.19977224
  5   2  -0.17992902

-------------- TBTD ---------------------
  9   0  -0.02056773
  9  21   0.02523718
  9  35  -0.00141951
 10   3   0.01038013
 10  23  -0.01159586
 11   1  -0.07925580
 11   4   0.00453668
 11   7   0.00699538
 11  22  -0.00718106
 11  24  -0.01603704
 12   5   0.01266520
 12   8   0.00334672
 13   2  -0.10868513
 13   6   0.00177264
 15   3   0.17005967
 15  23   0.02981075
 16   1   0.00558522
 16   4   0.19941841
 16   7  -0.00795331
 16  22   0.01808242
 16  24  -0.05282457
 17   5   0.21829919
 17   8  -0.00050755
 18   2  -0.00892640
 18   6   0.27768622
 19   1   0.00294111
 19   4  -0.02534557
 19   7  -0.26542251
 19  22  -0.02041310
 19  24   0.00261618
 20   5   0.03634249
 20   8  -0.31845039
 25   3  -0.02268451
 25  23  -0.00053225
 26   1  -0.00010953
 26   4   0.03379982
 26   7  -0.00385670
 26  22   0.03546864
 26  24   0.01985946
 27   5  -0.05458223
 27   8   0.00342183
 28   2  -0.00733200
 28   6   0.05266060
 29   0   0.02890699
 29  21   0.21612257
 29  35  -0.03557033
 30   3   0.03100690
 30  23  -0.06041826
 31   1  -0.04092089
 31   4  -0.00275925
 31   7  -0.05644019
 31  22   0.04186222
 31  24   0.01977919
 32   5  -0.03663772
 32   8   0.00462945
 33   3   0.00541440
 33  23  -0.12311071
 34   1  -0.02444333
 34   4  -0.04666915
 34   7  -0.04055318
 34  22   0.00803881
 34  24  -0.17575106
 36   1   0.00851614
 36   4   0.01408255
 36   7  -0.03972541
 36  22   0.00664831
 36  24  -0.03272826
 37   5   0.01940266
 37   8   0.06788136
 38   3  -0.00102412
 38  23   0.22983205
 39   1   0.00054388
 39   4   0.01295817
 39   7  -0.01586871
 39  22   0.02209236
 39  24  -0.27222199
 40   0  -0.02335592
 40  21  -0.07677509
 40  35  -0.17525921
 41   3   0.04136366
 41  23  -0.00373560
 42   9   0.02378706
 42  29   0.14266709
 42  40   0.03850272
 43  11  -0.07793985
 43  16   0.00766873
 43  19   0.00687508
 43  26   0.00514955
 43  31  -0.05346377
 43  34   0.00501089
 43  36  -0.00060511
 43  39   0.01509840
 44  13  -0.10741654
 44  18   0.00527250
 44  28   0.00342734
 45  10  -0.01505967
 45  15  -0.00001783
 45  25   0.15134969
 45  30  -0.03756185
 45  33   0.00042724
 45  38   0.02718702
 45  41  -0.04501411
 46  11   0.00047887
 46  16  -0.04214852
 46  19   0.00556974
 46  26  -0.19271824
 46  31   0.02385694
 46  34  -0.02601563
 46  36  -0.02718996
 46  39   0.03779730
 47  12  -0.00763844
 47  17  -0.05792673
 47  20  -0.01075964
 47  27   0.24166414
 47  32   0.04828024
 47  37  -0.01461453
 48  13   0.00255442
 48  18  -0.03490583
 48  28  -0.30009431
 49  11   0.00194950
 49  16   0.01793223
 49  19  -0.03650129
 49  26   0.02442384
 49  31  -0.13348190
 49  34   0.04192564
 49  36  -0.26746576
 49  39   0.00599297
 50  12  -0.00305717
 50  17   0.00668444
 50  20  -0.06258438
 50  27   0.02082020
 50  32  -0.00362274
 50  37   0.31766950
 51   9  -0.01820255
 51  29   0.14837501
 51  40  -0.07587347
 52  11  -0.00123520
 52  16  -0.01359351
 52  19   0.00270929
 52  26  -0.04606387
 52  31  -0.07720185
 52  34  -0.02767541
 52  36   0.00129930
 52  39  -0.02332685
 53  10  -0.00489664
 53  15   0.02292296
 53  25  -0.00582112
 53  30   0.02574380
 53  33   0.22511456
 53  38  -0.13716940
 53  41  -0.00291157
 54  11  -0.00589889
 54  16  -0.02565876
 54  19  -0.00557186
 54  26  -0.02143900
 54  31  -0.03389349
 54  34   0.27190725
 54  36   0.05435045
 54  39   0.15353239
 55   9   0.18542072
 55  29   0.43999949
 55  40  -0.01147293

Jf nJf  Ji nJi  Lambda =   0 2      0 2      0
-------------- OBTD ---------------------
  3   0  -0.04473764
  4   1  -0.38280283
  5   2  -0.38071335

-------------- TBTD ---------------------
  9   0  -0.06031254
  9  21  -0.06363817
  9  35  -0.04338945
 10   3   0.01479694
 10  23  -0.00932798
 11   1  -0.05216070
 11   4   0.00977843
 11   7   0.01040491
 11  22   0.00282645
 11  24  -0.02700492
 12   5   0.00310697
 12   8   0.00820026
 13   2  -0.07455694
 13   6   0.00220278
 15   3  -0.30926066
 15  23   0.03474506
 16   1   0.00353597
 16   4  -0.37136696
 16   7  -0.02248875
 16  22   0.01623603
 16  24  -0.07834953
 17   5  -0.47176944
 17   8   0.00148747
 18   2   0.00028413
 18   6  -0.53901105
 19   1   0.00274534
 19   4  -0.02863811
 19   7  -0.56137264
 19  22  -0.04289294
 19  24   0.03700805
 20   5   0.01719589
 20   8  -0.67372350
 25   3   0.01591662
 25  23   0.00736387
 26   1  -0.01016361
 26   4   0.01332349
 26   7  -0.01368038
 26  22  -0.02747419
 26  24   0.06112992
 27   5  -0.04343606
 27   8   0.00894809
 28   2  -0.00291793
 28   6   0.04729994
 29   0  -0.06335207
 29  21  -0.28555783
 29  35  -0.17498617
 30   3   0.01020946
 30  23  -0.10188634
 31   1   0.00300247
 31   4   0.03047672
 31   7  -0.03883538
 31  22  -0.39345884
 31  24  -0.01355267
 32   5   0.00329334
 32   8   0.01949392
 33   3   0.04135121
 33  23  -0.27124943
 34   1  -0.03535965
 34   4  -0.07935137
 34   7  -0.07137707
 34  22   0.02246296
 34  24  -0.37619182
 36   1   0.01157528
 36   4   0.02014835
 36   7  -0.01126163
 36  22  -0.01244657
 36  24  -0.06562706
 37   5   0.00655668
 37   8   0.05120413
 38   3   0.00033576
 38  23  -0.18025236
 39   1   0.00249157
 39   4   0.05795395
 39   7  -0.04040253
 39  22   0.04095436
 39  24   0.31255942
 40   0  -0.04098382
 40  21  -0.17002460
 40  35  -0.35136800
 41   3   0.09756996
 41  23  -0.00547270
 42   9  -0.01722114
 42  29  -0.00541266
 42  40   0.04972774
 43  11  -0.04908330
 43  16   0.00051331
 43  19   0.01491940
 43  26   0.00714446
 43  31   0.03070734
 43  34   0.01660322
 43  36   0.00541777
 43  39   0.01747879
 44  13  -0.07339152
 44  18   0.00325195
 44  28  -0.00100623
 45  10  -0.01487216
 45  15   0.01278691
 45  25  -0.31284716
 45  30  -0.01044559
 45  33   0.01830407
 45  38   0.05974801
 45  41  -0.09837624
 46  11  -0.00450498
 46  16  -0.02773189
 46  19  -0.00149612
 46  26   0.38425667
 46  31  -0.02901102
 46  34  -0.04912986
 46  36  -0.04982020
 46  39   0.06956425
 47  12  -0.00309978
 47  17  -0.05367988
 47  20  -0.00614329
 47  27  -0.48196990
 47  32  -0.00318503
 47  37  -0.01779652
 48  13   0.00278966
 48  18  -0.02945452
 48  28   0.52274491
 49  11   0.01445585
 49  16  -0.00752057
 49  19   0.00377942
 49  26   0.04383031
 49  31   0.06483588
 49  34   0.10644085
 49  36  -0.54663264
 49  39   0.00330292
 50  12  -0.00816389
 50  17   0.00922542
 50  20  -0.04684227
 50  27   0.00217133
 50  32  -0.01979650
 50  37   0.66925919
 51   9  -0.00200158
 51  29   0.00310018
 51  40  -0.18630287
 52  11   0.03044759
 52  16  -0.01413924
 52  19   0.05850522
 52  26   0.02708361
 52  31  -0.29901117
 52  34   0.02813700
 52  36   0.02743263
 52  39  -0.09227379
 53  10   0.00771663
 53  15   0.02581342
 53  25   0.05157090
 53  30   0.10093101
 53  33  -0.21208010
 53  38  -0.30434506
 53  41   0.00533134
 54  11  -0.00090130
 54  16  -0.04963858
 54  19  -0.00035664
 54  26   0.06878387
 54  31   0.08472690
 54  34  -0.25573522
 54  36   0.10175378
 54  39   0.31865229
 55   9   0.04536314
 55  29  -0.19656110
 55  40  -0.05275689

Jf nJf  Ji nJi  Lambda =   1 1      1 1      0
-------------- OBTD ---------------------
  3   0   0.00257793
  4   1  -0.12094144
  5   2   0.17267409

-------------- TBTD ---------------------
  9   0  -0.00002494
  9  21  -0.01293070
  9  35   0.00948830
 10   3   0.00065067
 10  23   0.01193691
 11   1   0.00302251
 11   4  -0.00310697
 11   7  -0.00160693
 11  22   0.01324020
 11  24   0.00536870
 12   5  -0.00972641
 12   8  -0.01001060
 13   2   0.00487886
 13   6   0.00242760
 15   3  -0.11059453
 15  23  -0.02879838
 16   1  -0.00450232
 16   4  -0.13070562
 16   7   0.01190820
 16  22  -0.01830890
 16  24   0.05412172
 17   5  -0.12237204
 17   8  -0.00320537
 18   2  -0.00883343
 18   6  -0.17151483
 19   1   0.00375386
 19   4   0.01232485
 19   7   0.25535611
 19  22   0.02843919
 19  24  -0.01303962
 20   5  -0.02481813
 20   8   0.28833631
 25   3   0.00129470
 25  23  -0.00735002
 26   1   0.00166183
 26   4   0.00122347
 26   7   0.00315558
 26  22  -0.02397742
 26  24  -0.02632558
 27   5  -0.00459319
 27   8  -0.00924523
 28   2   0.00161939
 28   6  -0.00003430
 29   0   0.00027629
 29  21  -0.12489188
 29  35   0.05904611
 30   3  -0.01008645
 30  23   0.06721706
 31   1   0.00295225
 31   4  -0.00337183
 31   7   0.00761114
 31  22  -0.05959529
 31  24   0.01929404
 32   5   0.00615894
 32   8  -0.00993872
 33   3  -0.01268026
 33  23   0.13476237
 34   1   0.00686021
 34   4   0.00903533
 34   7   0.00849787
 34  22  -0.04853173
 34  24   0.18305061
 36   1  -0.00124762
 36   4  -0.00469032
 36   7  -0.00016806
 36  22   0.02763945
 36  24   0.02046003
 37   5  -0.01785263
 37   8  -0.01494021
 38   3  -0.00992064
 38  23  -0.11708437
 39   1  -0.00500945
 39   4  -0.02030928
 39   7   0.02147222
 39  22  -0.01584245
 39  24   0.12832197
 40   0   0.00449067
 40  21   0.01526332
 40  35   0.15640755
 41   3  -0.00688914
 41  23   0.00537868
 42   9  -0.00032511
 42  29  -0.01240808
 42  40   0.00820717
 43  11   0.00307983
 43  16   0.00383425
 43  19  -0.00152796
 43  26   0.00833256
 43  31   0.01273739
 43  34  -0.00712684
 43  36  -0.00066543
 43  39  -0.01450612
 44  13   0.00490284
 44  18  -0.00161094
 44  28  -0.00503248
 45  10   0.00031908
 45  15   0.00152872
 45  25  -0.11057010
 45  30   0.01588717
 45  33  -0.02414105
 45  38  -0.01164864
 45  41   0.03230180
 46  11  -0.00432915
 46  16  -0.00875892
 46  19  -0.00011778
 46  26   0.12344042
 46  31   0.00370481
 46  34   0.04757728
 46  36   0.00847687
 46  39  -0.03136848
 47  12   0.00387532
 47  17   0.01251906
 47  20   0.00242641
 47  27  -0.13990620
 47  32  -0.04889885
 47  37   0.01535752
 48  13  -0.00708224
 48  18  -0.00042276
 48  28   0.17103949
 49  11   0.00180279
 49  16   0.01247007
 49  19  -0.00136917
 49  26   0.00472093
 49  31   0.03892191
 49  34  -0.01521343
 49  36   0.25672738
 49  39  -0.02303483
 50  12   0.00286680
 50  17  -0.00180582
 50  20   0.00324355
 50  27  -0.00470557
 50  32  -0.00376728
 50  37  -0.30031333
 51   9  -0.00114204
 51  29  -0.12518118
 51  40   0.05552339
 52  11   0.00398061
 52  16  -0.02573284
 52  19  -0.00767886
 52  26  -0.01955546
 52  31  -0.05976152
 52  34   0.04810618
 52  36   0.02094432
 52  39   0.02496293
 53  10   0.01818632
 53  15  -0.07525356
 53  25   0.05183653
 53  30  -0.03355872
 53  33   0.02562055
 53  38  -0.01083254
 53  41   0.08758238
 54  11   0.00847781
 54  16  -0.04427877
 54  19   0.00556119
 54  26  -0.07462822
 54  31  -0.02075203
 54  34  -0.11744453
 54  36  -0.01835807
 54  39  -0.17103900
 55   9   0.00501460
 55  29   0.01664052
 55  40   0.15646698

Jf nJf  Ji nJi  Lambda =   1 2      1 1      0
-------------- OBTD ---------------------
  3   0  -0.00250123
  4   1  -0.08714698
  5   2   0.13361250

-------------- TBTD ---------------------
  9   0   0.00240629
  9  21   0.00908050
  9  35   0.00934509
 10   3  -0.00247581
 10  23   0.00347496
 11   1  -0.00197315
 11   4  -0.00347743
 11   7  -0.00075115
 11  22  -0.00356537
 11  24   0.00458037
 12   5   0.00095751
 12   8  -0.00535328
 13   2  -0.00459965
 13   6  -0.00014942
 15   3  -0.07859824
 15  23  -0.00942471
 16   1  -0.00321000
 16   4  -0.09350734
 16   7  -0.00089777
 16  22  -0.02094798
 16  24   0.02475814
 17   5  -0.09772717
 17   8   0.00214362
 18   2   0.00353782
 18   6  -0.12235196
 19   1   0.00044005
 19   4   0.00160120
 19   7   0.19518039
 19  22  -0.00558848
 19  24  -0.00331615
 20   5   0.00878583
 20   8   0.23074150
 25   3  -0.00321800
 25  23  -0.01536839
 26   1  -0.00449043
 26   4   0.00133186
 26   7  -0.00509413
 26  22  -0.01647012
 26  24  -0.01911111
 27   5  -0.00240284
 27   8  -0.00434722
 28   2   0.00020553
 28   6   0.00760836
 29   0  -0.02526095
 29  21  -0.11820767
 29  35   0.01796888
 30   3  -0.01351302
 30  23   0.05065865
 31   1   0.01733096
 31   4  -0.00912547
 31   7   0.03025283
 31  22  -0.01663591
 31  24  -0.01952845
 32   5   0.01685756
 32   8  -0.00495010
 33   3   0.00452975
 33  23   0.08815033
 34   1  -0.00421395
 34   4  -0.00080780
 34   7   0.00476889
 34  22   0.02874907
 34  24   0.13564290
 36   1   0.00224488
 36   4  -0.00219932
 36   7  -0.00203592
 36  22   0.00451911
 36  24   0.01928518
 37   5  -0.00136409
 37   8  -0.00358969
 38   3  -0.00038853
 38  23  -0.09975704
 39   1  -0.00340783
 39   4  -0.03390530
 39   7   0.00366911
 39  22  -0.04978388
 39  24   0.09178638
 40   0   0.02948354
 40  21   0.06424818
 40  35   0.13979549
 41   3  -0.00603473
 41  23   0.00063092
 42   9   0.00245828
 42  29   0.00897268
 42  40   0.00884741
 43  11  -0.00205156
 43  16   0.00219708
 43  19  -0.00166076
 43  26   0.00703373
 43  31  -0.00304576
 43  34  -0.00591774
 43  36   0.00060810
 43  39  -0.01252792
 44  13  -0.00463024
 44  18  -0.00111613
 44  28  -0.00086357
 45  10  -0.01191293
 45  15   0.00373648
 45  25  -0.08560335
 45  30   0.05795494
 45  33  -0.01178124
 45  38  -0.01236103
 45  41   0.00053484
 46  11   0.00069425
 46  16  -0.00751318
 46  19  -0.00140618
 46  26   0.08718130
 46  31  -0.00340779
 46  34   0.00881247
 46  36   0.00550389
 46  39  -0.03525948
 47  12   0.00719345
 47  17   0.00927110
 47  20   0.01933162
 47  27  -0.10899026
 47  32  -0.06792521
 47  37   0.02191138
 48  13   0.00223789
 48  18  -0.00609037
 48  28   0.12392721
 49  11   0.00188772
 49  16   0.00467701
 49  19  -0.00856665
 49  26   0.00550890
 49  31   0.00011014
 49  34  -0.00527211
 49  36   0.20170387
 49  39  -0.02166135
 50  12   0.00006672
 50  17   0.00840058
 50  20  -0.00118396
 50  27   0.00158398
 50  32  -0.01918965
 50  37  -0.23524687
 51   9  -0.02557523
 51  29  -0.11865485
 51  40   0.01666407
 52  11   0.01677713
 52  16   0.01057294
 52  19   0.02540435
 52  26   0.02105423
 52  31  -0.01797786
 52  34  -0.01489453
 52  36   0.01724324
 52  39   0.01207339
 53  10   0.02224418
 53  15  -0.02111644
 53  25   0.02224645
 53  30   0.01096167
 53  33   0.00638988
 53  38  -0.01780836
 53  41   0.09620845
 54  11  -0.00031818
 54  16  -0.01191518
 54  19   0.01535349
 54  26  -0.04476766
 54  31   0.05143415
 54  34  -0.07933999
 54  36  -0.01500512
 54  39  -0.12126296
 55   9   0.03005518
 55  29   0.06469458
 55  40   0.13994871

Jf nJf  Ji nJi  Lambda =   1 1      1 2      0
-------------- OBTD ---------------------
  3   0   0.01289757
  4   1   0.00864297
  5   2  -0.03493613

-------------- TBTD ---------------------
  9   0   0.01090688
  9  21  -0.03107944
  9  35   0.04356326
 10   3  -0.00150400
 10  23  -0.01523276
 11   1   0.01532245
 11   4  -0.00705448
 11   7  -0.00166127
 11  22  -0.01049473
 11  24  -0.00340774
 12   5   0.00110701
 12   8   0.00102437
 13   2   0.02195197
 13   6   0.00268454
 15   3   0.01122637
 15  23   0.01457095
 16   1  -0.00237067
 16   4   0.00529268
 16   7  -0.01023746
 16  22  -0.02782113
 16  24   0.00739582
 17   5   0.00809481
 17   8   0.00160819
 18   2  -0.00080234
 18   6   0.01709806
 19   1   0.00135343
 19   4  -0.01155700
 19   7  -0.05329114
 19  22  -0.01330414
 19  24  -0.01187498
 20   5  -0.00208542
 20   8  -0.06671761
 25   3   0.00356457
 25  23  -0.01767913
 26   1   0.00499930
 26   4  -0.00482899
 26   7  -0.00452802
 26  22   0.01175224
 26  24   0.00742070
 27   5   0.01106598
 27   8  -0.00953149
 28   2  -0.00356361
 28   6  -0.01768804
 29   0  -0.00252970
 29  21  -0.09372627
 29  35   0.08993652
 30   3   0.00371932
 30  23   0.02570776
 31   1   0.00477335
 31   4  -0.00808211
 31   7  -0.04327109
 31  22   0.06135379
 31  24  -0.03249745
 32   5  -0.03287772
 32   8  -0.07260069
 33   3  -0.02586209
 33  23  -0.07243389
 34   1  -0.00617794
 34   4  -0.02890536
 34   7   0.01102963
 34  22  -0.04396743
 34  24  -0.02598967
 36   1   0.00350523
 36   4   0.01410285
 36   7   0.00707100
 36  22  -0.00696572
 36  24  -0.01267153
 37   5   0.00116904
 37   8  -0.00460901
 38   3   0.03173701
 38  23   0.03099239
 39   1  -0.02198232
 39   4  -0.06774833
 39   7  -0.01608109
 39  22  -0.13032002
 39  24   0.02842768
 40   0   0.03227364
 40  21   0.02296239
 40  35   0.02445905
 41   3  -0.00904072
 41  23  -0.05583923
 42   9   0.01126863
 42  29  -0.02954195
 42  40   0.04296060
 43  11   0.01520814
 43  16  -0.00650173
 43  19  -0.00151412
 43  26   0.00334409
 43  31  -0.01071281
 43  34   0.00677285
 43  36  -0.00106017
 43  39   0.01129411
 44  13   0.02193865
 44  18   0.00371089
 44  28  -0.00004009
 45  10   0.00627605
 45  15  -0.00319622
 45  25   0.01770798
 45  30   0.02415572
 45  33   0.00877470
 45  38  -0.01169300
 45  41   0.01680910
 46  11  -0.00518571
 46  16   0.00311446
 46  19   0.00796079
 46  26  -0.00736876
 46  31  -0.02746104
 46  34   0.01098214
 46  36  -0.01360538
 46  39   0.01150740
 47  12  -0.00471233
 47  17  -0.00148139
 47  20  -0.01484579
 47  27   0.02039107
 47  32   0.01619702
 47  37  -0.00720022
 48  13   0.00190794
 48  18   0.01986118
 48  28  -0.01484505
 49  11   0.00325173
 49  16   0.00104028
 49  19   0.00888418
 49  26  -0.00189683
 49  31  -0.01471323
 49  34  -0.00747093
 49  36  -0.05544634
 49  39   0.01627339
 50  12  -0.00028590
 50  17  -0.00170300
 50  20   0.00705866
 50  27  -0.00137377
 50  32   0.01578937
 50  37   0.06885730
 51   9  -0.00132835
 51  29  -0.08980555
 51  40   0.08940573
 52  11   0.00362097
 52  16  -0.02040828
 52  19  -0.05991174
 52  26  -0.00863386
 52  31   0.06153031
 52  34   0.00189940
 52  36  -0.00204520
 52  39   0.04638584
 53  10  -0.00781643
 53  15   0.01880724
 53  25  -0.01198396
 53  30  -0.05339890
 53  33   0.00613872
 53  38  -0.04873138
 53  41  -0.01757096
 54  11   0.01111285
 54  16  -0.02068535
 54  19   0.00159732
 54  26  -0.05802234
 54  31   0.06168849
 54  34  -0.03825903
 54  36   0.02549358
 54  39   0.01734744
 55   9   0.03278811
 55  29   0.02442510
 55  40   0.02411175

Jf nJf  Ji nJi  Lambda =   1 2      1 2      0
-------------- OBTD ---------------------
  3   0   0.02146784
  4   1  -0.04903732
  5   2   0.03368210

-------------- TBTD ---------------------
  9   0  -0.01074346
  9  21  -0.04347028
  9  35   0.01136245
 10   3   0.00017306
 10  23  -0.01106066
 11   1   0.02566317
 11   4   0.00211920
 11   7   0.00319942
 11  22   0.01360524
 11  24   0.00552742
 12   5   0.00321480
 12   8   0.00173191
 13   2   0.03627036
 13   6  -0.00048347
 15   3  -0.04546175
 15  23   0.00924642
 16   1   0.00109239
 16   4  -0.03416757
 16   7   0.00434177
 16  22  -0.00189335
 16  24  -0.01349121
 17   5  -0.07236480
 17   8  -0.00748631
 18   2   0.00152609
 18   6  -0.06919613
 19   1  -0.00332055
 19   4   0.01245432
 19   7   0.06143750
 19  22   0.04517105
 19  24   0.00786185
 20   5  -0.00307771
 20   8   0.05911819
 25   3   0.03105119
 25  23  -0.01819959
 26   1  -0.00039775
 26   4  -0.00163878
 26   7  -0.00924115
 26  22  -0.03458337
 26  24  -0.01094069
 27   5   0.03151072
 27   8   0.00338071
 28   2   0.00283906
 28   6  -0.01686832
 29   0  -0.03958867
 29  21  -0.10114332
 29  35   0.03809139
 30   3   0.02505492
 30  23  -0.00951427
 31   1   0.00203737
 31   4   0.01492742
 31   7   0.00023162
 31  22  -0.00561067
 31  24   0.00825958
 32   5   0.02378773
 32   8   0.00319666
 33   3   0.05213625
 33  23  -0.05610409
 34   1  -0.00587571
 34   4   0.01700934
 34   7   0.01883488
 34  22   0.08256460
 34  24   0.07471386
 36   1   0.00126112
 36   4  -0.00613928
 36   7   0.00888297
 36  22  -0.02740253
 36  24  -0.01982942
 37   5  -0.00018129
 37   8  -0.01592761
 38   3  -0.07141576
 38  23   0.06159831
 39   1  -0.01318450
 39   4   0.04601108
 39   7   0.04618935
 39  22   0.15764674
 39  24   0.12271167
 40   0  -0.01014232
 40  21  -0.01329350
 40  35   0.04597791
 41   3   0.01355272
 41  23  -0.10768605
 42   9  -0.01008762
 42  29  -0.04162956
 42  40   0.01078831
 43  11   0.02575166
 43  16   0.00070910
 43  19  -0.00036497
 43  26  -0.00199973
 43  31   0.01337445
 43  34   0.00058003
 43  36   0.00455476
 43  39  -0.00722404
 44  13   0.03628288
 44  18  -0.00373409
 44  28  -0.00302486
 45  10   0.00038586
 45  15   0.01581376
 45  25  -0.03059536
 45  30  -0.01057043
 45  33   0.00444460
 45  38  -0.01279701
 45  41   0.01518386
 46  11   0.00113242
 46  16   0.00935704
 46  19   0.00464553
 46  26   0.04245657
 46  31   0.02336011
 46  34  -0.00663983
 46  36   0.00859625
 46  39  -0.00428666
 47  12   0.00585874
 47  17   0.01537496
 47  20  -0.00093227
 47  27  -0.05575611
 47  32  -0.00962990
 47  37   0.00263872
 48  13  -0.00108904
 48  18   0.01194146
 48  28   0.06472289
 49  11  -0.00132858
 49  16  -0.00118935
 49  19   0.01157035
 49  26  -0.00714962
 49  31   0.01180049
 49  34  -0.01495313
 49  36   0.05811518
 49  39  -0.00275605
 50  12   0.00100701
 50  17   0.00090228
 50  20   0.01847903
 50  27  -0.00362073
 50  32  -0.01264897
 50  37  -0.05657973
 51   9  -0.03795540
 51  29  -0.09674234
 51  40   0.03726981
 52  11   0.00191455
 52  16   0.02234006
 52  19  -0.01133696
 52  26   0.00271306
 52  31  -0.00552357
 52  34   0.01322253
 52  36   0.01089863
 52  39   0.00122726
 53  10   0.00992988
 53  15  -0.01069978
 53  25  -0.00656350
 53  30   0.00335693
 53  33  -0.01849630
 53  38   0.02063343
 53  41   0.02136866
 54  11   0.00509514
 54  16  -0.00847724
 54  19   0.00482354
 54  26   0.01797240
 54  31  -0.05006961
 54  34  -0.04859655
 54  36  -0.03016764
 54  39  -0.00040069
 55   9  -0.00904642
 55  29  -0.01090222
 55  40   0.04581342
