############################################################################################################
# initial vector basename: s_340
# final   vector basename: s_340
# Operator file: Rn2.int
# Zero body term: 2.91988
# Jf  nJf     Ji  nJi      Ei          Ef         <Op1b>          <Op2b>         <Op1b+2b>     <Op0b+1b+2b>
###########################################################################################################
 0.0   1     0.0   1   -192.236    -192.236    7.334434e+00   -3.345369e-01    6.999897e+00    9.919777e+00
 0.0   1     0.0   2   -192.236    -187.507   -1.609551e-02   -7.641312e-03   -2.373682e-02   -2.373682e-02
 0.0   2     0.0   1   -187.507    -192.236    0.000000e+00    0.000000e+00    0.000000e+00    0.000000e+00
 0.0   2     0.0   2   -187.507    -187.507    7.349009e+00   -3.326240e-01    7.016385e+00    9.936265e+00
 1.0   1     1.0   1   -188.192    -188.192    7.340504e+00   -3.334015e-01    7.007102e+00    9.926982e+00
 1.0   1     1.0   2   -188.192    -185.578    1.012312e-02   -4.174707e-03    5.948410e-03    5.948410e-03
 1.0   2     1.0   1   -185.578    -188.192    0.000000e+00    0.000000e+00    0.000000e+00    0.000000e+00
 1.0   2     1.0   2   -185.578    -185.578    7.254764e+00   -3.183688e-01    6.936395e+00    9.856275e+00
