############################################################################################################
# initial vector basename: ar340
# final   vector basename: ar340
# Operator file: VCoul.int
# Zero body term: 14.5696
# Jf  nJf     Ji  nJi      Ei          Ef         <Op1b>          <Op2b>         <Op1b+2b>     <Op0b+1b+2b>
###########################################################################################################
 0.0   1     0.0   1   -179.558    -179.558    3.092910e+01    1.798416e+01    4.891326e+01    6.348286e+01
 0.0   1     0.0   2   -179.558    -174.627    2.189555e-02    4.869729e-02    7.059284e-02    7.059284e-02
 0.0   2     0.0   1   -174.627    -179.558    0.000000e+00    0.000000e+00    0.000000e+00    0.000000e+00
 0.0   2     0.0   2   -174.627    -174.627    3.088166e+01    1.793612e+01    4.881778e+01    6.338738e+01
 1.0   1     1.0   1   -175.299    -175.299    3.089801e+01    1.795706e+01    4.885507e+01    6.342467e+01
 1.0   1     1.0   2   -175.299    -173.058   -1.688342e-02    2.143898e-02    4.555560e-03    4.555560e-03
 1.0   2     1.0   1   -173.058    -175.299    0.000000e+00    0.000000e+00    0.000000e+00    0.000000e+00
 1.0   2     1.0   2   -173.058    -173.058    3.105051e+01    1.783011e+01    4.888063e+01    6.345023e+01
