 ! Total Interaction
 256
   1   4   1   4     0     0   0.0000
   1   4   2   5     0     0   0.0000
   2   5   2   5     0     0   0.0000
   1   4   3   6     0     0   0.0000
   2   5   3   6     0     0   0.0000
   3   6   3   6     0     0   0.0000
   1   4   1   4     1     0  -1.2995
   1   4   2   4     1     0  -4.2760
   2   4   2   4     1     0  -5.4606
   1   5   2   4     1     0   7.4412
   1   4   1   5     1     0   4.3282
   1   5   1   5     1     0  -5.8009
   1   4   2   5     1     0   1.5640
   2   4   2   5     1     0  -0.3299
   1   5   2   5     1     0   0.3584
   2   5   2   5     1     0   0.4955
   1   4   3   5     1     0   0.0759
   2   4   3   5     1     0   2.7446
   1   5   3   5     1     0  -2.5388
   2   5   3   5     1     0   0.9325
   3   5   3   5     1     0  -2.8482
   2   6   3   5     1     0   3.5725
   1   4   2   6     1     0  -0.0349
   2   4   2   6     1     0  -2.4771
   1   5   2   6     1     0   2.7777
   2   5   2   6     1     0  -0.9458
   2   6   2   6     1     0  -2.8581
   1   4   3   6     1     0  -0.9724
   2   4   3   6     1     0  -2.5002
   1   5   3   6     1     0   2.5882
   2   5   3   6     1     0  -0.3674
   3   5   3   6     1     0   1.1971
   2   6   3   6     1     0  -1.1668
   3   6   3   6     1     0  -2.8974
   1   4   1   4     2     0   0.0000
   1   4   2   4     2     0   0.0000
   2   4   2   4     2     0   0.0000
   1   5   2   4     2     0   0.0000
   1   6   2   4     2     0   0.0000
   1   4   3   4     2     0   0.0000
   2   4   3   4     2     0   0.0000
   3   4   3   4     2     0   0.0000
   1   5   3   4     2     0   0.0000
   2   5   3   4     2     0   0.0000
   1   6   3   4     2     0   0.0000
   2   6   3   4     2     0   0.0000
   1   4   1   5     2     0   0.0000
   1   5   1   5     2     0   0.0000
   1   4   2   5     2     0   0.0000
   2   4   2   5     2     0   0.0000
   1   5   2   5     2     0   0.0000
   2   5   2   5     2     0   0.0000
   1   6   2   5     2     0   0.0000
   1   4   3   5     2     0   0.0000
   2   4   3   5     2     0   0.0000
   3   4   3   5     2     0   0.0000
   1   5   3   5     2     0   0.0000
   2   5   3   5     2     0   0.0000
   3   5   3   5     2     0   0.0000
   1   6   3   5     2     0   0.0000
   2   6   3   5     2     0   0.0000
   1   4   1   6     2     0   0.0000
   1   5   1   6     2     0   0.0000
   1   6   1   6     2     0   0.0000
   1   4   2   6     2     0   0.0000
   2   4   2   6     2     0   0.0000
   1   5   2   6     2     0   0.0000
   2   5   2   6     2     0   0.0000
   1   6   2   6     2     0   0.0000
   2   6   2   6     2     0   0.0000
   1   4   1   4     3     0  -1.0513
   1   4   2   4     3     0  -1.7529
   2   4   2   4     3     0  -0.5708
   1   5   2   4     3     0   1.2639
   1   6   2   4     3     0  -1.6109
   1   4   3   4     3     0  -1.7916
   2   4   3   4     3     0  -1.0321
   3   4   3   4     3     0  -2.7591
   1   5   3   4     3     0   1.5845
   2   5   3   4     3     0   0.0994
   1   6   3   4     3     0  -4.0554
   1   4   1   5     3     0   1.7923
   1   5   1   5     3     0  -0.7039
   1   4   2   5     3     0   0.2492
   2   4   2   5     3     0  -2.0893
   1   5   2   5     3     0   2.1495
   2   5   2   5     3     0  -2.2559
   1   6   2   5     3     0   0.0384
   1   4   1   6     3     0  -1.8441
   1   5   1   6     3     0   1.1225
   1   6   1   6     3     0  -2.9141
   1   4   1   4     4     0   0.0000
   1   4   2   4     4     0   0.0000
   2   4   2   4     4     0   0.0000
   1   5   2   4     4     0   0.0000
   1   4   1   5     4     0   0.0000
   1   5   1   5     4     0   0.0000
   1   4   1   4     5     0  -3.3394
   1   1   1   1     0     1  -1.4129
   1   1   2   2     0     1  -4.2569
   2   2   2   2     0     1   0.2433
   1   1   3   3     0     1  -1.3280
   2   2   3   3     0     1  -1.0027
   3   3   3   3     0     1  -0.8389
   1   4   1   4     0     1  -2.0429
   4   4   4   4     0     1  -1.9720
   1   4   2   5     0     1  -4.4836
   2   5   2   5     0     1  -0.2557
   4   4   5   5     0     1  -4.5376
   5   5   5   5     0     1  -0.0677
   1   4   3   6     0     1  -1.4335
   2   5   3   6     0     1  -1.0900
   3   6   3   6     0     1  -1.3394
   4   4   6   6     0     1  -1.4380
   5   5   6   6     0     1  -1.0626
   6   6   6   6     0     1  -1.3094
   1   2   1   2     1     1   1.1842
   1   2   2   3     1     1   0.1162
   2   3   2   3     1     1   0.6283
   1   4   1   4     1     1   0.0000
   1   4   2   4     1     1   0.0000
   2   4   2   4     1     1   0.0000
   1   5   2   4     1     1   0.0000
   1   4   1   5     1     1   0.0000
   1   5   1   5     1     1   0.0000
   1   4   2   5     1     1   0.0000
   2   4   2   5     1     1   0.0000
   1   5   2   5     1     1   0.0000
   2   5   2   5     1     1   0.0000
   1   4   3   5     1     1   0.0000
   2   4   3   5     1     1   0.0000
   1   5   3   5     1     1   0.0000
   2   5   3   5     1     1   0.0000
   3   5   3   5     1     1   0.0000
   2   6   3   5     1     1   0.0000
   4   5   4   5     1     1   0.8644
   1   4   2   6     1     1   0.0000
   2   4   2   6     1     1   0.0000
   1   5   2   6     1     1   0.0000
   2   5   2   6     1     1   0.0000
   2   6   2   6     1     1   0.0000
   1   4   3   6     1     1   0.0000
   2   4   3   6     1     1   0.0000
   1   5   3   6     1     1   0.0000
   2   5   3   6     1     1   0.0000
   3   5   3   6     1     1   0.0000
   2   6   3   6     1     1   0.0000
   3   6   3   6     1     1   0.0000
   4   5   5   6     1     1   0.1290
   5   6   5   6     1     1   0.3509
   1   1   1   1     2     1  -0.2561
   1   1   1   2     2     1  -0.3949
   1   2   1   2     2     1   0.9713
   1   1   2   2     2     1  -0.9795
   1   2   2   2     2     1  -0.6953
   2   2   2   2     2     1   0.3738
   1   3   2   2     2     1  -0.4932
   1   1   1   3     2     1  -0.7984
   1   2   1   3     2     1   0.1805
   1   3   1   3     2     1  -0.3181
   1   1   2   3     2     1   0.9524
   1   2   2   3     2     1   0.7204
   2   2   2   3     2     1   0.1613
   1   3   2   3     2     1   1.2580
   2   3   2   3     2     1   0.4249
   1   4   1   4     2     1  -0.7077
   1   4   2   4     2     1   0.3863
   2   4   2   4     2     1  -3.8298
   1   5   2   4     2     1  -5.1080
   1   6   2   4     2     1  -1.5849
   1   4   3   4     2     1  -0.8445
   2   4   3   4     2     1   1.1885
   3   4   3   4     2     1  -0.9054
   1   5   3   4     2     1   1.5536
   2   5   3   4     2     1  -0.5010
   1   6   3   4     2     1  -0.5336
   2   6   3   4     2     1   3.6936
   4   4   4   4     2     1  -0.7200
   1   4   1   5     2     1  -0.4125
   1   5   1   5     2     1  -3.9827
   1   4   2   5     2     1  -1.0383
   2   4   2   5     2     1   0.7223
   1   5   2   5     2     1  -0.7452
   2   5   2   5     2     1   0.0346
   1   6   2   5     2     1  -0.5423
   1   4   3   5     2     1  -0.9960
   2   4   3   5     2     1  -0.5375
   3   4   3   5     2     1   1.1131
   1   5   3   5     2     1  -2.0931
   2   5   3   5     2     1  -0.2015
   3   5   3   5     2     1  -1.2115
   1   6   3   5     2     1  -3.7877
   2   6   3   5     2     1  -1.3388
   4   4   4   5     2     1  -0.3810
   4   5   4   5     2     1   0.6401
   4   4   5   5     2     1  -1.0405
   4   5   5   5     2     1  -0.7552
   5   5   5   5     2     1   0.0992
   4   6   5   5     2     1  -0.5419
   1   4   1   6     2     1  -0.8682
   1   5   1   6     2     1  -1.2958
   1   6   1   6     2     1  -1.0325
   1   4   2   6     2     1   1.0247
   2   4   2   6     2     1  -2.0908
   1   5   2   6     2     1  -0.6164
   2   5   2   6     2     1   0.2020
   1   6   2   6     2     1  -1.1044
   2   6   2   6     2     1  -1.1871
   4   4   4   6     2     1  -0.8690
   4   5   4   6     2     1   0.1851
   4   6   4   6     2     1  -0.7435
   4   4   5   6     2     1   1.0354
   4   5   5   6     2     1   0.7785
   5   5   5   6     2     1   0.1703
   4   6   5   6     2     1   1.3554
   5   6   5   6     2     1   0.1425
   1   2   1   2     3     1   0.6071
   1   2   1   3     3     1  -0.2291
   1   3   1   3     3     1   0.9394
   1   4   1   4     3     1   0.0000
   1   4   2   4     3     1   0.0000
   2   4   2   4     3     1   0.0000
   1   5   2   4     3     1   0.0000
   1   6   2   4     3     1   0.0000
   1   4   3   4     3     1   0.0000
   2   4   3   4     3     1   0.0000
   3   4   3   4     3     1   0.0000
   1   5   3   4     3     1   0.0000
   2   5   3   4     3     1   0.0000
   1   6   3   4     3     1   0.0000
   1   4   1   5     3     1   0.0000
   1   5   1   5     3     1   0.0000
   1   4   2   5     3     1   0.0000
   2   4   2   5     3     1   0.0000
   1   5   2   5     3     1   0.0000
   2   5   2   5     3     1   0.0000
   1   6   2   5     3     1   0.0000
   4   5   4   5     3     1   0.3049
   1   4   1   6     3     1   0.0000
   1   5   1   6     3     1   0.0000
   1   6   1   6     3     1   0.0000
   4   5   4   6     3     1  -0.2514
   4   6   4   6     3     1   0.6114
   1   1   1   1     4     1   0.3776
   1   1   1   2     4     1  -1.2069
   1   2   1   2     4     1  -0.1467
   1   4   1   4     4     1  -0.0247
   1   4   2   4     4     1   1.2554
   2   4   2   4     4     1  -4.1783
   1   5   2   4     4     1  -3.1596
   4   4   4   4     4     1  -0.0270
   1   4   1   5     4     1  -1.2876
   1   5   1   5     4     1  -4.3911
   4   4   4   5     4     1  -1.2969
   4   5   4   5     4     1  -0.5247
   1   4   1   4     5     1   0.0000
