 ! Total Interaction
 256
   1   4   1   4     0     0   0.0000
   1   4   2   5     0     0   0.0000
   2   5   2   5     0     0   0.0000
   1   4   3   6     0     0   0.0000
   2   5   3   6     0     0   0.0000
   3   6   3   6     0     0   0.0000
   1   4   1   4     1     0  -1.9536
   1   4   2   4     1     0  -3.8166
   2   4   2   4     1     0  -5.5763
   1   5   2   4     1     0   5.9731
   1   4   1   5     1     0   3.9577
   1   5   1   5     1     0  -6.2013
   1   4   2   5     1     0   1.2121
   2   4   2   5     1     0  -0.1206
   1   5   2   5     1     0   0.1744
   2   5   2   5     1     0  -1.4921
   1   4   3   5     1     0  -0.1706
   2   4   3   5     1     0   1.9027
   1   5   3   5     1     0  -2.1169
   2   5   3   5     1     0   1.7469
   3   5   3   5     1     0  -3.9740
   2   6   3   5     1     0   4.1436
   1   4   2   6     1     0   0.2011
   2   4   2   6     1     0  -1.9572
   1   5   2   6     1     0   2.0106
   2   5   2   6     1     0  -1.7566
   2   6   2   6     1     0  -3.9628
   1   4   3   6     1     0  -1.0071
   2   4   3   6     1     0  -2.5432
   1   5   3   6     1     0   2.6585
   2   5   3   6     1     0   0.2272
   3   5   3   6     1     0   0.4961
   2   6   3   6     1     0  -0.4686
   3   6   3   6     1     0  -2.4182
   1   4   1   4     2     0   0.0000
   1   4   2   4     2     0   0.0000
   2   4   2   4     2     0   0.0000
   1   5   2   4     2     0   0.0000
   1   6   2   4     2     0   0.0000
   1   4   3   4     2     0   0.0000
   2   4   3   4     2     0   0.0000
   3   4   3   4     2     0   0.0000
   1   5   3   4     2     0   0.0000
   2   5   3   4     2     0   0.0000
   1   6   3   4     2     0   0.0000
   2   6   3   4     2     0   0.0000
   1   4   1   5     2     0   0.0000
   1   5   1   5     2     0   0.0000
   1   4   2   5     2     0   0.0000
   2   4   2   5     2     0   0.0000
   1   5   2   5     2     0   0.0000
   2   5   2   5     2     0   0.0000
   1   6   2   5     2     0   0.0000
   1   4   3   5     2     0   0.0000
   2   4   3   5     2     0   0.0000
   3   4   3   5     2     0   0.0000
   1   5   3   5     2     0   0.0000
   2   5   3   5     2     0   0.0000
   3   5   3   5     2     0   0.0000
   1   6   3   5     2     0   0.0000
   2   6   3   5     2     0   0.0000
   1   4   1   6     2     0   0.0000
   1   5   1   6     2     0   0.0000
   1   6   1   6     2     0   0.0000
   1   4   2   6     2     0   0.0000
   2   4   2   6     2     0   0.0000
   1   5   2   6     2     0   0.0000
   2   5   2   6     2     0   0.0000
   1   6   2   6     2     0   0.0000
   2   6   2   6     2     0   0.0000
   1   4   1   4     3     0  -1.2488
   1   4   2   4     3     0  -1.6053
   2   4   2   4     3     0  -0.9151
   1   5   2   4     3     0   1.2289
   1   6   2   4     3     0  -1.4253
   1   4   3   4     3     0  -1.8028
   2   4   3   4     3     0  -1.1110
   3   4   3   4     3     0  -3.0143
   1   5   3   4     3     0   1.4059
   2   5   3   4     3     0   0.0420
   1   6   3   4     3     0  -3.8176
   1   4   1   5     3     0   1.6771
   1   5   1   5     3     0  -1.0947
   1   4   2   5     3     0   0.2031
   2   4   2   5     3     0  -1.5840
   1   5   2   5     3     0   1.6805
   2   5   2   5     3     0  -2.9562
   1   6   2   5     3     0  -0.0249
   1   4   1   6     3     0  -1.8966
   1   5   1   6     3     0   1.2617
   1   6   1   6     3     0  -3.2791
   1   4   1   4     4     0   0.0000
   1   4   2   4     4     0   0.0000
   2   4   2   4     4     0   0.0000
   1   5   2   4     4     0   0.0000
   1   4   1   5     4     0   0.0000
   1   5   1   5     4     0   0.0000
   1   4   1   4     5     0  -3.8033
   1   1   1   1     0     1  -1.8943
   1   1   2   2     0     1  -2.6528
   2   2   2   2     0     1  -0.6740
   1   1   3   3     0     1  -1.1679
   2   2   3   3     0     1  -0.9372
   3   3   3   3     0     1  -0.7684
   1   4   1   4     0     1  -2.5270
   4   4   4   4     0     1  -2.4280
   1   4   2   5     0     1  -2.9235
   2   5   2   5     0     1  -1.1453
   4   4   5   5     0     1  -2.9956
   5   5   5   5     0     1  -1.0296
   1   4   3   6     0     1  -1.2869
   2   5   3   6     0     1  -1.0428
   3   6   3   6     0     1  -1.1989
   4   4   6   6     0     1  -1.2986
   5   5   6   6     0     1  -1.0290
   6   6   6   6     0     1  -1.1883
   1   2   1   2     1     1   0.3135
   1   2   2   3     1     1  -0.0503
   2   3   2   3     1     1   0.3349
   1   4   1   4     1     1   0.0000
   1   4   2   4     1     1   0.0000
   2   4   2   4     1     1   0.0000
   1   5   2   4     1     1   0.0000
   1   4   1   5     1     1   0.0000
   1   5   1   5     1     1   0.0000
   1   4   2   5     1     1   0.0000
   2   4   2   5     1     1   0.0000
   1   5   2   5     1     1   0.0000
   2   5   2   5     1     1   0.0000
   1   4   3   5     1     1   0.0000
   2   4   3   5     1     1   0.0000
   1   5   3   5     1     1   0.0000
   2   5   3   5     1     1   0.0000
   3   5   3   5     1     1   0.0000
   2   6   3   5     1     1   0.0000
   4   5   4   5     1     1   0.0235
   1   4   2   6     1     1   0.0000
   2   4   2   6     1     1   0.0000
   1   5   2   6     1     1   0.0000
   2   5   2   6     1     1   0.0000
   2   6   2   6     1     1   0.0000
   1   4   3   6     1     1   0.0000
   2   4   3   6     1     1   0.0000
   1   5   3   6     1     1   0.0000
   2   5   3   6     1     1   0.0000
   3   5   3   6     1     1   0.0000
   2   6   3   6     1     1   0.0000
   3   6   3   6     1     1   0.0000
   4   5   5   6     1     1  -0.0422
   5   6   5   6     1     1   0.0920
   1   1   1   1     2     1  -0.5131
   1   1   1   2     2     1  -0.2297
   1   2   1   2     2     1   0.3242
   1   1   2   2     2     1  -0.6096
   1   2   2   2     2     1  -0.5097
   2   2   2   2     2     1  -0.0184
   1   3   2   2     2     1  -0.5427
   1   1   1   3     2     1  -0.7241
   1   2   1   3     2     1  -0.0825
   1   3   1   3     2     1  -0.4815
   1   1   2   3     2     1   0.7467
   1   2   2   3     2     1   0.4848
   2   2   2   3     2     1   0.3002
   1   3   2   3     2     1   0.9608
   2   3   2   3     2     1  -0.1568
   1   4   1   4     2     1  -0.9665
   1   4   2   4     2     1   0.2337
   2   4   2   4     2     1  -3.7551
   1   5   2   4     2     1  -3.8767
   1   6   2   4     2     1  -1.5037
   1   4   3   4     2     1  -0.7743
   2   4   3   4     2     1   1.6310
   3   4   3   4     2     1  -1.3918
   1   5   3   4     2     1   1.4784
   2   5   3   4     2     1  -0.5794
   1   6   3   4     2     1  -0.3228
   2   6   3   4     2     1   2.9506
   4   4   4   4     2     1  -0.9628
   1   4   1   5     2     1  -0.2502
   1   5   1   5     2     1  -4.0576
   1   4   2   5     2     1  -0.6791
   2   4   2   5     2     1   0.5778
   1   5   2   5     2     1  -0.5576
   2   5   2   5     2     1  -0.3389
   1   6   2   5     2     1  -0.6118
   1   4   3   5     2     1  -0.8060
   2   4   3   5     2     1  -1.2598
   3   4   3   5     2     1   0.8825
   1   5   3   5     2     1  -2.3810
   2   5   3   5     2     1  -0.3463
   3   5   3   5     2     1  -2.1992
   1   6   3   5     2     1  -3.0525
   2   6   3   5     2     1  -1.2291
   4   4   4   5     2     1  -0.2218
   4   5   4   5     2     1   0.0182
   4   4   5   5     2     1  -0.6875
   4   5   5   5     2     1  -0.5891
   5   5   5   5     2     1  -0.3042
   4   6   5   5     2     1  -0.6094
   1   4   1   6     2     1  -0.8141
   1   5   1   6     2     1  -1.7695
   1   6   1   6     2     1  -1.5448
   1   4   2   6     2     1   0.8288
   2   4   2   6     2     1  -2.3581
   1   5   2   6     2     1  -1.3330
   2   5   2   6     2     1   0.3615
   1   6   2   6     2     1  -0.8928
   2   6   2   6     2     1  -2.2391
   4   4   4   6     2     1  -0.8053
   4   5   4   6     2     1  -0.0750
   4   6   4   6     2     1  -0.8801
   4   4   5   6     2     1   0.8461
   4   5   5   6     2     1   0.5559
   5   5   5   6     2     1   0.3294
   4   6   5   6     2     1   1.0881
   5   6   5   6     2     1  -0.4461
   1   2   1   2     3     1   0.3854
   1   2   1   3     3     1  -0.0857
   1   3   1   3     3     1   0.6255
   1   4   1   4     3     1   0.0000
   1   4   2   4     3     1   0.0000
   2   4   2   4     3     1   0.0000
   1   5   2   4     3     1   0.0000
   1   6   2   4     3     1   0.0000
   1   4   3   4     3     1   0.0000
   2   4   3   4     3     1   0.0000
   3   4   3   4     3     1   0.0000
   1   5   3   4     3     1   0.0000
   2   5   3   4     3     1   0.0000
   1   6   3   4     3     1   0.0000
   1   4   1   5     3     1   0.0000
   1   5   1   5     3     1   0.0000
   1   4   2   5     3     1   0.0000
   2   4   2   5     3     1   0.0000
   1   5   2   5     3     1   0.0000
   2   5   2   5     3     1   0.0000
   1   6   2   5     3     1   0.0000
   4   5   4   5     3     1   0.1220
   1   4   1   6     3     1   0.0000
   1   5   1   6     3     1   0.0000
   1   6   1   6     3     1   0.0000
   4   5   4   6     3     1  -0.1134
   4   6   4   6     3     1   0.3568
   1   1   1   1     4     1   0.2332
   1   1   1   2     4     1  -1.0700
   1   2   1   2     4     1  -0.5822
   1   4   1   4     4     1  -0.1585
   1   4   2   4     4     1   1.1367
   2   4   2   4     4     1  -4.6483
   1   5   2   4     4     1  -2.8136
   4   4   4   4     4     1  -0.1440
   1   4   1   5     4     1  -1.1869
   1   5   1   5     4     1  -5.0016
   4   4   4   5     4     1  -1.1957
   4   5   4   5     4     1  -0.9759
   1   4   1   4     5     1   0.0000
