      1      4      1      4          10           0  0.569666737971396     
      1      4      1      4           8           0  -1.99321747619048     
      1      4      1      4           6           0   2.31802878193459     
      1      4      1      4           4           0  -6.51024822049711     
      1      4      1      4           2           0   4.74766008582417     
      1      4      1      4           0           0  -10.8706870000000     
      1      4      1      5           8           0  -4.64809167457616     
      1      4      1      5           6           0  0.193964711329566     
      1      4      1      5           4           0  -4.13658923749492     
      1      4      1      5           2           0  -1.03986969171709     
      1      4      1      6           6           0  0.659374688110587     
      1      4      1      6           4           0  -3.71644275684357     
      1      4      2      4           8           0  -4.46575172012613     
      1      4      2      4           6           0  0.163382548342302     
      1      4      2      4           4           0  -3.97994896870030     
      1      4      2      4           2           0  -1.00529968961806     
      1      4      2      5           8           0  -3.85446850271229     
      1      4      2      5           6           0 -0.173142432826489     
      1      4      2      5           4           0 -0.635881968276383     
      1      4      2      5           2           0 -0.507377547270042     
      1      4      2      6           6           0  0.555495331034141     
      1      4      2      6           4           0  -1.21226079828528     
      1      4      3      4           6           0  0.626096076898843     
      1      4      3      4           4           0  -3.53298180787672     
      1      4      3      5           6           0  0.565171442172219     
      1      4      3      5           4           0  -1.16123188748715     
      1      4      3      6           6           0  0.143057260371109     
      1      4      3      6           4           0  -2.16292144208848     
      1      5      1      4           8           0   4.64809167457616     
      1      5      1      4           6           0 -0.193964711329566     
      1      5      1      4           4           0   4.13658923749492     
      1      5      1      4           2           0   1.03986969171709     
      1      5      1      5           6           0   1.04686222337561     
      1      5      1      5           4           0  -4.39964439467843     
      1      5      1      5           2           0  0.101270067812040     
      1      5      1      5           0           0  -9.34572835728194     
      1      5      1      6           4           0   2.57893772453488     
      1      5      1      6           2           0 -0.220575738370915     
      1      5      2      4           8           0   6.86239309821429     
      1      5      2      4           6           0  -1.99797286580183     
      1      5      2      4           4           0   1.65219389051012     
      1      5      2      4           2           0  -3.49063693661860     
      1      5      2      5           6           0   1.34622916374074     
      1      5      2      5           4           0  -2.30277926981332     
      1      5      2      5           2           0   1.89516392421658     
      1      5      2      6           4           0   2.26948095890202     
      1      5      2      6           2           0  0.320195325737556     
      1      5      3      4           6           0  0.938423846279236     
      1      5      3      4           4           0   2.30447778070032     
      1      5      3      5           6           0 -0.773658599471468     
      1      5      3      5           4           0  -3.13829900712203     
      1      5      3      6           4           0   3.25600751074710     
      1      6      1      4           6           0  0.659374688110587     
      1      6      1      4           4           0  -3.71644275684357     
      1      6      1      5           4           0  -2.57893772453488     
      1      6      1      5           2           0  0.220575738370915     
      1      6      1      6           2           0   1.48093031249954     
      1      6      1      6           0           0  -4.42787530624734     
      1      6      2      4           6           0 -0.956503725253229     
      1      6      2      4           4           0  -2.33800775653219     
      1      6      2      5           4           0 -0.888455112746240     
      1      6      2      5           2           0 -0.385506468481486     
      1      6      2      6           2           0 -0.998160620544108     
      1      6      3      4           6           0  0.485884731981631     
      1      6      3      4           4           0  -5.03977336410578     
      1      6      3      5           4           0  -3.41279763262507     
      2      4      1      4           8           0   4.46575172012613     
      2      4      1      4           6           0 -0.163382548342302     
      2      4      1      4           4           0   3.97994896870030     
      2      4      1      4           2           0   1.00529968961806     
      2      4      1      5           8           0   6.86239309821429     
      2      4      1      5           6           0  -1.99797286580183     
      2      4      1      5           4           0   1.65219389051012     
      2      4      1      5           2           0  -3.49063693661860     
      2      4      1      6           6           0  0.956503725253229     
      2      4      1      6           4           0   2.33800775653219     
      2      4      2      4           6           0   1.09446831336345     
      2      4      2      4           4           0  -4.09096945837373     
      2      4      2      4           2           0  0.198413824875897     
      2      4      2      4           0           0  -8.54719531350706     
      2      4      2      5           6           0   1.28108025280021     
      2      4      2      5           4           0  -2.24361300555346     
      2      4      2      5           2           0   1.72140782303939     
      2      4      2      6           6           0 -0.653359783171231     
      2      4      2      6           4           0  -3.06539624614542     
      2      4      3      4           4           0   2.33740706039425     
      2      4      3      4           2           0 -0.147240687480916     
      2      4      3      5           4           0   2.14633508101909     
      2      4      3      5           2           0  0.304186808990392     
      2      4      3      6           4           0   3.11472461661798     
      2      5      1      4           8           0  -3.85446850271229     
      2      5      1      4           6           0 -0.173142432826490     
      2      5      1      4           4           0 -0.635881968276383     
      2      5      1      4           2           0 -0.507377547270042     
      2      5      1      5           6           0  -1.34622916374074     
      2      5      1      5           4           0   2.30277926981331     
      2      5      1      5           2           0  -1.89516392421658     
      2      5      1      6           4           0 -0.888455112746240     
      2      5      1      6           2           0 -0.385506468481486     
      2      5      2      4           6           0  -1.28108025280021     
      2      5      2      4           4           0   2.24361300555346     
      2      5      2      4           2           0  -1.72140782303939     
      2      5      2      5           6           0   1.18589796662994     
      2      5      2      5           4           0  -2.88599253910679     
      2      5      2      5           2           0   3.31210255203318     
      2      5      2      5           0           0  -7.00226950000000     
      2      5      2      6           4           0   2.14898886858446     
      2      5      2      6           2           0  0.580691711066720     
      2      5      3      4           4           0 -0.884696600113478     
      2      5      3      4           2           0 -0.250387884234946     
      2      5      3      5           4           0   2.12671601217338     
      2      5      3      5           2           0  0.595528975413340     
      2      5      3      6           4           0  -1.06541512351369     
      2      5      3      6           2           0 -0.327428828175384     
      2      6      1      4           6           0 -0.555495331034141     
      2      6      1      4           4           0   1.21226079828528     
      2      6      1      5           4           0   2.26948095890202     
      2      6      1      5           2           0  0.320195325737556     
      2      6      1      6           2           0  0.998160620544108     
      2      6      2      4           6           0 -0.653359783171230     
      2      6      2      4           4           0  -3.06539624614542     
      2      6      2      5           4           0  -2.14898886858446     
      2      6      2      5           2           0 -0.580691711066720     
      2      6      2      6           2           0  -1.18013123823899     
      2      6      2      6           0           0  -4.08065595857829     
      2      6      3      4           4           0   3.29891469053100     
      2      6      3      5           4           0   3.81806426991811     
      2      6      3      5           2           0 -0.433395918133394     
      2      6      3      6           2           0 -0.573862782704629     
      3      4      1      4           6           0  0.626096076898843     
      3      4      1      4           4           0  -3.53298180787672     
      3      4      1      5           6           0 -0.938423846279236     
      3      4      1      5           4           0  -2.30447778070032     
      3      4      1      6           6           0  0.485884731981631     
      3      4      1      6           4           0  -5.03977336410578     
      3      4      2      4           4           0  -2.33740706039425     
      3      4      2      4           2           0  0.147240687480916     
      3      4      2      5           4           0 -0.884696600113479     
      3      4      2      5           2           0 -0.250387884234946     
      3      4      2      6           4           0  -3.29891469053100     
      3      4      3      4           2           0   1.38547825828950     
      3      4      3      4           0           0  -4.04996058391956     
      3      4      3      5           2           0 -0.986677293445658     
      3      5      1      4           6           0 -0.565171442172219     
      3      5      1      4           4           0   1.16123188748715     
      3      5      1      5           6           0 -0.773658599471467     
      3      5      1      5           4           0  -3.13829900712203     
      3      5      1      6           4           0   3.41279763262506     
      3      5      2      4           4           0   2.14633508101910     
      3      5      2      4           2           0  0.304186808990391     
      3      5      2      5           4           0  -2.12671601217338     
      3      5      2      5           2           0 -0.595528975413340     
      3      5      2      6           4           0   3.81806426991811     
      3      5      2      6           2           0 -0.433395918133394     
      3      5      3      4           2           0  0.986677293445658     
      3      5      3      5           2           0  -1.21518411261293     
      3      5      3      5           0           0  -4.05134956447862     
      3      5      3      6           2           0 -0.607538367688412     
      3      6      1      4           6           0  0.143057260371110     
      3      6      1      4           4           0  -2.16292144208848     
      3      6      1      5           4           0  -3.25600751074710     
      3      6      2      4           4           0  -3.11472461661798     
      3      6      2      5           4           0  -1.06541512351369     
      3      6      2      5           2           0 -0.327428828175384     
      3      6      2      6           2           0  0.573862782704629     
      3      6      3      5           2           0  0.607538367688412     
      3      6      3      6           2           0   1.05599154020617     
      3      6      3      6           0           0  -4.22673300000000     
      4      1      4      1          10           0  0.569666737971396     
      4      1      4      1           8           0  -1.99321747619048     
      4      1      4      1           6           0   2.31802878193459     
      4      1      4      1           4           0  -6.51024822049711     
      4      1      4      1           2           0   4.74766008582417     
      4      1      4      1           0           0  -10.8706870000000     
      4      1      4      2           8           0  -4.46575172012613     
      4      1      4      2           6           0  0.163382548342302     
      4      1      4      2           4           0  -3.97994896870030     
      4      1      4      2           2           0  -1.00529968961806     
      4      1      4      3           6           0  0.626096076898843     
      4      1      4      3           4           0  -3.53298180787672     
      4      1      5      1           8           0  -4.64809167457616     
      4      1      5      1           6           0  0.193964711329566     
      4      1      5      1           4           0  -4.13658923749492     
      4      1      5      1           2           0  -1.03986969171709     
      4      1      5      2           8           0  -3.85446850271229     
      4      1      5      2           6           0 -0.173142432826489     
      4      1      5      2           4           0 -0.635881968276383     
      4      1      5      2           2           0 -0.507377547270042     
      4      1      5      3           6           0  0.565171442172219     
      4      1      5      3           4           0  -1.16123188748715     
      4      1      6      1           6           0  0.659374688110587     
      4      1      6      1           4           0  -3.71644275684357     
      4      1      6      2           6           0  0.555495331034141     
      4      1      6      2           4           0  -1.21226079828528     
      4      1      6      3           6           0  0.143057260371109     
      4      1      6      3           4           0  -2.16292144208848     
      4      2      4      1           8           0   4.46575172012613     
      4      2      4      1           6           0 -0.163382548342302     
      4      2      4      1           4           0   3.97994896870030     
      4      2      4      1           2           0   1.00529968961806     
      4      2      4      2           6           0   1.09446831336345     
      4      2      4      2           4           0  -4.09096945837373     
      4      2      4      2           2           0  0.198413824875899     
      4      2      4      2           0           0  -8.54719531350706     
      4      2      4      3           4           0   2.33740706039425     
      4      2      4      3           2           0 -0.147240687480916     
      4      2      5      1           8           0   6.86239309821429     
      4      2      5      1           6           0  -1.99797286580183     
      4      2      5      1           4           0   1.65219389051012     
      4      2      5      1           2           0  -3.49063693661860     
      4      2      5      2           6           0   1.28108025280021     
      4      2      5      2           4           0  -2.24361300555346     
      4      2      5      2           2           0   1.72140782303939     
      4      2      5      3           4           0   2.14633508101910     
      4      2      5      3           2           0  0.304186808990392     
      4      2      6      1           6           0  0.956503725253229     
      4      2      6      1           4           0   2.33800775653219     
      4      2      6      2           6           0 -0.653359783171231     
      4      2      6      2           4           0  -3.06539624614542     
      4      2      6      3           4           0   3.11472461661798     
      4      3      4      1           6           0  0.626096076898843     
      4      3      4      1           4           0  -3.53298180787672     
      4      3      4      2           4           0  -2.33740706039425     
      4      3      4      2           2           0  0.147240687480916     
      4      3      4      3           2           0   1.38547825828950     
      4      3      4      3           0           0  -4.04996058391956     
      4      3      5      1           6           0 -0.938423846279236     
      4      3      5      1           4           0  -2.30447778070032     
      4      3      5      2           4           0 -0.884696600113479     
      4      3      5      2           2           0 -0.250387884234946     
      4      3      5      3           2           0 -0.986677293445658     
      4      3      6      1           6           0  0.485884731981631     
      4      3      6      1           4           0  -5.03977336410578     
      4      3      6      2           4           0  -3.29891469053100     
      5      1      4      1           8           0   4.64809167457616     
      5      1      4      1           6           0 -0.193964711329566     
      5      1      4      1           4           0   4.13658923749492     
      5      1      4      1           2           0   1.03986969171709     
      5      1      4      2           8           0   6.86239309821429     
      5      1      4      2           6           0  -1.99797286580183     
      5      1      4      2           4           0   1.65219389051012     
      5      1      4      2           2           0  -3.49063693661860     
      5      1      4      3           6           0  0.938423846279236     
      5      1      4      3           4           0   2.30447778070032     
      5      1      5      1           6           0   1.04686222337561     
      5      1      5      1           4           0  -4.39964439467843     
      5      1      5      1           2           0  0.101270067812039     
      5      1      5      1           0           0  -9.34572835728194     
      5      1      5      2           6           0   1.34622916374074     
      5      1      5      2           4           0  -2.30277926981332     
      5      1      5      2           2           0   1.89516392421658     
      5      1      5      3           6           0 -0.773658599471468     
      5      1      5      3           4           0  -3.13829900712203     
      5      1      6      1           4           0   2.57893772453488     
      5      1      6      1           2           0 -0.220575738370915     
      5      1      6      2           4           0   2.26948095890202     
      5      1      6      2           2           0  0.320195325737556     
      5      1      6      3           4           0   3.25600751074710     
      5      2      4      1           8           0  -3.85446850271229     
      5      2      4      1           6           0 -0.173142432826490     
      5      2      4      1           4           0 -0.635881968276383     
      5      2      4      1           2           0 -0.507377547270042     
      5      2      4      2           6           0  -1.28108025280021     
      5      2      4      2           4           0   2.24361300555346     
      5      2      4      2           2           0  -1.72140782303939     
      5      2      4      3           4           0 -0.884696600113478     
      5      2      4      3           2           0 -0.250387884234946     
      5      2      5      1           6           0  -1.34622916374074     
      5      2      5      1           4           0   2.30277926981331     
      5      2      5      1           2           0  -1.89516392421658     
      5      2      5      2           6           0   1.18589796662994     
      5      2      5      2           4           0  -2.88599253910679     
      5      2      5      2           2           0   3.31210255203318     
      5      2      5      2           0           0  -7.00226950000000     
      5      2      5      3           4           0   2.12671601217338     
      5      2      5      3           2           0  0.595528975413340     
      5      2      6      1           4           0 -0.888455112746240     
      5      2      6      1           2           0 -0.385506468481486     
      5      2      6      2           4           0   2.14898886858446     
      5      2      6      2           2           0  0.580691711066720     
      5      2      6      3           4           0  -1.06541512351369     
      5      2      6      3           2           0 -0.327428828175384     
      5      3      4      1           6           0 -0.565171442172219     
      5      3      4      1           4           0   1.16123188748715     
      5      3      4      2           4           0   2.14633508101910     
      5      3      4      2           2           0  0.304186808990391     
      5      3      4      3           2           0  0.986677293445658     
      5      3      5      1           6           0 -0.773658599471467     
      5      3      5      1           4           0  -3.13829900712203     
      5      3      5      2           4           0  -2.12671601217338     
      5      3      5      2           2           0 -0.595528975413340     
      5      3      5      3           2           0  -1.21518411261293     
      5      3      5      3           0           0  -4.05134956447862     
      5      3      6      1           4           0   3.41279763262506     
      5      3      6      2           4           0   3.81806426991811     
      5      3      6      2           2           0 -0.433395918133394     
      5      3      6      3           2           0 -0.607538367688412     
      6      1      4      1           6           0  0.659374688110587     
      6      1      4      1           4           0  -3.71644275684358     
      6      1      4      2           6           0 -0.956503725253229     
      6      1      4      2           4           0  -2.33800775653219     
      6      1      4      3           6           0  0.485884731981631     
      6      1      4      3           4           0  -5.03977336410578     
      6      1      5      1           4           0  -2.57893772453488     
      6      1      5      1           2           0  0.220575738370915     
      6      1      5      2           4           0 -0.888455112746240     
      6      1      5      2           2           0 -0.385506468481486     
      6      1      5      3           4           0  -3.41279763262507     
      6      1      6      1           2           0   1.48093031249955     
      6      1      6      1           0           0  -4.42787530624734     
      6      1      6      2           2           0 -0.998160620544108     
      6      2      4      1           6           0 -0.555495331034141     
      6      2      4      1           4           0   1.21226079828528     
      6      2      4      2           6           0 -0.653359783171230     
      6      2      4      2           4           0  -3.06539624614542     
      6      2      4      3           4           0   3.29891469053100     
      6      2      5      1           4           0   2.26948095890202     
      6      2      5      1           2           0  0.320195325737556     
      6      2      5      2           4           0  -2.14898886858446     
      6      2      5      2           2           0 -0.580691711066720     
      6      2      5      3           4           0   3.81806426991811     
      6      2      5      3           2           0 -0.433395918133394     
      6      2      6      1           2           0  0.998160620544108     
      6      2      6      2           2           0  -1.18013123823899     
      6      2      6      2           0           0  -4.08065595857829     
      6      2      6      3           2           0 -0.573862782704629     
      6      3      4      1           6           0  0.143057260371110     
      6      3      4      1           4           0  -2.16292144208848     
      6      3      4      2           4           0  -3.11472461661798     
      6      3      5      1           4           0  -3.25600751074710     
      6      3      5      2           4           0  -1.06541512351369     
      6      3      5      2           2           0 -0.327428828175384     
      6      3      5      3           2           0  0.607538367688412     
      6      3      6      2           2           0  0.573862782704629     
      6      3      6      3           2           0   1.05599154020617     
      6      3      6      3           0           0  -4.22673300000000     
         336          10
   1   1   4   4   0   0   0   0-10.8707   1   1
   1   1   4   4   2   0   0   0  4.7477   1   1
   1   1   4   4   4   0   0   0 -6.5102   1   1
   1   1   4   4   6   0   0   0  2.3180   1   1
   1   1   4   4   8   0   0   0 -1.9932   1   1
   1   1   4   4  10   0   0   0  0.5697   1   1
   1   1   4   5   2   0   0   0 -1.0399   1   1
   1   1   4   5   4   0   0   0 -4.1366   1   1
   1   1   4   5   6   0   0   0  0.1940   1   1
   1   1   4   5   8   0   0   0 -4.6481   1   1
   1   1   4   6   4   0   0   0 -3.7164   1   1
   1   1   4   6   6   0   0   0  0.6594   1   1
   1   1   5   4   2   0   0   0  1.0399   1   1
   1   1   5   4   4   0   0   0  4.1366   1   1
   1   1   5   4   6   0   0   0 -0.1940   1   1
   1   1   5   4   8   0   0   0  4.6481   1   1
   1   1   5   5   0   0   0   0 -9.3457   1   1
   1   1   5   5   2   0   0   0  0.1013   1   1
   1   1   5   5   4   0   0   0 -4.3996   1   1
   1   1   5   5   6   0   0   0  1.0469   1   1
   1   1   5   6   2   0   0   0 -0.2206   1   1
   1   1   5   6   4   0   0   0  2.5789   1   1
   1   1   6   4   4   0   0   0 -3.7164   1   1
   1   1   6   4   6   0   0   0  0.6594   1   1
   1   1   6   5   2   0   0   0  0.2206   1   1
   1   1   6   5   4   0   0   0 -2.5789   1   1
   1   1   6   6   0   0   0   0 -4.4279   1   1
   1   1   6   6   2   0   0   0  1.4809   1   1
   1   2   4   4   2   0   0   0 -1.0053   1   1
   1   2   4   4   4   0   0   0 -3.9799   1   1
   1   2   4   4   6   0   0   0  0.1634   1   1
   1   2   4   4   8   0   0   0 -4.4658   1   1
   1   2   4   5   2   0   0   0 -0.5074   1   1
   1   2   4   5   4   0   0   0 -0.6359   1   1
   1   2   4   5   6   0   0   0 -0.1731   1   1
   1   2   4   5   8   0   0   0 -3.8545   1   1
   1   2   4   6   4   0   0   0 -1.2123   1   1
   1   2   4   6   6   0   0   0  0.5555   1   1
   1   2   5   4   2   0   0   0 -3.4906   1   1
   1   2   5   4   4   0   0   0  1.6522   1   1
   1   2   5   4   6   0   0   0 -1.9980   1   1
   1   2   5   4   8   0   0   0  6.8624   1   1
   1   2   5   5   2   0   0   0  1.8952   1   1
   1   2   5   5   4   0   0   0 -2.3028   1   1
   1   2   5   5   6   0   0   0  1.3462   1   1
   1   2   5   6   2   0   0   0  0.3202   1   1
   1   2   5   6   4   0   0   0  2.2695   1   1
   1   2   6   4   4   0   0   0 -2.3380   1   1
   1   2   6   4   6   0   0   0 -0.9565   1   1
   1   2   6   5   2   0   0   0 -0.3855   1   1
   1   2   6   5   4   0   0   0 -0.8885   1   1
   1   2   6   6   2   0   0   0 -0.9982   1   1
   1   3   4   4   4   0   0   0 -3.5330   1   1
   1   3   4   4   6   0   0   0  0.6261   1   1
   1   3   4   5   4   0   0   0 -1.1612   1   1
   1   3   4   5   6   0   0   0  0.5652   1   1
   1   3   4   6   4   0   0   0 -2.1629   1   1
   1   3   4   6   6   0   0   0  0.1431   1   1
   1   3   5   4   4   0   0   0  2.3045   1   1
   1   3   5   4   6   0   0   0  0.9384   1   1
   1   3   5   5   4   0   0   0 -3.1383   1   1
   1   3   5   5   6   0   0   0 -0.7737   1   1
   1   3   5   6   4   0   0   0  3.2560   1   1
   1   3   6   4   4   0   0   0 -5.0398   1   1
   1   3   6   4   6   0   0   0  0.4859   1   1
   1   3   6   5   4   0   0   0 -3.4128   1   1
   2   1   4   4   2   0   0   0  1.0053   1   1
   2   1   4   4   4   0   0   0  3.9799   1   1
   2   1   4   4   6   0   0   0 -0.1634   1   1
   2   1   4   4   8   0   0   0  4.4658   1   1
   2   1   4   5   2   0   0   0 -3.4906   1   1
   2   1   4   5   4   0   0   0  1.6522   1   1
   2   1   4   5   6   0   0   0 -1.9980   1   1
   2   1   4   5   8   0   0   0  6.8624   1   1
   2   1   4   6   4   0   0   0  2.3380   1   1
   2   1   4   6   6   0   0   0  0.9565   1   1
   2   1   5   4   2   0   0   0 -0.5074   1   1
   2   1   5   4   4   0   0   0 -0.6359   1   1
   2   1   5   4   6   0   0   0 -0.1731   1   1
   2   1   5   4   8   0   0   0 -3.8545   1   1
   2   1   5   5   2   0   0   0 -1.8952   1   1
   2   1   5   5   4   0   0   0  2.3028   1   1
   2   1   5   5   6   0   0   0 -1.3462   1   1
   2   1   5   6   2   0   0   0 -0.3855   1   1
   2   1   5   6   4   0   0   0 -0.8885   1   1
   2   1   6   4   4   0   0   0  1.2123   1   1
   2   1   6   4   6   0   0   0 -0.5555   1   1
   2   1   6   5   2   0   0   0  0.3202   1   1
   2   1   6   5   4   0   0   0  2.2695   1   1
   2   1   6   6   2   0   0   0  0.9982   1   1
   2   2   4   4   0   0   0   0 -8.5472   1   1
   2   2   4   4   2   0   0   0  0.1984   1   1
   2   2   4   4   4   0   0   0 -4.0910   1   1
   2   2   4   4   6   0   0   0  1.0945   1   1
   2   2   4   5   2   0   0   0  1.7214   1   1
   2   2   4   5   4   0   0   0 -2.2436   1   1
   2   2   4   5   6   0   0   0  1.2811   1   1
   2   2   4   6   4   0   0   0 -3.0654   1   1
   2   2   4   6   6   0   0   0 -0.6534   1   1
   2   2   5   4   2   0   0   0 -1.7214   1   1
   2   2   5   4   4   0   0   0  2.2436   1   1
   2   2   5   4   6   0   0   0 -1.2811   1   1
   2   2   5   5   0   0   0   0 -7.0023   1   1
   2   2   5   5   2   0   0   0  3.3121   1   1
   2   2   5   5   4   0   0   0 -2.8860   1   1
   2   2   5   5   6   0   0   0  1.1859   1   1
   2   2   5   6   2   0   0   0  0.5807   1   1
   2   2   5   6   4   0   0   0  2.1490   1   1
   2   2   6   4   4   0   0   0 -3.0654   1   1
   2   2   6   4   6   0   0   0 -0.6534   1   1
   2   2   6   5   2   0   0   0 -0.5807   1   1
   2   2   6   5   4   0   0   0 -2.1490   1   1
   2   2   6   6   0   0   0   0 -4.0807   1   1
   2   2   6   6   2   0   0   0 -1.1801   1   1
   2   3   4   4   2   0   0   0 -0.1472   1   1
   2   3   4   4   4   0   0   0  2.3374   1   1
   2   3   4   5   2   0   0   0  0.3042   1   1
   2   3   4   5   4   0   0   0  2.1463   1   1
   2   3   4   6   4   0   0   0  3.1147   1   1
   2   3   5   4   2   0   0   0 -0.2504   1   1
   2   3   5   4   4   0   0   0 -0.8847   1   1
   2   3   5   5   2   0   0   0  0.5955   1   1
   2   3   5   5   4   0   0   0  2.1267   1   1
   2   3   5   6   2   0   0   0 -0.3274   1   1
   2   3   5   6   4   0   0   0 -1.0654   1   1
   2   3   6   4   4   0   0   0  3.2989   1   1
   2   3   6   5   2   0   0   0 -0.4334   1   1
   2   3   6   5   4   0   0   0  3.8181   1   1
   2   3   6   6   2   0   0   0 -0.5739   1   1
   3   1   4   4   4   0   0   0 -3.5330   1   1
   3   1   4   4   6   0   0   0  0.6261   1   1
   3   1   4   5   4   0   0   0 -2.3045   1   1
   3   1   4   5   6   0   0   0 -0.9384   1   1
   3   1   4   6   4   0   0   0 -5.0398   1   1
   3   1   4   6   6   0   0   0  0.4859   1   1
   3   1   5   4   4   0   0   0  1.1612   1   1
   3   1   5   4   6   0   0   0 -0.5652   1   1
   3   1   5   5   4   0   0   0 -3.1383   1   1
   3   1   5   5   6   0   0   0 -0.7737   1   1
   3   1   5   6   4   0   0   0  3.4128   1   1
   3   1   6   4   4   0   0   0 -2.1629   1   1
   3   1   6   4   6   0   0   0  0.1431   1   1
   3   1   6   5   4   0   0   0 -3.2560   1   1
   3   2   4   4   2   0   0   0  0.1472   1   1
   3   2   4   4   4   0   0   0 -2.3374   1   1
   3   2   4   5   2   0   0   0 -0.2504   1   1
   3   2   4   5   4   0   0   0 -0.8847   1   1
   3   2   4   6   4   0   0   0 -3.2989   1   1
   3   2   5   4   2   0   0   0  0.3042   1   1
   3   2   5   4   4   0   0   0  2.1463   1   1
   3   2   5   5   2   0   0   0 -0.5955   1   1
   3   2   5   5   4   0   0   0 -2.1267   1   1
   3   2   5   6   2   0   0   0 -0.4334   1   1
   3   2   5   6   4   0   0   0  3.8181   1   1
   3   2   6   4   4   0   0   0 -3.1147   1   1
   3   2   6   5   2   0   0   0 -0.3274   1   1
   3   2   6   5   4   0   0   0 -1.0654   1   1
   3   2   6   6   2   0   0   0  0.5739   1   1
   3   3   4   4   0   0   0   0 -4.0500   1   1
   3   3   4   4   2   0   0   0  1.3855   1   1
   3   3   4   5   2   0   0   0 -0.9867   1   1
   3   3   5   4   2   0   0   0  0.9867   1   1
   3   3   5   5   0   0   0   0 -4.0513   1   1
   3   3   5   5   2   0   0   0 -1.2152   1   1
   3   3   5   6   2   0   0   0 -0.6075   1   1
   3   3   6   5   2   0   0   0  0.6075   1   1
   3   3   6   6   0   0   0   0 -4.2267   1   1
   3   3   6   6   2   0   0   0  1.0560   1   1
   4   4   1   1   0   0   0   0-10.8707   1   1
   4   4   1   1   2   0   0   0  4.7477   1   1
   4   4   1   1   4   0   0   0 -6.5102   1   1
   4   4   1   1   6   0   0   0  2.3180   1   1
   4   4   1   1   8   0   0   0 -1.9932   1   1
   4   4   1   1  10   0   0   0  0.5697   1   1
   4   4   1   2   2   0   0   0 -1.0053   1   1
   4   4   1   2   4   0   0   0 -3.9799   1   1
   4   4   1   2   6   0   0   0  0.1634   1   1
   4   4   1   2   8   0   0   0 -4.4658   1   1
   4   4   1   3   4   0   0   0 -3.5330   1   1
   4   4   1   3   6   0   0   0  0.6261   1   1
   4   4   2   1   2   0   0   0  1.0053   1   1
   4   4   2   1   4   0   0   0  3.9799   1   1
   4   4   2   1   6   0   0   0 -0.1634   1   1
   4   4   2   1   8   0   0   0  4.4658   1   1
   4   4   2   2   0   0   0   0 -8.5472   1   1
   4   4   2   2   2   0   0   0  0.1984   1   1
   4   4   2   2   4   0   0   0 -4.0910   1   1
   4   4   2   2   6   0   0   0  1.0945   1   1
   4   4   2   3   2   0   0   0 -0.1472   1   1
   4   4   2   3   4   0   0   0  2.3374   1   1
   4   4   3   1   4   0   0   0 -3.5330   1   1
   4   4   3   1   6   0   0   0  0.6261   1   1
   4   4   3   2   2   0   0   0  0.1472   1   1
   4   4   3   2   4   0   0   0 -2.3374   1   1
   4   4   3   3   0   0   0   0 -4.0500   1   1
   4   4   3   3   2   0   0   0  1.3855   1   1
   4   5   1   1   2   0   0   0 -1.0399   1   1
   4   5   1   1   4   0   0   0 -4.1366   1   1
   4   5   1   1   6   0   0   0  0.1940   1   1
   4   5   1   1   8   0   0   0 -4.6481   1   1
   4   5   1   2   2   0   0   0 -0.5074   1   1
   4   5   1   2   4   0   0   0 -0.6359   1   1
   4   5   1   2   6   0   0   0 -0.1731   1   1
   4   5   1   2   8   0   0   0 -3.8545   1   1
   4   5   1   3   4   0   0   0 -1.1612   1   1
   4   5   1   3   6   0   0   0  0.5652   1   1
   4   5   2   1   2   0   0   0 -3.4906   1   1
   4   5   2   1   4   0   0   0  1.6522   1   1
   4   5   2   1   6   0   0   0 -1.9980   1   1
   4   5   2   1   8   0   0   0  6.8624   1   1
   4   5   2   2   2   0   0   0  1.7214   1   1
   4   5   2   2   4   0   0   0 -2.2436   1   1
   4   5   2   2   6   0   0   0  1.2811   1   1
   4   5   2   3   2   0   0   0  0.3042   1   1
   4   5   2   3   4   0   0   0  2.1463   1   1
   4   5   3   1   4   0   0   0 -2.3045   1   1
   4   5   3   1   6   0   0   0 -0.9384   1   1
   4   5   3   2   2   0   0   0 -0.2504   1   1
   4   5   3   2   4   0   0   0 -0.8847   1   1
   4   5   3   3   2   0   0   0 -0.9867   1   1
   4   6   1   1   4   0   0   0 -3.7164   1   1
   4   6   1   1   6   0   0   0  0.6594   1   1
   4   6   1   2   4   0   0   0 -1.2123   1   1
   4   6   1   2   6   0   0   0  0.5555   1   1
   4   6   1   3   4   0   0   0 -2.1629   1   1
   4   6   1   3   6   0   0   0  0.1431   1   1
   4   6   2   1   4   0   0   0  2.3380   1   1
   4   6   2   1   6   0   0   0  0.9565   1   1
   4   6   2   2   4   0   0   0 -3.0654   1   1
   4   6   2   2   6   0   0   0 -0.6534   1   1
   4   6   2   3   4   0   0   0  3.1147   1   1
   4   6   3   1   4   0   0   0 -5.0398   1   1
   4   6   3   1   6   0   0   0  0.4859   1   1
   4   6   3   2   4   0   0   0 -3.2989   1   1
   5   4   1   1   2   0   0   0  1.0399   1   1
   5   4   1   1   4   0   0   0  4.1366   1   1
   5   4   1   1   6   0   0   0 -0.1940   1   1
   5   4   1   1   8   0   0   0  4.6481   1   1
   5   4   1   2   2   0   0   0 -3.4906   1   1
   5   4   1   2   4   0   0   0  1.6522   1   1
   5   4   1   2   6   0   0   0 -1.9980   1   1
   5   4   1   2   8   0   0   0  6.8624   1   1
   5   4   1   3   4   0   0   0  2.3045   1   1
   5   4   1   3   6   0   0   0  0.9384   1   1
   5   4   2   1   2   0   0   0 -0.5074   1   1
   5   4   2   1   4   0   0   0 -0.6359   1   1
   5   4   2   1   6   0   0   0 -0.1731   1   1
   5   4   2   1   8   0   0   0 -3.8545   1   1
   5   4   2   2   2   0   0   0 -1.7214   1   1
   5   4   2   2   4   0   0   0  2.2436   1   1
   5   4   2   2   6   0   0   0 -1.2811   1   1
   5   4   2   3   2   0   0   0 -0.2504   1   1
   5   4   2   3   4   0   0   0 -0.8847   1   1
   5   4   3   1   4   0   0   0  1.1612   1   1
   5   4   3   1   6   0   0   0 -0.5652   1   1
   5   4   3   2   2   0   0   0  0.3042   1   1
   5   4   3   2   4   0   0   0  2.1463   1   1
   5   4   3   3   2   0   0   0  0.9867   1   1
   5   5   1   1   0   0   0   0 -9.3457   1   1
   5   5   1   1   2   0   0   0  0.1013   1   1
   5   5   1   1   4   0   0   0 -4.3996   1   1
   5   5   1   1   6   0   0   0  1.0469   1   1
   5   5   1   2   2   0   0   0  1.8952   1   1
   5   5   1   2   4   0   0   0 -2.3028   1   1
   5   5   1   2   6   0   0   0  1.3462   1   1
   5   5   1   3   4   0   0   0 -3.1383   1   1
   5   5   1   3   6   0   0   0 -0.7737   1   1
   5   5   2   1   2   0   0   0 -1.8952   1   1
   5   5   2   1   4   0   0   0  2.3028   1   1
   5   5   2   1   6   0   0   0 -1.3462   1   1
   5   5   2   2   0   0   0   0 -7.0023   1   1
   5   5   2   2   2   0   0   0  3.3121   1   1
   5   5   2   2   4   0   0   0 -2.8860   1   1
   5   5   2   2   6   0   0   0  1.1859   1   1
   5   5   2   3   2   0   0   0  0.5955   1   1
   5   5   2   3   4   0   0   0  2.1267   1   1
   5   5   3   1   4   0   0   0 -3.1383   1   1
   5   5   3   1   6   0   0   0 -0.7737   1   1
   5   5   3   2   2   0   0   0 -0.5955   1   1
   5   5   3   2   4   0   0   0 -2.1267   1   1
   5   5   3   3   0   0   0   0 -4.0513   1   1
   5   5   3   3   2   0   0   0 -1.2152   1   1
   5   6   1   1   2   0   0   0 -0.2206   1   1
   5   6   1   1   4   0   0   0  2.5789   1   1
   5   6   1   2   2   0   0   0  0.3202   1   1
   5   6   1   2   4   0   0   0  2.2695   1   1
   5   6   1   3   4   0   0   0  3.2560   1   1
   5   6   2   1   2   0   0   0 -0.3855   1   1
   5   6   2   1   4   0   0   0 -0.8885   1   1
   5   6   2   2   2   0   0   0  0.5807   1   1
   5   6   2   2   4   0   0   0  2.1490   1   1
   5   6   2   3   2   0   0   0 -0.3274   1   1
   5   6   2   3   4   0   0   0 -1.0654   1   1
   5   6   3   1   4   0   0   0  3.4128   1   1
   5   6   3   2   2   0   0   0 -0.4334   1   1
   5   6   3   2   4   0   0   0  3.8181   1   1
   5   6   3   3   2   0   0   0 -0.6075   1   1
   6   4   1   1   4   0   0   0 -3.7164   1   1
   6   4   1   1   6   0   0   0  0.6594   1   1
   6   4   1   2   4   0   0   0 -2.3380   1   1
   6   4   1   2   6   0   0   0 -0.9565   1   1
   6   4   1   3   4   0   0   0 -5.0398   1   1
   6   4   1   3   6   0   0   0  0.4859   1   1
   6   4   2   1   4   0   0   0  1.2123   1   1
   6   4   2   1   6   0   0   0 -0.5555   1   1
   6   4   2   2   4   0   0   0 -3.0654   1   1
   6   4   2   2   6   0   0   0 -0.6534   1   1
   6   4   2   3   4   0   0   0  3.2989   1   1
   6   4   3   1   4   0   0   0 -2.1629   1   1
   6   4   3   1   6   0   0   0  0.1431   1   1
   6   4   3   2   4   0   0   0 -3.1147   1   1
   6   5   1   1   2   0   0   0  0.2206   1   1
   6   5   1   1   4   0   0   0 -2.5789   1   1
   6   5   1   2   2   0   0   0 -0.3855   1   1
   6   5   1   2   4   0   0   0 -0.8885   1   1
   6   5   1   3   4   0   0   0 -3.4128   1   1
   6   5   2   1   2   0   0   0  0.3202   1   1
   6   5   2   1   4   0   0   0  2.2695   1   1
   6   5   2   2   2   0   0   0 -0.5807   1   1
   6   5   2   2   4   0   0   0 -2.1490   1   1
   6   5   2   3   2   0   0   0 -0.4334   1   1
   6   5   2   3   4   0   0   0  3.8181   1   1
   6   5   3   1   4   0   0   0 -3.2560   1   1
   6   5   3   2   2   0   0   0 -0.3274   1   1
   6   5   3   2   4   0   0   0 -1.0654   1   1
   6   5   3   3   2   0   0   0  0.6075   1   1
   6   6   1   1   0   0   0   0 -4.4279   1   1
   6   6   1   1   2   0   0   0  1.4809   1   1
   6   6   1   2   2   0   0   0 -0.9982   1   1
   6   6   2   1   2   0   0   0  0.9982   1   1
   6   6   2   2   0   0   0   0 -4.0807   1   1
   6   6   2   2   2   0   0   0 -1.1801   1   1
   6   6   2   3   2   0   0   0 -0.5739   1   1
   6   6   3   2   2   0   0   0  0.5739   1   1
   6   6   3   3   0   0   0   0 -4.2267   1   1
   6   6   3   3   2   0   0   0  1.0560   1   1
