############################################################################################################
# initial vector basename: f_180
# final   vector basename: f_180
# Operator file: VCoul.int
# Zero body term: 14.2963
# Jf  nJf     Ji  nJi      Ei          Ef         <Op1b>          <Op2b>         <Op1b+2b>     <Op0b+1b+2b>
###########################################################################################################
 0.0   1     0.0   1     -8.691      -8.691    3.329408e+00    5.735758e-02    3.386766e+00    1.768307e+01
 0.0   1     0.0   2     -8.691      -3.052   -1.144682e-01    2.122166e-02   -9.324657e-02   -9.324657e-02
 0.0   2     0.0   1     -3.052      -8.691    0.000000e+00    0.000000e+00    0.000000e+00    0.000000e+00
 0.0   2     0.0   2     -3.052      -3.052    2.992269e+00    2.235653e-02    3.014625e+00    1.731093e+01
 1.0   1     1.0   1    -11.052     -11.052    3.179545e+00    9.572521e-02    3.275270e+00    1.757157e+01
 1.0   1     1.0   2    -11.052      -4.800    1.842432e-01   -4.183387e-02    1.424093e-01    1.424093e-01
 1.0   2     1.0   1     -4.800     -11.052    0.000000e+00    0.000000e+00    0.000000e+00    0.000000e+00
 1.0   2     1.0   2     -4.800      -4.800    3.099534e+00    4.456372e-02    3.144098e+00    1.744040e+01
