############################################################################################################
# initial vector basename: f_180
# final   vector basename: f_180
# Operator file: Rn2.int
# Zero body term: 5.28667
# Jf  nJf     Ji  nJi      Ei          Ef         <Op1b>          <Op2b>         <Op1b+2b>     <Op0b+1b+2b>
###########################################################################################################
 0.0   1     0.0   1     -8.691      -8.691    1.286048e+00   -3.454814e-02    1.251500e+00    6.538170e+00
 0.0   1     0.0   2     -8.691      -3.052    1.592358e-01   -1.318011e-02    1.460557e-01    1.460557e-01
 0.0   2     0.0   1     -3.052      -8.691    0.000000e+00    0.000000e+00    0.000000e+00    0.000000e+00
 0.0   2     0.0   2     -3.052      -3.052    1.770954e+00   -2.966892e-02    1.741285e+00    7.027955e+00
 1.0   1     1.0   1    -11.052     -11.052    1.448326e+00   -9.783475e-02    1.350491e+00    6.637161e+00
 1.0   1     1.0   2    -11.052      -4.800   -2.306788e-01    5.001518e-02   -1.806636e-01   -1.806636e-01
 1.0   2     1.0   1     -4.800     -11.052    0.000000e+00    0.000000e+00    0.000000e+00    0.000000e+00
 1.0   2     1.0   2     -4.800      -4.800    1.593092e+00   -4.999739e-02    1.543094e+00    6.829764e+00
