############################################################################################################
# initial vector basename: f_180
# final   vector basename: f_180
# Operator file: Iso2.int
# Zero body term: 0.00175355
# Jf  nJf     Ji  nJi      Ei          Ef         <Op1b>          <Op2b>         <Op1b+2b>     <Op0b+1b+2b>
###########################################################################################################
 0.0   1     0.0   1     -8.691      -8.691    1.499899e+00    5.011474e-01    2.001047e+00    2.002800e+00
 0.0   1     0.0   2     -8.691      -3.052    1.556172e-05    1.924228e-04    2.079845e-04    2.079845e-04
 0.0   2     0.0   1     -3.052      -8.691    0.000000e+00    0.000000e+00    0.000000e+00    0.000000e+00
 0.0   2     0.0   2     -3.052      -3.052    1.499950e+00    4.971663e-01    1.997116e+00    1.998870e+00
 1.0   1     1.0   1    -11.052     -11.052    1.499905e+00   -1.499051e+00    8.543110e-04    2.607861e-03
 1.0   1     1.0   2    -11.052      -4.800   -1.745961e-05   -8.000750e-05   -9.746711e-05   -9.746711e-05
 1.0   2     1.0   1     -4.800     -11.052    0.000000e+00    0.000000e+00    0.000000e+00    0.000000e+00
 1.0   2     1.0   2     -4.800      -4.800    1.499928e+00   -1.498038e+00    1.890219e-03    3.643769e-03
