############################################################################################################
# initial vector basename: o_180
# final   vector basename: o_180
# Operator file: VCoul.int
# Zero body term: 14.2963
# Jf  nJf     Ji  nJi      Ei          Ef         <Op1b>          <Op2b>         <Op1b+2b>     <Op0b+1b+2b>
###########################################################################################################
 0.0   1     0.0   1    -12.148     -12.148   -1.033429e-01   -1.454373e-02   -1.178867e-01    1.417841e+01
 0.0   1     0.0   2    -12.148      -6.247   -1.336952e-02   -2.530422e-03   -1.589994e-02   -1.589994e-02
 0.0   2     0.0   1     -6.247     -12.148    0.000000e+00    0.000000e+00    0.000000e+00    0.000000e+00
 0.0   2     0.0   2     -6.247      -6.247   -1.350346e-01    3.389997e-03   -1.316446e-01    1.416466e+01
 1.0   1     1.0   1     -1.937      -1.937   -2.362187e-01    2.276118e-03   -2.339426e-01    1.406236e+01
 1.0   1     1.0   2     -1.937      -0.188   -5.971317e-04    8.640434e-04    2.669117e-04    2.669117e-04
 1.0   2     1.0   1     -0.188      -1.937    0.000000e+00    0.000000e+00    0.000000e+00    0.000000e+00
 1.0   2     1.0   2     -0.188      -0.188   -2.609280e-01    5.011882e-03   -2.559162e-01    1.404038e+01
