      1      4      1      4          10           0  0.366683667803986     
      1      4      1      4           8           0  -2.01620657142857     
      1      4      1      4           6           0   2.47898045918794     
      1      4      1      4           4           0  -6.43996743269059     
      1      4      1      4           2           0   5.05035852234664     
      1      4      1      4           0           0  -10.5724928333333     
      1      4      1      5           8           0  -4.88914386821576     
      1      4      1      5           6           0  0.268234407070237     
      1      4      1      5           4           0  -4.47626739195686     
      1      4      1      5           2           0 -0.981134475249792     
      1      4      1      6           6           0  0.588361885253081     
      1      4      1      6           4           0  -3.75480651647191     
      1      4      2      4           8           0  -4.84693189813645     
      1      4      2      4           6           0  0.248897314569786     
      1      4      2      4           4           0  -4.40206008319546     
      1      4      2      4           2           0  -1.08546861845106     
      1      4      2      5           8           0  -4.68462021227774     
      1      4      2      5           6           0 -0.200873175284862     
      1      4      2      5           4           0 -0.963929655894208     
      1      4      2      5           2           0 -0.663727523761441     
      1      4      2      6           6           0  0.755987960456112     
      1      4      2      6           4           0  -1.21127598156940     
      1      4      3      4           6           0  0.589479480343786     
      1      4      3      4           4           0  -3.62069473845554     
      1      4      3      5           6           0  0.777743887126860     
      1      4      3      5           4           0  -1.19622723134896     
      1      4      3      6           6           0  7.238026936436548E-002
      1      4      3      6           4           0  -2.11189342479178     
      1      5      1      4           8           0   4.88914386821576     
      1      5      1      4           6           0 -0.268234407070237     
      1      5      1      4           4           0   4.47626739195686     
      1      5      1      4           2           0  0.981134475249793     
      1      5      1      5           6           0   1.25345995715129     
      1      5      1      5           4           0  -4.43460566102804     
      1      5      1      5           2           0  0.154796248868045     
      1      5      1      5           0           0  -9.20789332408994     
      1      5      1      6           4           0   2.22072144513122     
      1      5      1      6           2           0 -0.277874237541529     
      1      5      2      4           8           0   7.59102463392857     
      1      5      2      4           6           0  -2.29453038680492     
      1      5      2      4           4           0   1.73867550457687     
      1      5      2      4           2           0  -3.87991401328033     
      1      5      2      5           6           0   1.61868608665823     
      1      5      2      5           4           0  -2.72226574030297     
      1      5      2      5           2           0   2.22177597329463     
      1      5      2      6           4           0   2.16611844040005     
      1      5      2      6           2           0  0.821446704291201     
      1      5      3      4           6           0  0.900137806797874     
      1      5      3      4           4           0   2.36650392484803     
      1      5      3      5           6           0 -0.955955679777331     
      1      5      3      5           4           0  -3.05528248985011     
      1      5      3      6           4           0   3.13170815374956     
      1      6      1      4           6           0  0.588361885253081     
      1      6      1      4           4           0  -3.75480651647191     
      1      6      1      5           4           0  -2.22072144513122     
      1      6      1      5           2           0  0.277874237541529     
      1      6      1      6           2           0   1.47579146669042     
      1      6      1      6           0           0  -4.10861937126923     
      1      6      2      4           6           0 -0.940594542467000     
      1      6      2      4           4           0  -2.44818263006547     
      1      6      2      5           4           0 -0.875940072384405     
      1      6      2      5           2           0 -0.201612227846436     
      1      6      2      6           2           0  -1.11992905636083     
      1      6      3      4           6           0  0.467721869710448     
      1      6      3      4           4           0  -5.14627858624709     
      1      6      3      5           4           0  -3.68371962877894     
      2      4      1      4           8           0   4.84693189813645     
      2      4      1      4           6           0 -0.248897314569787     
      2      4      1      4           4           0   4.40206008319546     
      2      4      1      4           2           0   1.08546861845106     
      2      4      1      5           8           0   7.59102463392857     
      2      4      1      5           6           0  -2.29453038680492     
      2      4      1      5           4           0   1.73867550457687     
      2      4      1      5           2           0  -3.87991401328033     
      2      4      1      6           6           0  0.940594542466999     
      2      4      1      6           4           0   2.44818263006547     
      2      4      2      4           6           0   1.28890600402947     
      2      4      2      4           4           0  -4.40798216773418     
      2      4      2      4           2           0  0.134171276165024     
      2      4      2      4           0           0  -9.22694076045396     
      2      4      2      5           6           0   1.60454706354059     
      2      4      2      5           4           0  -2.79163387484180     
      2      4      2      5           2           0   2.17711801212440     
      2      4      2      6           6           0 -0.986771549431556     
      2      4      2      6           4           0  -3.13714947458269     
      2      4      3      4           4           0   2.13836766453944     
      2      4      3      4           2           0 -0.245010622627161     
      2      4      3      5           4           0   2.11973980909067     
      2      4      3      5           2           0  0.820003634345142     
      2      4      3      6           4           0   3.10940065066204     
      2      5      1      4           8           0  -4.68462021227774     
      2      5      1      4           6           0 -0.200873175284863     
      2      5      1      4           4           0 -0.963929655894208     
      2      5      1      4           2           0 -0.663727523761441     
      2      5      1      5           6           0  -1.61868608665823     
      2      5      1      5           4           0   2.72226574030297     
      2      5      1      5           2           0  -2.22177597329463     
      2      5      1      6           4           0 -0.875940072384405     
      2      5      1      6           2           0 -0.201612227846436     
      2      5      2      4           6           0  -1.60454706354059     
      2      5      2      4           4           0   2.79163387484180     
      2      5      2      4           2           0  -2.17711801212440     
      2      5      2      5           6           0  0.239130279310123     
      2      5      2      5           4           0  -2.40784327854832     
      2      5      2      5           2           0   4.04575502022122     
      2      5      2      5           0           0  -5.66014725000000     
      2      5      2      6           4           0   1.64559982267063     
      2      5      2      6           2           0  0.443681481346593     
      2      5      3      4           4           0 -0.915662689348433     
      2      5      3      4           2           0 -9.861796583379220E-002
      2      5      3      5           4           0   1.63966028883596     
      2      5      3      5           2           0  0.430975695506007     
      2      5      3      6           4           0 -0.821053940073116     
      2      5      3      6           2           0 -0.661071340381969     
      2      6      1      4           6           0 -0.755987960456113     
      2      6      1      4           4           0   1.21127598156940     
      2      6      1      5           4           0   2.16611844040005     
      2      6      1      5           2           0  0.821446704291201     
      2      6      1      6           2           0   1.11992905636083     
      2      6      2      4           6           0 -0.986771549431556     
      2      6      2      4           4           0  -3.13714947458269     
      2      6      2      5           4           0  -1.64559982267063     
      2      6      2      5           2           0 -0.443681481346593     
      2      6      2      6           2           0  -1.15707691114040     
      2      6      2      6           0           0  -3.49836006500889     
      2      6      3      4           4           0   3.65590853330879     
      2      6      3      5           4           0   3.59427718918745     
      2      6      3      5           2           0 -0.492290625236808     
      2      6      3      6           2           0 -0.831704646244086     
      3      4      1      4           6           0  0.589479480343785     
      3      4      1      4           4           0  -3.62069473845554     
      3      4      1      5           6           0 -0.900137806797875     
      3      4      1      5           4           0  -2.36650392484803     
      3      4      1      6           6           0  0.467721869710448     
      3      4      1      6           4           0  -5.14627858624709     
      3      4      2      4           4           0  -2.13836766453944     
      3      4      2      4           2           0  0.245010622627160     
      3      4      2      5           4           0 -0.915662689348433     
      3      4      2      5           2           0 -9.861796583379218E-002
      3      4      2      6           4           0  -3.65590853330879     
      3      4      3      4           2           0   1.48028560851385     
      3      4      3      4           0           0  -3.99201439113964     
      3      4      3      5           2           0  -1.08592852472895     
      3      5      1      4           6           0 -0.777743887126860     
      3      5      1      4           4           0   1.19622723134896     
      3      5      1      5           6           0 -0.955955679777330     
      3      5      1      5           4           0  -3.05528248985011     
      3      5      1      6           4           0   3.68371962877894     
      3      5      2      4           4           0   2.11973980909067     
      3      5      2      4           2           0  0.820003634345142     
      3      5      2      5           4           0  -1.63966028883596     
      3      5      2      5           2           0 -0.430975695506007     
      3      5      2      6           4           0   3.59427718918745     
      3      5      2      6           2           0 -0.492290625236808     
      3      5      3      4           2           0   1.08592852472895     
      3      5      3      5           2           0  -1.14974906797418     
      3      5      3      5           0           0  -3.52136984999879     
      3      5      3      6           2           0 -0.863523518002839     
      3      6      1      4           6           0  7.238026936436570E-002
      3      6      1      4           4           0  -2.11189342479178     
      3      6      1      5           4           0  -3.13170815374956     
      3      6      2      4           4           0  -3.10940065066204     
      3      6      2      5           4           0 -0.821053940073116     
      3      6      2      5           2           0 -0.661071340381968     
      3      6      2      6           2           0  0.831704646244086     
      3      6      3      5           2           0  0.863523518002839     
      3      6      3      6           2           0   1.14613785653690     
      3      6      3      6           0           0  -4.39853700000000     
      4      1      4      1          10           0  0.366683667803986     
      4      1      4      1           8           0  -2.01620657142857     
      4      1      4      1           6           0   2.47898045918794     
      4      1      4      1           4           0  -6.43996743269059     
      4      1      4      1           2           0   5.05035852234664     
      4      1      4      1           0           0  -10.5724928333333     
      4      1      4      2           8           0  -4.84693189813645     
      4      1      4      2           6           0  0.248897314569786     
      4      1      4      2           4           0  -4.40206008319546     
      4      1      4      2           2           0  -1.08546861845106     
      4      1      4      3           6           0  0.589479480343786     
      4      1      4      3           4           0  -3.62069473845554     
      4      1      5      1           8           0  -4.88914386821576     
      4      1      5      1           6           0  0.268234407070236     
      4      1      5      1           4           0  -4.47626739195686     
      4      1      5      1           2           0 -0.981134475249792     
      4      1      5      2           8           0  -4.68462021227774     
      4      1      5      2           6           0 -0.200873175284862     
      4      1      5      2           4           0 -0.963929655894208     
      4      1      5      2           2           0 -0.663727523761441     
      4      1      5      3           6           0  0.777743887126860     
      4      1      5      3           4           0  -1.19622723134896     
      4      1      6      1           6           0  0.588361885253081     
      4      1      6      1           4           0  -3.75480651647191     
      4      1      6      2           6           0  0.755987960456112     
      4      1      6      2           4           0  -1.21127598156940     
      4      1      6      3           6           0  7.238026936436548E-002
      4      1      6      3           4           0  -2.11189342479178     
      4      2      4      1           8           0   4.84693189813645     
      4      2      4      1           6           0 -0.248897314569787     
      4      2      4      1           4           0   4.40206008319546     
      4      2      4      1           2           0   1.08546861845106     
      4      2      4      2           6           0   1.28890600402947     
      4      2      4      2           4           0  -4.40798216773418     
      4      2      4      2           2           0  0.134171276165024     
      4      2      4      2           0           0  -9.22694076045396     
      4      2      4      3           4           0   2.13836766453944     
      4      2      4      3           2           0 -0.245010622627161     
      4      2      5      1           8           0   7.59102463392857     
      4      2      5      1           6           0  -2.29453038680492     
      4      2      5      1           4           0   1.73867550457687     
      4      2      5      1           2           0  -3.87991401328033     
      4      2      5      2           6           0   1.60454706354059     
      4      2      5      2           4           0  -2.79163387484180     
      4      2      5      2           2           0   2.17711801212440     
      4      2      5      3           4           0   2.11973980909067     
      4      2      5      3           2           0  0.820003634345142     
      4      2      6      1           6           0  0.940594542466999     
      4      2      6      1           4           0   2.44818263006547     
      4      2      6      2           6           0 -0.986771549431556     
      4      2      6      2           4           0  -3.13714947458269     
      4      2      6      3           4           0   3.10940065066204     
      4      3      4      1           6           0  0.589479480343785     
      4      3      4      1           4           0  -3.62069473845554     
      4      3      4      2           4           0  -2.13836766453944     
      4      3      4      2           2           0  0.245010622627160     
      4      3      4      3           2           0   1.48028560851385     
      4      3      4      3           0           0  -3.99201439113964     
      4      3      5      1           6           0 -0.900137806797875     
      4      3      5      1           4           0  -2.36650392484803     
      4      3      5      2           4           0 -0.915662689348433     
      4      3      5      2           2           0 -9.861796583379218E-002
      4      3      5      3           2           0  -1.08592852472895     
      4      3      6      1           6           0  0.467721869710448     
      4      3      6      1           4           0  -5.14627858624709     
      4      3      6      2           4           0  -3.65590853330879     
      5      1      4      1           8           0   4.88914386821576     
      5      1      4      1           6           0 -0.268234407070237     
      5      1      4      1           4           0   4.47626739195686     
      5      1      4      1           2           0  0.981134475249793     
      5      1      4      2           8           0   7.59102463392857     
      5      1      4      2           6           0  -2.29453038680492     
      5      1      4      2           4           0   1.73867550457687     
      5      1      4      2           2           0  -3.87991401328033     
      5      1      4      3           6           0  0.900137806797874     
      5      1      4      3           4           0   2.36650392484803     
      5      1      5      1           6           0   1.25345995715129     
      5      1      5      1           4           0  -4.43460566102804     
      5      1      5      1           2           0  0.154796248868045     
      5      1      5      1           0           0  -9.20789332408994     
      5      1      5      2           6           0   1.61868608665823     
      5      1      5      2           4           0  -2.72226574030297     
      5      1      5      2           2           0   2.22177597329463     
      5      1      5      3           6           0 -0.955955679777331     
      5      1      5      3           4           0  -3.05528248985011     
      5      1      6      1           4           0   2.22072144513122     
      5      1      6      1           2           0 -0.277874237541529     
      5      1      6      2           4           0   2.16611844040005     
      5      1      6      2           2           0  0.821446704291201     
      5      1      6      3           4           0   3.13170815374956     
      5      2      4      1           8           0  -4.68462021227774     
      5      2      4      1           6           0 -0.200873175284863     
      5      2      4      1           4           0 -0.963929655894208     
      5      2      4      1           2           0 -0.663727523761441     
      5      2      4      2           6           0  -1.60454706354059     
      5      2      4      2           4           0   2.79163387484180     
      5      2      4      2           2           0  -2.17711801212440     
      5      2      4      3           4           0 -0.915662689348433     
      5      2      4      3           2           0 -9.861796583379220E-002
      5      2      5      1           6           0  -1.61868608665823     
      5      2      5      1           4           0   2.72226574030297     
      5      2      5      1           2           0  -2.22177597329463     
      5      2      5      2           6           0  0.239130279310123     
      5      2      5      2           4           0  -2.40784327854832     
      5      2      5      2           2           0   4.04575502022122     
      5      2      5      2           0           0  -5.66014725000000     
      5      2      5      3           4           0   1.63966028883596     
      5      2      5      3           2           0  0.430975695506007     
      5      2      6      1           4           0 -0.875940072384405     
      5      2      6      1           2           0 -0.201612227846436     
      5      2      6      2           4           0   1.64559982267063     
      5      2      6      2           2           0  0.443681481346593     
      5      2      6      3           4           0 -0.821053940073116     
      5      2      6      3           2           0 -0.661071340381969     
      5      3      4      1           6           0 -0.777743887126860     
      5      3      4      1           4           0   1.19622723134896     
      5      3      4      2           4           0   2.11973980909067     
      5      3      4      2           2           0  0.820003634345142     
      5      3      4      3           2           0   1.08592852472895     
      5      3      5      1           6           0 -0.955955679777330     
      5      3      5      1           4           0  -3.05528248985011     
      5      3      5      2           4           0  -1.63966028883596     
      5      3      5      2           2           0 -0.430975695506007     
      5      3      5      3           2           0  -1.14974906797418     
      5      3      5      3           0           0  -3.52136984999879     
      5      3      6      1           4           0   3.68371962877894     
      5      3      6      2           4           0   3.59427718918745     
      5      3      6      2           2           0 -0.492290625236808     
      5      3      6      3           2           0 -0.863523518002839     
      6      1      4      1           6           0  0.588361885253081     
      6      1      4      1           4           0  -3.75480651647191     
      6      1      4      2           6           0 -0.940594542467000     
      6      1      4      2           4           0  -2.44818263006547     
      6      1      4      3           6           0  0.467721869710448     
      6      1      4      3           4           0  -5.14627858624709     
      6      1      5      1           4           0  -2.22072144513122     
      6      1      5      1           2           0  0.277874237541529     
      6      1      5      2           4           0 -0.875940072384405     
      6      1      5      2           2           0 -0.201612227846436     
      6      1      5      3           4           0  -3.68371962877894     
      6      1      6      1           2           0   1.47579146669042     
      6      1      6      1           0           0  -4.10861937126923     
      6      1      6      2           2           0  -1.11992905636083     
      6      2      4      1           6           0 -0.755987960456113     
      6      2      4      1           4           0   1.21127598156940     
      6      2      4      2           6           0 -0.986771549431556     
      6      2      4      2           4           0  -3.13714947458269     
      6      2      4      3           4           0   3.65590853330879     
      6      2      5      1           4           0   2.16611844040005     
      6      2      5      1           2           0  0.821446704291201     
      6      2      5      2           4           0  -1.64559982267063     
      6      2      5      2           2           0 -0.443681481346593     
      6      2      5      3           4           0   3.59427718918745     
      6      2      5      3           2           0 -0.492290625236808     
      6      2      6      1           2           0   1.11992905636083     
      6      2      6      2           2           0  -1.15707691114040     
      6      2      6      2           0           0  -3.49836006500889     
      6      2      6      3           2           0 -0.831704646244086     
      6      3      4      1           6           0  7.238026936436570E-002
      6      3      4      1           4           0  -2.11189342479178     
      6      3      4      2           4           0  -3.10940065066204     
      6      3      5      1           4           0  -3.13170815374956     
      6      3      5      2           4           0 -0.821053940073116     
      6      3      5      2           2           0 -0.661071340381968     
      6      3      5      3           2           0  0.863523518002839     
      6      3      6      2           2           0  0.831704646244086     
      6      3      6      3           2           0   1.14613785653690     
      6      3      6      3           0           0  -4.39853700000000     
         336          10
   1   1   4   4   0   0   0   0-10.5725   1   1
   1   1   4   4   2   0   0   0  5.0504   1   1
   1   1   4   4   4   0   0   0 -6.4400   1   1
   1   1   4   4   6   0   0   0  2.4790   1   1
   1   1   4   4   8   0   0   0 -2.0162   1   1
   1   1   4   4  10   0   0   0  0.3667   1   1
   1   1   4   5   2   0   0   0 -0.9811   1   1
   1   1   4   5   4   0   0   0 -4.4763   1   1
   1   1   4   5   6   0   0   0  0.2682   1   1
   1   1   4   5   8   0   0   0 -4.8891   1   1
   1   1   4   6   4   0   0   0 -3.7548   1   1
   1   1   4   6   6   0   0   0  0.5884   1   1
   1   1   5   4   2   0   0   0  0.9811   1   1
   1   1   5   4   4   0   0   0  4.4763   1   1
   1   1   5   4   6   0   0   0 -0.2682   1   1
   1   1   5   4   8   0   0   0  4.8891   1   1
   1   1   5   5   0   0   0   0 -9.2079   1   1
   1   1   5   5   2   0   0   0  0.1548   1   1
   1   1   5   5   4   0   0   0 -4.4346   1   1
   1   1   5   5   6   0   0   0  1.2535   1   1
   1   1   5   6   2   0   0   0 -0.2779   1   1
   1   1   5   6   4   0   0   0  2.2207   1   1
   1   1   6   4   4   0   0   0 -3.7548   1   1
   1   1   6   4   6   0   0   0  0.5884   1   1
   1   1   6   5   2   0   0   0  0.2779   1   1
   1   1   6   5   4   0   0   0 -2.2207   1   1
   1   1   6   6   0   0   0   0 -4.1086   1   1
   1   1   6   6   2   0   0   0  1.4758   1   1
   1   2   4   4   2   0   0   0 -1.0855   1   1
   1   2   4   4   4   0   0   0 -4.4021   1   1
   1   2   4   4   6   0   0   0  0.2489   1   1
   1   2   4   4   8   0   0   0 -4.8469   1   1
   1   2   4   5   2   0   0   0 -0.6637   1   1
   1   2   4   5   4   0   0   0 -0.9639   1   1
   1   2   4   5   6   0   0   0 -0.2009   1   1
   1   2   4   5   8   0   0   0 -4.6846   1   1
   1   2   4   6   4   0   0   0 -1.2113   1   1
   1   2   4   6   6   0   0   0  0.7560   1   1
   1   2   5   4   2   0   0   0 -3.8799   1   1
   1   2   5   4   4   0   0   0  1.7387   1   1
   1   2   5   4   6   0   0   0 -2.2945   1   1
   1   2   5   4   8   0   0   0  7.5910   1   1
   1   2   5   5   2   0   0   0  2.2218   1   1
   1   2   5   5   4   0   0   0 -2.7223   1   1
   1   2   5   5   6   0   0   0  1.6187   1   1
   1   2   5   6   2   0   0   0  0.8214   1   1
   1   2   5   6   4   0   0   0  2.1661   1   1
   1   2   6   4   4   0   0   0 -2.4482   1   1
   1   2   6   4   6   0   0   0 -0.9406   1   1
   1   2   6   5   2   0   0   0 -0.2016   1   1
   1   2   6   5   4   0   0   0 -0.8759   1   1
   1   2   6   6   2   0   0   0 -1.1199   1   1
   1   3   4   4   4   0   0   0 -3.6207   1   1
   1   3   4   4   6   0   0   0  0.5895   1   1
   1   3   4   5   4   0   0   0 -1.1962   1   1
   1   3   4   5   6   0   0   0  0.7777   1   1
   1   3   4   6   4   0   0   0 -2.1119   1   1
   1   3   4   6   6   0   0   0  0.0724   1   1
   1   3   5   4   4   0   0   0  2.3665   1   1
   1   3   5   4   6   0   0   0  0.9001   1   1
   1   3   5   5   4   0   0   0 -3.0553   1   1
   1   3   5   5   6   0   0   0 -0.9560   1   1
   1   3   5   6   4   0   0   0  3.1317   1   1
   1   3   6   4   4   0   0   0 -5.1463   1   1
   1   3   6   4   6   0   0   0  0.4677   1   1
   1   3   6   5   4   0   0   0 -3.6837   1   1
   2   1   4   4   2   0   0   0  1.0855   1   1
   2   1   4   4   4   0   0   0  4.4021   1   1
   2   1   4   4   6   0   0   0 -0.2489   1   1
   2   1   4   4   8   0   0   0  4.8469   1   1
   2   1   4   5   2   0   0   0 -3.8799   1   1
   2   1   4   5   4   0   0   0  1.7387   1   1
   2   1   4   5   6   0   0   0 -2.2945   1   1
   2   1   4   5   8   0   0   0  7.5910   1   1
   2   1   4   6   4   0   0   0  2.4482   1   1
   2   1   4   6   6   0   0   0  0.9406   1   1
   2   1   5   4   2   0   0   0 -0.6637   1   1
   2   1   5   4   4   0   0   0 -0.9639   1   1
   2   1   5   4   6   0   0   0 -0.2009   1   1
   2   1   5   4   8   0   0   0 -4.6846   1   1
   2   1   5   5   2   0   0   0 -2.2218   1   1
   2   1   5   5   4   0   0   0  2.7223   1   1
   2   1   5   5   6   0   0   0 -1.6187   1   1
   2   1   5   6   2   0   0   0 -0.2016   1   1
   2   1   5   6   4   0   0   0 -0.8759   1   1
   2   1   6   4   4   0   0   0  1.2113   1   1
   2   1   6   4   6   0   0   0 -0.7560   1   1
   2   1   6   5   2   0   0   0  0.8214   1   1
   2   1   6   5   4   0   0   0  2.1661   1   1
   2   1   6   6   2   0   0   0  1.1199   1   1
   2   2   4   4   0   0   0   0 -9.2269   1   1
   2   2   4   4   2   0   0   0  0.1342   1   1
   2   2   4   4   4   0   0   0 -4.4080   1   1
   2   2   4   4   6   0   0   0  1.2889   1   1
   2   2   4   5   2   0   0   0  2.1771   1   1
   2   2   4   5   4   0   0   0 -2.7916   1   1
   2   2   4   5   6   0   0   0  1.6045   1   1
   2   2   4   6   4   0   0   0 -3.1371   1   1
   2   2   4   6   6   0   0   0 -0.9868   1   1
   2   2   5   4   2   0   0   0 -2.1771   1   1
   2   2   5   4   4   0   0   0  2.7916   1   1
   2   2   5   4   6   0   0   0 -1.6045   1   1
   2   2   5   5   0   0   0   0 -5.6601   1   1
   2   2   5   5   2   0   0   0  4.0458   1   1
   2   2   5   5   4   0   0   0 -2.4078   1   1
   2   2   5   5   6   0   0   0  0.2391   1   1
   2   2   5   6   2   0   0   0  0.4437   1   1
   2   2   5   6   4   0   0   0  1.6456   1   1
   2   2   6   4   4   0   0   0 -3.1371   1   1
   2   2   6   4   6   0   0   0 -0.9868   1   1
   2   2   6   5   2   0   0   0 -0.4437   1   1
   2   2   6   5   4   0   0   0 -1.6456   1   1
   2   2   6   6   0   0   0   0 -3.4984   1   1
   2   2   6   6   2   0   0   0 -1.1571   1   1
   2   3   4   4   2   0   0   0 -0.2450   1   1
   2   3   4   4   4   0   0   0  2.1384   1   1
   2   3   4   5   2   0   0   0  0.8200   1   1
   2   3   4   5   4   0   0   0  2.1197   1   1
   2   3   4   6   4   0   0   0  3.1094   1   1
   2   3   5   4   2   0   0   0 -0.0986   1   1
   2   3   5   4   4   0   0   0 -0.9157   1   1
   2   3   5   5   2   0   0   0  0.4310   1   1
   2   3   5   5   4   0   0   0  1.6397   1   1
   2   3   5   6   2   0   0   0 -0.6611   1   1
   2   3   5   6   4   0   0   0 -0.8211   1   1
   2   3   6   4   4   0   0   0  3.6559   1   1
   2   3   6   5   2   0   0   0 -0.4923   1   1
   2   3   6   5   4   0   0   0  3.5943   1   1
   2   3   6   6   2   0   0   0 -0.8317   1   1
   3   1   4   4   4   0   0   0 -3.6207   1   1
   3   1   4   4   6   0   0   0  0.5895   1   1
   3   1   4   5   4   0   0   0 -2.3665   1   1
   3   1   4   5   6   0   0   0 -0.9001   1   1
   3   1   4   6   4   0   0   0 -5.1463   1   1
   3   1   4   6   6   0   0   0  0.4677   1   1
   3   1   5   4   4   0   0   0  1.1962   1   1
   3   1   5   4   6   0   0   0 -0.7777   1   1
   3   1   5   5   4   0   0   0 -3.0553   1   1
   3   1   5   5   6   0   0   0 -0.9560   1   1
   3   1   5   6   4   0   0   0  3.6837   1   1
   3   1   6   4   4   0   0   0 -2.1119   1   1
   3   1   6   4   6   0   0   0  0.0724   1   1
   3   1   6   5   4   0   0   0 -3.1317   1   1
   3   2   4   4   2   0   0   0  0.2450   1   1
   3   2   4   4   4   0   0   0 -2.1384   1   1
   3   2   4   5   2   0   0   0 -0.0986   1   1
   3   2   4   5   4   0   0   0 -0.9157   1   1
   3   2   4   6   4   0   0   0 -3.6559   1   1
   3   2   5   4   2   0   0   0  0.8200   1   1
   3   2   5   4   4   0   0   0  2.1197   1   1
   3   2   5   5   2   0   0   0 -0.4310   1   1
   3   2   5   5   4   0   0   0 -1.6397   1   1
   3   2   5   6   2   0   0   0 -0.4923   1   1
   3   2   5   6   4   0   0   0  3.5943   1   1
   3   2   6   4   4   0   0   0 -3.1094   1   1
   3   2   6   5   2   0   0   0 -0.6611   1   1
   3   2   6   5   4   0   0   0 -0.8211   1   1
   3   2   6   6   2   0   0   0  0.8317   1   1
   3   3   4   4   0   0   0   0 -3.9920   1   1
   3   3   4   4   2   0   0   0  1.4803   1   1
   3   3   4   5   2   0   0   0 -1.0859   1   1
   3   3   5   4   2   0   0   0  1.0859   1   1
   3   3   5   5   0   0   0   0 -3.5214   1   1
   3   3   5   5   2   0   0   0 -1.1497   1   1
   3   3   5   6   2   0   0   0 -0.8635   1   1
   3   3   6   5   2   0   0   0  0.8635   1   1
   3   3   6   6   0   0   0   0 -4.3985   1   1
   3   3   6   6   2   0   0   0  1.1461   1   1
   4   4   1   1   0   0   0   0-10.5725   1   1
   4   4   1   1   2   0   0   0  5.0504   1   1
   4   4   1   1   4   0   0   0 -6.4400   1   1
   4   4   1   1   6   0   0   0  2.4790   1   1
   4   4   1   1   8   0   0   0 -2.0162   1   1
   4   4   1   1  10   0   0   0  0.3667   1   1
   4   4   1   2   2   0   0   0 -1.0855   1   1
   4   4   1   2   4   0   0   0 -4.4021   1   1
   4   4   1   2   6   0   0   0  0.2489   1   1
   4   4   1   2   8   0   0   0 -4.8469   1   1
   4   4   1   3   4   0   0   0 -3.6207   1   1
   4   4   1   3   6   0   0   0  0.5895   1   1
   4   4   2   1   2   0   0   0  1.0855   1   1
   4   4   2   1   4   0   0   0  4.4021   1   1
   4   4   2   1   6   0   0   0 -0.2489   1   1
   4   4   2   1   8   0   0   0  4.8469   1   1
   4   4   2   2   0   0   0   0 -9.2269   1   1
   4   4   2   2   2   0   0   0  0.1342   1   1
   4   4   2   2   4   0   0   0 -4.4080   1   1
   4   4   2   2   6   0   0   0  1.2889   1   1
   4   4   2   3   2   0   0   0 -0.2450   1   1
   4   4   2   3   4   0   0   0  2.1384   1   1
   4   4   3   1   4   0   0   0 -3.6207   1   1
   4   4   3   1   6   0   0   0  0.5895   1   1
   4   4   3   2   2   0   0   0  0.2450   1   1
   4   4   3   2   4   0   0   0 -2.1384   1   1
   4   4   3   3   0   0   0   0 -3.9920   1   1
   4   4   3   3   2   0   0   0  1.4803   1   1
   4   5   1   1   2   0   0   0 -0.9811   1   1
   4   5   1   1   4   0   0   0 -4.4763   1   1
   4   5   1   1   6   0   0   0  0.2682   1   1
   4   5   1   1   8   0   0   0 -4.8891   1   1
   4   5   1   2   2   0   0   0 -0.6637   1   1
   4   5   1   2   4   0   0   0 -0.9639   1   1
   4   5   1   2   6   0   0   0 -0.2009   1   1
   4   5   1   2   8   0   0   0 -4.6846   1   1
   4   5   1   3   4   0   0   0 -1.1962   1   1
   4   5   1   3   6   0   0   0  0.7777   1   1
   4   5   2   1   2   0   0   0 -3.8799   1   1
   4   5   2   1   4   0   0   0  1.7387   1   1
   4   5   2   1   6   0   0   0 -2.2945   1   1
   4   5   2   1   8   0   0   0  7.5910   1   1
   4   5   2   2   2   0   0   0  2.1771   1   1
   4   5   2   2   4   0   0   0 -2.7916   1   1
   4   5   2   2   6   0   0   0  1.6045   1   1
   4   5   2   3   2   0   0   0  0.8200   1   1
   4   5   2   3   4   0   0   0  2.1197   1   1
   4   5   3   1   4   0   0   0 -2.3665   1   1
   4   5   3   1   6   0   0   0 -0.9001   1   1
   4   5   3   2   2   0   0   0 -0.0986   1   1
   4   5   3   2   4   0   0   0 -0.9157   1   1
   4   5   3   3   2   0   0   0 -1.0859   1   1
   4   6   1   1   4   0   0   0 -3.7548   1   1
   4   6   1   1   6   0   0   0  0.5884   1   1
   4   6   1   2   4   0   0   0 -1.2113   1   1
   4   6   1   2   6   0   0   0  0.7560   1   1
   4   6   1   3   4   0   0   0 -2.1119   1   1
   4   6   1   3   6   0   0   0  0.0724   1   1
   4   6   2   1   4   0   0   0  2.4482   1   1
   4   6   2   1   6   0   0   0  0.9406   1   1
   4   6   2   2   4   0   0   0 -3.1371   1   1
   4   6   2   2   6   0   0   0 -0.9868   1   1
   4   6   2   3   4   0   0   0  3.1094   1   1
   4   6   3   1   4   0   0   0 -5.1463   1   1
   4   6   3   1   6   0   0   0  0.4677   1   1
   4   6   3   2   4   0   0   0 -3.6559   1   1
   5   4   1   1   2   0   0   0  0.9811   1   1
   5   4   1   1   4   0   0   0  4.4763   1   1
   5   4   1   1   6   0   0   0 -0.2682   1   1
   5   4   1   1   8   0   0   0  4.8891   1   1
   5   4   1   2   2   0   0   0 -3.8799   1   1
   5   4   1   2   4   0   0   0  1.7387   1   1
   5   4   1   2   6   0   0   0 -2.2945   1   1
   5   4   1   2   8   0   0   0  7.5910   1   1
   5   4   1   3   4   0   0   0  2.3665   1   1
   5   4   1   3   6   0   0   0  0.9001   1   1
   5   4   2   1   2   0   0   0 -0.6637   1   1
   5   4   2   1   4   0   0   0 -0.9639   1   1
   5   4   2   1   6   0   0   0 -0.2009   1   1
   5   4   2   1   8   0   0   0 -4.6846   1   1
   5   4   2   2   2   0   0   0 -2.1771   1   1
   5   4   2   2   4   0   0   0  2.7916   1   1
   5   4   2   2   6   0   0   0 -1.6045   1   1
   5   4   2   3   2   0   0   0 -0.0986   1   1
   5   4   2   3   4   0   0   0 -0.9157   1   1
   5   4   3   1   4   0   0   0  1.1962   1   1
   5   4   3   1   6   0   0   0 -0.7777   1   1
   5   4   3   2   2   0   0   0  0.8200   1   1
   5   4   3   2   4   0   0   0  2.1197   1   1
   5   4   3   3   2   0   0   0  1.0859   1   1
   5   5   1   1   0   0   0   0 -9.2079   1   1
   5   5   1   1   2   0   0   0  0.1548   1   1
   5   5   1   1   4   0   0   0 -4.4346   1   1
   5   5   1   1   6   0   0   0  1.2535   1   1
   5   5   1   2   2   0   0   0  2.2218   1   1
   5   5   1   2   4   0   0   0 -2.7223   1   1
   5   5   1   2   6   0   0   0  1.6187   1   1
   5   5   1   3   4   0   0   0 -3.0553   1   1
   5   5   1   3   6   0   0   0 -0.9560   1   1
   5   5   2   1   2   0   0   0 -2.2218   1   1
   5   5   2   1   4   0   0   0  2.7223   1   1
   5   5   2   1   6   0   0   0 -1.6187   1   1
   5   5   2   2   0   0   0   0 -5.6601   1   1
   5   5   2   2   2   0   0   0  4.0458   1   1
   5   5   2   2   4   0   0   0 -2.4078   1   1
   5   5   2   2   6   0   0   0  0.2391   1   1
   5   5   2   3   2   0   0   0  0.4310   1   1
   5   5   2   3   4   0   0   0  1.6397   1   1
   5   5   3   1   4   0   0   0 -3.0553   1   1
   5   5   3   1   6   0   0   0 -0.9560   1   1
   5   5   3   2   2   0   0   0 -0.4310   1   1
   5   5   3   2   4   0   0   0 -1.6397   1   1
   5   5   3   3   0   0   0   0 -3.5214   1   1
   5   5   3   3   2   0   0   0 -1.1497   1   1
   5   6   1   1   2   0   0   0 -0.2779   1   1
   5   6   1   1   4   0   0   0  2.2207   1   1
   5   6   1   2   2   0   0   0  0.8214   1   1
   5   6   1   2   4   0   0   0  2.1661   1   1
   5   6   1   3   4   0   0   0  3.1317   1   1
   5   6   2   1   2   0   0   0 -0.2016   1   1
   5   6   2   1   4   0   0   0 -0.8759   1   1
   5   6   2   2   2   0   0   0  0.4437   1   1
   5   6   2   2   4   0   0   0  1.6456   1   1
   5   6   2   3   2   0   0   0 -0.6611   1   1
   5   6   2   3   4   0   0   0 -0.8211   1   1
   5   6   3   1   4   0   0   0  3.6837   1   1
   5   6   3   2   2   0   0   0 -0.4923   1   1
   5   6   3   2   4   0   0   0  3.5943   1   1
   5   6   3   3   2   0   0   0 -0.8635   1   1
   6   4   1   1   4   0   0   0 -3.7548   1   1
   6   4   1   1   6   0   0   0  0.5884   1   1
   6   4   1   2   4   0   0   0 -2.4482   1   1
   6   4   1   2   6   0   0   0 -0.9406   1   1
   6   4   1   3   4   0   0   0 -5.1463   1   1
   6   4   1   3   6   0   0   0  0.4677   1   1
   6   4   2   1   4   0   0   0  1.2113   1   1
   6   4   2   1   6   0   0   0 -0.7560   1   1
   6   4   2   2   4   0   0   0 -3.1371   1   1
   6   4   2   2   6   0   0   0 -0.9868   1   1
   6   4   2   3   4   0   0   0  3.6559   1   1
   6   4   3   1   4   0   0   0 -2.1119   1   1
   6   4   3   1   6   0   0   0  0.0724   1   1
   6   4   3   2   4   0   0   0 -3.1094   1   1
   6   5   1   1   2   0   0   0  0.2779   1   1
   6   5   1   1   4   0   0   0 -2.2207   1   1
   6   5   1   2   2   0   0   0 -0.2016   1   1
   6   5   1   2   4   0   0   0 -0.8759   1   1
   6   5   1   3   4   0   0   0 -3.6837   1   1
   6   5   2   1   2   0   0   0  0.8214   1   1
   6   5   2   1   4   0   0   0  2.1661   1   1
   6   5   2   2   2   0   0   0 -0.4437   1   1
   6   5   2   2   4   0   0   0 -1.6456   1   1
   6   5   2   3   2   0   0   0 -0.4923   1   1
   6   5   2   3   4   0   0   0  3.5943   1   1
   6   5   3   1   4   0   0   0 -3.1317   1   1
   6   5   3   2   2   0   0   0 -0.6611   1   1
   6   5   3   2   4   0   0   0 -0.8211   1   1
   6   5   3   3   2   0   0   0  0.8635   1   1
   6   6   1   1   0   0   0   0 -4.1086   1   1
   6   6   1   1   2   0   0   0  1.4758   1   1
   6   6   1   2   2   0   0   0 -1.1199   1   1
   6   6   2   1   2   0   0   0  1.1199   1   1
   6   6   2   2   0   0   0   0 -3.4984   1   1
   6   6   2   2   2   0   0   0 -1.1571   1   1
   6   6   2   3   2   0   0   0 -0.8317   1   1
   6   6   3   2   2   0   0   0  0.8317   1   1
   6   6   3   3   0   0   0   0 -4.3985   1   1
   6   6   3   3   2   0   0   0  1.1461   1   1
