 ! Total Interaction
 256
   1   4   1   4     0     0   0.0000
   1   4   2   5     0     0   0.0000
   2   5   2   5     0     0   0.0000
   1   4   3   6     0     0   0.0000
   2   5   3   6     0     0   0.0000
   3   6   3   6     0     0   0.0000
   1   4   1   4     1     0  -1.7052
   1   4   2   4     1     0  -4.1343
   2   4   2   4     1     0  -6.0091
   1   5   2   4     1     0   6.5416
   1   4   1   5     1     0   4.1554
   1   5   1   5     1     0  -6.0249
   1   4   2   5     1     0   1.4086
   2   4   2   5     1     0  -0.1652
   1   5   2   5     1     0   0.2183
   2   5   2   5     1     0  -0.4944
   1   4   3   5     1     0  -0.0454
   2   4   3   5     1     0   2.3291
   1   5   3   5     1     0  -2.2799
   2   5   3   5     1     0   1.3354
   3   5   3   5     1     0  -3.5396
   2   6   3   5     1     0   3.8764
   1   4   2   6     1     0   0.0670
   2   4   2   6     1     0  -2.3466
   1   5   2   6     1     0   2.3658
   2   5   2   6     1     0  -1.3447
   2   6   2   6     1     0  -3.5300
   1   4   3   6     1     0  -0.9582
   2   4   3   6     1     0  -2.5388
   1   5   3   6     1     0   2.5570
   2   5   3   6     1     0  -0.0115
   3   5   3   6     1     0   0.7051
   2   6   3   6     1     0  -0.6791
   3   6   3   6     1     0  -2.5301
   1   4   1   4     2     0   0.0000
   1   4   2   4     2     0   0.0000
   2   4   2   4     2     0   0.0000
   1   5   2   4     2     0   0.0000
   1   6   2   4     2     0   0.0000
   1   4   3   4     2     0   0.0000
   2   4   3   4     2     0   0.0000
   3   4   3   4     2     0   0.0000
   1   5   3   4     2     0   0.0000
   2   5   3   4     2     0   0.0000
   1   6   3   4     2     0   0.0000
   2   6   3   4     2     0   0.0000
   1   4   1   5     2     0   0.0000
   1   5   1   5     2     0   0.0000
   1   4   2   5     2     0   0.0000
   2   4   2   5     2     0   0.0000
   1   5   2   5     2     0   0.0000
   2   5   2   5     2     0   0.0000
   1   6   2   5     2     0   0.0000
   1   4   3   5     2     0   0.0000
   2   4   3   5     2     0   0.0000
   3   4   3   5     2     0   0.0000
   1   5   3   5     2     0   0.0000
   2   5   3   5     2     0   0.0000
   3   5   3   5     2     0   0.0000
   1   6   3   5     2     0   0.0000
   2   6   3   5     2     0   0.0000
   1   4   1   6     2     0   0.0000
   1   5   1   6     2     0   0.0000
   1   6   1   6     2     0   0.0000
   1   4   2   6     2     0   0.0000
   2   4   2   6     2     0   0.0000
   1   5   2   6     2     0   0.0000
   2   5   2   6     2     0   0.0000
   1   6   2   6     2     0   0.0000
   2   6   2   6     2     0   0.0000
   1   4   1   4     3     0  -1.2010
   1   4   2   4     3     0  -1.7764
   2   4   2   4     3     0  -0.9583
   1   5   2   4     3     0   1.3471
   1   6   2   4     3     0  -1.5078
   1   4   3   4     3     0  -1.8336
   2   4   3   4     3     0  -1.0845
   3   4   3   4     3     0  -3.0271
   1   5   3   4     3     0   1.4598
   2   5   3   4     3     0   0.1237
   1   6   3   4     3     0  -3.8947
   1   4   1   5     3     0   1.7658
   1   5   1   5     3     0  -0.9477
   1   4   2   5     3     0   0.2953
   2   4   2   5     3     0  -1.9861
   1   5   2   5     3     0   1.9820
   2   5   2   5     3     0  -2.7399
   1   6   2   5     3     0   0.0647
   1   4   1   6     3     0  -1.8954
   1   5   1   6     3     0   1.1407
   1   6   1   6     3     0  -3.0922
   1   4   1   4     4     0   0.0000
   1   4   2   4     4     0   0.0000
   2   4   2   4     4     0   0.0000
   1   5   2   4     4     0   0.0000
   1   4   1   5     4     0   0.0000
   1   5   1   5     4     0   0.0000
   1   4   1   4     5     0  -3.8152
   1   1   1   1     0     1  -1.7728
   1   1   2   2     0     1  -3.6237
   2   2   2   2     0     1  -0.3222
   1   1   3   3     0     1  -1.2264
   2   2   3   3     0     1  -0.9924
   3   3   3   3     0     1  -0.7748
   1   4   1   4     0     1  -2.4165
   4   4   4   4     0     1  -2.3114
   1   4   2   5     0     1  -3.6519
   2   5   2   5     0     1  -0.8510
   4   4   5   5     0     1  -3.4674
   5   5   5   5     0     1  -0.7641
   1   4   3   6     0     1  -1.3079
   2   5   3   6     0     1  -1.0539
   3   6   3   6     0     1  -1.2067
   4   4   6   6     0     1  -1.2799
   5   5   6   6     0     1  -0.9897
   6   6   6   6     0     1  -1.1482
   1   2   1   2     1     1   0.5660
   1   2   2   3     1     1   0.0285
   2   3   2   3     1     1   0.4714
   1   4   1   4     1     1   0.0000
   1   4   2   4     1     1   0.0000
   2   4   2   4     1     1   0.0000
   1   5   2   4     1     1   0.0000
   1   4   1   5     1     1   0.0000
   1   5   1   5     1     1   0.0000
   1   4   2   5     1     1   0.0000
   2   4   2   5     1     1   0.0000
   1   5   2   5     1     1   0.0000
   2   5   2   5     1     1   0.0000
   1   4   3   5     1     1   0.0000
   2   4   3   5     1     1   0.0000
   1   5   3   5     1     1   0.0000
   2   5   3   5     1     1   0.0000
   3   5   3   5     1     1   0.0000
   2   6   3   5     1     1   0.0000
   4   5   4   5     1     1   0.2179
   1   4   2   6     1     1   0.0000
   2   4   2   6     1     1   0.0000
   1   5   2   6     1     1   0.0000
   2   5   2   6     1     1   0.0000
   2   6   2   6     1     1   0.0000
   1   4   3   6     1     1   0.0000
   2   4   3   6     1     1   0.0000
   1   5   3   6     1     1   0.0000
   2   5   3   6     1     1   0.0000
   3   5   3   6     1     1   0.0000
   2   6   3   6     1     1   0.0000
   3   6   3   6     1     1   0.0000
   4   5   5   6     1     1   0.0031
   5   6   5   6     1     1   0.1401
   1   1   1   1     2     1  -0.4592
   1   1   1   2     2     1  -0.2457
   1   2   1   2     2     1   0.5204
   1   1   2   2     2     1  -0.8248
   1   2   2   2     2     1  -0.6856
   2   2   2   2     2     1   0.1503
   1   3   2   2     2     1  -0.5574
   1   1   1   3     2     1  -0.7930
   1   2   1   3     2     1   0.0500
   1   3   1   3     2     1  -0.4106
   1   1   2   3     2     1   0.8700
   1   2   2   3     2     1   0.6733
   2   2   2   3     2     1   0.2461
   1   3   2   3     2     1   1.1183
   2   3   2   3     2     1   0.0725
   1   4   1   4     2     1  -0.9205
   1   4   2   4     2     1   0.2347
   2   4   2   4     2     1  -4.1598
   1   5   2   4     2     1  -4.3850
   1   6   2   4     2     1  -1.5231
   1   4   3   4     2     1  -0.8221
   2   4   3   4     2     1   1.4351
   3   4   3   4     2     1  -1.2936
   1   5   3   4     2     1   1.4646
   2   5   3   4     2     1  -0.5638
   1   6   3   4     2     1  -0.3547
   2   6   3   4     2     1   3.2699
   4   4   4   4     2     1  -0.9079
   1   4   1   5     2     1  -0.2558
   1   5   1   5     2     1  -4.1170
   1   4   2   5     2     1  -0.8315
   2   4   2   5     2     1   0.7100
   1   5   2   5     2     1  -0.6770
   2   5   2   5     2     1  -0.2254
   1   6   2   5     2     1  -0.5633
   1   4   3   5     2     1  -0.9017
   2   4   3   5     2     1  -0.9368
   3   4   3   5     2     1   0.9713
   1   5   3   5     2     1  -2.2539
   2   5   3   5     2     1  -0.2825
   3   5   3   5     2     1  -1.8602
   1   6   3   5     2     1  -3.2948
   2   6   3   5     2     1  -1.2300
   4   4   4   5     2     1  -0.2157
   4   5   4   5     2     1   0.1303
   4   4   5   5     2     1  -0.7750
   4   5   5   5     2     1  -0.6674
   5   5   5   5     2     1  -0.2139
   4   6   5   5     2     1  -0.5390
   1   4   1   6     2     1  -0.8651
   1   5   1   6     2     1  -1.4783
   1   6   1   6     2     1  -1.3640
   1   4   2   6     2     1   0.9015
   2   4   2   6     2     1  -2.3127
   1   5   2   6     2     1  -0.9671
   2   5   2   6     2     1   0.2774
   1   6   2   6     2     1  -1.0017
   2   6   2   6     2     1  -1.8400
   4   4   4   6     2     1  -0.8395
   4   5   4   6     2     1   0.0332
   4   6   4   6     2     1  -0.8219
   4   4   5   6     2     1   0.8884
   4   5   5   6     2     1   0.6263
   5   5   5   6     2     1   0.2409
   4   6   5   6     2     1   1.1188
   5   6   5   6     2     1  -0.2802
   1   2   1   2     3     1   0.5117
   1   2   1   3     3     1  -0.1566
   1   3   1   3     3     1   0.7548
   1   4   1   4     3     1   0.0000
   1   4   2   4     3     1   0.0000
   2   4   2   4     3     1   0.0000
   1   5   2   4     3     1   0.0000
   1   6   2   4     3     1   0.0000
   1   4   3   4     3     1   0.0000
   2   4   3   4     3     1   0.0000
   3   4   3   4     3     1   0.0000
   1   5   3   4     3     1   0.0000
   2   5   3   4     3     1   0.0000
   1   6   3   4     3     1   0.0000
   1   4   1   5     3     1   0.0000
   1   5   1   5     3     1   0.0000
   1   4   2   5     3     1   0.0000
   2   4   2   5     3     1   0.0000
   1   5   2   5     3     1   0.0000
   2   5   2   5     3     1   0.0000
   1   6   2   5     3     1   0.0000
   4   5   4   5     3     1   0.1849
   1   4   1   6     3     1   0.0000
   1   5   1   6     3     1   0.0000
   1   6   1   6     3     1   0.0000
   4   5   4   6     3     1  -0.1757
   4   6   4   6     3     1   0.4046
   1   1   1   1     4     1   0.3078
   1   1   1   2     4     1  -1.2682
   1   2   1   2     4     1  -0.5313
   1   4   1   4     4     1  -0.1030
   1   4   2   4     4     1   1.2728
   2   4   2   4     4     1  -4.9856
   1   5   2   4     4     1  -3.1027
   4   4   4   4     4     1  -0.0875
   1   4   1   5     4     1  -1.3331
   1   5   1   5     4     1  -4.9917
   4   4   4   5     4     1  -1.2817
   4   5   4   5     4     1  -0.8743
   1   4   1   4     5     1   0.0000
