# One and two body transition densities
#
# One-body basis:
# i   n   l   2j  2tz (proton=+1)
  0   0   2   5   1
  1   0   2   3   1
  2   1   0   1   1
  3   0   2   5  -1
  4   0   2   3  -1
  5   1   0   1  -1
# Two-body basis: 
# i   a   b   J
  0   0   0   0
  1   0   0   2
  2   0   0   4
  3   0   1   1
  4   0   1   2
  5   0   1   3
  6   0   1   4
  7   0   2   2
  8   0   2   3
  9   0   3   0
 10   0   3   1
 11   0   3   2
 12   0   3   3
 13   0   3   4
 14   0   3   5
 15   0   4   1
 16   0   4   2
 17   0   4   3
 18   0   4   4
 19   0   5   2
 20   0   5   3
 21   1   1   0
 22   1   1   2
 23   1   2   1
 24   1   2   2
 25   1   3   1
 26   1   3   2
 27   1   3   3
 28   1   3   4
 29   1   4   0
 30   1   4   1
 31   1   4   2
 32   1   4   3
 33   1   5   1
 34   1   5   2
 35   2   2   0
 36   2   3   2
 37   2   3   3
 38   2   4   1
 39   2   4   2
 40   2   5   0
 41   2   5   1
 42   3   3   0
 43   3   3   2
 44   3   3   4
 45   3   4   1
 46   3   4   2
 47   3   4   3
 48   3   4   4
 49   3   5   2
 50   3   5   3
 51   4   4   0
 52   4   4   2
 53   4   5   1
 54   4   5   2
 55   5   5   0

Jf nJf  Ji nJi  Lambda =   0 1      0 1      0
-------------- OBTD ---------------------
  3   0  -0.48225782
  4   1  -0.10715653
  5   2  -0.01304886

-------------- TBTD ---------------------
  9   0  -0.57016525
  9  21  -0.19794676
  9  35  -0.13670151
 10   3   0.12460046
 10  23  -0.02675780
 11   1  -0.18052527
 11   4   0.13666757
 11   7   0.04262355
 11  22   0.02458496
 11  24   0.01317903
 12   5   0.04385132
 12   8   0.01622011
 13   2  -0.35563799
 13   6  -0.06295702
 15   3  -0.04723979
 15  23   0.00357172
 16   1   0.07154328
 16   4  -0.06984040
 16   7   0.00698977
 16  22  -0.00988504
 16  24   0.00220992
 17   5  -0.01364617
 17   8  -0.03521101
 18   2  -0.08822460
 18   6  -0.06204733
 19   1   0.03352814
 19   4  -0.00440810
 19   7   0.00802454
 19  22   0.00383188
 19  24  -0.00190604
 20   5   0.00698532
 20   8  -0.00761798
 25   3   0.02179759
 25  23  -0.00039545
 26   1  -0.11990343
 26   4   0.07551283
 26   7   0.00324025
 26  22   0.01571793
 26  24   0.01440344
 27   5  -0.02688732
 27   8  -0.00060529
 28   2  -0.00028919
 28   6   0.03915401
 29   0  -0.19541060
 29  21  -0.07357843
 29  35  -0.05053994
 30   3  -0.00143960
 30  23   0.00150717
 31   1   0.02467552
 31   4  -0.01800930
 31   7  -0.00773483
 31  22  -0.00985556
 31  24  -0.00142101
 32   5  -0.00490232
 32   8  -0.00373493
 33   3   0.00262594
 33  23   0.00018420
 34   1  -0.01933367
 34   4  -0.00274412
 34   7  -0.01170869
 34  22  -0.00168526
 34  24   0.00060767
 36   1   0.02710259
 36   4   0.00853970
 36   7  -0.04947444
 36  22  -0.01494120
 36  24  -0.00831927
 37   5   0.04303134
 37   8   0.08597991
 38   3   0.00059512
 38  23  -0.00703243
 39   1  -0.03759065
 39   4   0.00946948
 39   7  -0.00137412
 39  22   0.00026040
 39  24   0.01578711
 40   0  -0.13461799
 40  21  -0.05052424
 40  35  -0.03876896
 41   3   0.03472956
 41  23  -0.00361806
 42   9   0.18490725
 42  29   0.06287777
 42  40   0.06955592
 43  11  -0.31263883
 43  16   0.08522167
 43  19  -0.04253113
 43  26  -0.03992627
 43  31  -0.01945566
 43  34   0.06378931
 43  36  -0.03473452
 43  39  -0.00651173
 44  13  -0.24362768
 44  18  -0.01081074
 44  28   0.09908615
 45  10  -0.12158054
 45  15  -0.00241064
 45  25  -0.07033122
 45  30   0.00141114
 45  33   0.00439843
 45  38   0.00679536
 45  41  -0.03417223
 46  11   0.08998900
 46  16  -0.02502155
 46  19   0.02566082
 46  26   0.02143770
 46  31   0.00603924
 46  34  -0.01262982
 46  36   0.01176584
 46  39   0.00617565
 47  12  -0.04303647
 47  17  -0.02964415
 47  20  -0.02885681
 47  27  -0.01808624
 47  32   0.00445032
 47  37  -0.02068504
 48  13  -0.07521670
 48  18  -0.02625165
 48  28   0.05030121
 49  11  -0.05371794
 49  16   0.01264343
 49  19  -0.07382347
 49  26  -0.02328632
 49  31  -0.01705387
 49  34   0.01634830
 49  36  -0.01715105
 49  39  -0.00317003
 50  12  -0.01694998
 50  17   0.01307124
 50  20  -0.08292860
 50  27  -0.02174507
 50  32   0.00353908
 50  37   0.00556486
 51   9   0.06223465
 51  29   0.01815263
 51  40   0.02114395
 52  11  -0.01763669
 52  16   0.00121896
 52  19  -0.02053881
 52  26  -0.00663268
 52  31  -0.00855756
 52  34   0.00438148
 52  36  -0.00266622
 52  39  -0.00286012
 53  10   0.02578609
 53  15   0.00346382
 53  25   0.00734229
 53  30  -0.00143484
 53  33  -0.00919401
 53  38  -0.00216667
 53  41   0.00346410
 54  11   0.04851857
 54  16  -0.01694746
 54  19   0.00646797
 54  26   0.00106050
 54  31   0.00536452
 54  34  -0.01914218
 54  36   0.01257383
 54  39   0.00291201
 55   9   0.06805119
 55  29   0.02092743
 55  40   0.01868926

Jf nJf  Ji nJi  Lambda =   0 2      0 1      0
-------------- OBTD ---------------------
  3   0  -0.10788564
  4   1  -0.01297025
  5   2   0.20005455

-------------- TBTD ---------------------
  9   0   0.09003681
  9  21   0.03158724
  9  35   0.02656813
 10   3   0.02907356
 10  23  -0.01382927
 11   1  -0.04489053
 11   4   0.03003870
 11   7   0.02659121
 11  22   0.01383036
 11  24   0.01391973
 12   5   0.01170600
 12   8   0.07395285
 13   2  -0.10965184
 13   6  -0.08234253
 15   3   0.01108152
 15  23  -0.00311665
 16   1   0.01615180
 16   4  -0.02734302
 16   7   0.02512728
 16  22   0.00092486
 16  24   0.00023319
 17   5  -0.00716303
 17   8  -0.02624689
 18   2  -0.05295862
 18   6  -0.00715000
 19   1   0.03362029
 19   4  -0.01345291
 19   7   0.12517377
 19  22   0.01816843
 19  24  -0.01185459
 20   5   0.02833962
 20   8   0.10720636
 25   3  -0.02215684
 25  23   0.00786217
 26   1  -0.06383343
 26   4   0.03104189
 26   7   0.02404186
 26  22   0.01101410
 26  24   0.01058045
 27   5   0.01793916
 27   8   0.02970699
 28   2   0.05072384
 28   6   0.01544826
 29   0   0.03981585
 29  21   0.01484012
 29  35   0.01048926
 30   3   0.00778113
 30  23  -0.00129359
 31   1   0.00292091
 31   4  -0.00048535
 31   7  -0.00229086
 31  22   0.00033145
 31  24  -0.00037385
 32   5  -0.00468554
 32   8  -0.00085522
 33   3  -0.00456498
 33  23   0.01908445
 34   1  -0.03277346
 34   4  -0.00358263
 34   7  -0.01101199
 34  22  -0.00223743
 34  24   0.02609693
 36   1  -0.10805861
 36   4  -0.00130111
 36   7  -0.03367401
 36  22  -0.02326116
 36  24   0.02818954
 37   5   0.01018506
 37   8   0.04950871
 38   3   0.00317295
 38  23  -0.00719893
 39   1  -0.02547396
 39   4   0.00506650
 39   7   0.03711871
 39  22   0.00558420
 39  24   0.00225355
 40   0   0.42349180
 40  21   0.13813084
 40  35   0.13704536
 41   3   0.01574913
 41  23  -0.00255693
 42   9  -0.07823962
 42  29  -0.02772924
 42  40  -0.06387481
 43  11  -0.09580014
 43  16   0.03750546
 43  19  -0.08470694
 43  26  -0.04164143
 43  31  -0.01175724
 43  34   0.02424100
 43  36  -0.00061856
 43  39  -0.00460867
 44  13   0.04532819
 44  18   0.02032112
 44  28  -0.00077865
 45  10  -0.04592306
 45  15  -0.00858846
 45  25  -0.01144190
 45  30  -0.00056306
 45  33   0.00753331
 45  38   0.00055761
 45  41  -0.00333310
 46  11   0.08511817
 46  16  -0.01537054
 46  19  -0.02507360
 46  26  -0.00088268
 46  31   0.00056890
 46  34  -0.01635371
 46  36   0.00760176
 46  39   0.00003481
 47  12  -0.00207888
 47  17   0.02049221
 47  20  -0.00627042
 47  27  -0.00095390
 47  32   0.00269795
 47  37  -0.00223776
 48  13  -0.01471470
 48  18   0.00165106
 48  28   0.00008361
 49  11   0.05589694
 49  16  -0.02383502
 49  19  -0.03479886
 49  26  -0.03800168
 49  31   0.00084179
 49  34  -0.02682791
 49  36   0.08035296
 49  39  -0.00168096
 50  12  -0.12303379
 50  17   0.03226621
 50  20  -0.09046928
 50  27  -0.04497261
 50  32   0.01045825
 50  37  -0.11830545
 51   9  -0.03080661
 51  29  -0.01077041
 51  40  -0.02386862
 52  11   0.01606475
 52  16  -0.00662123
 52  19  -0.02180611
 52  26  -0.00513158
 52  31  -0.00143439
 52  34  -0.00335497
 52  36   0.00244498
 52  39  -0.00281398
 53  10   0.01880770
 53  15   0.00780246
 53  25   0.00997167
 53  30   0.00035351
 53  33   0.00187729
 53  38   0.00919290
 53  41   0.00364517
 54  11   0.01560590
 54  16  -0.01370521
 54  19   0.03094639
 54  26   0.01313019
 54  31   0.00302210
 54  34  -0.00659464
 54  36  -0.00291815
 54  39  -0.01550105
 55   9   0.04995323
 55  29   0.01458391
 55  40   0.01596243

Jf nJf  Ji nJi  Lambda =   0 1      0 2      0
-------------- OBTD ---------------------
  3   0  -0.10724137
  4   1  -0.01421806
  5   2   0.21034392

-------------- TBTD ---------------------
  9   0   0.08202939
  9  21   0.04064023
  9  35   0.46787501
 10   3   0.04523636
 10  23  -0.01791045
 11   1  -0.04810016
 11   4   0.05946678
 11   7  -0.05536123
 11  22   0.00293082
 11  24  -0.00431276
 12   5   0.00368621
 12   8   0.12630152
 13   2  -0.10853612
 13   6  -0.07315455
 15   3  -0.00616813
 15  23  -0.00001132
 16   1   0.02177016
 16   4  -0.02063984
 16   7   0.02205479
 16  22   0.00567208
 16  24  -0.00276741
 17   5  -0.00613326
 17   8  -0.02698771
 18   2  -0.06326378
 18   6  -0.01266471
 19   1   0.05675792
 19   4   0.01618448
 19   7   0.10705945
 19  22   0.01073502
 19  24  -0.04072574
 20   5   0.00614383
 20   8   0.13965230
 25   3  -0.00438060
 25  23  -0.00068707
 26   1  -0.02212480
 26   4   0.03713537
 26   7   0.04018099
 26  22   0.00668496
 26  24   0.00538746
 27   5   0.01583865
 27   8   0.04906603
 28   2   0.04594295
 28   6   0.01074139
 29   0   0.02777039
 29  21   0.01465100
 29  35   0.15197309
 30   3   0.00061239
 30  23  -0.00034973
 31   1   0.01305092
 31   4  -0.00662308
 31   7  -0.00244136
 31  22   0.00009582
 31  24  -0.00532242
 32   5  -0.00273701
 32   8  -0.01047009
 33   3  -0.00115892
 33  23   0.01060747
 34   1   0.00090044
 34   4   0.00295132
 34   7   0.02444861
 34  22   0.00313531
 34  24   0.02477856
 36   1  -0.02310164
 36   4  -0.01508314
 36   7  -0.00986834
 36  22  -0.01504816
 36  24  -0.00626866
 37   5   0.00524362
 37   8   0.07123543
 38   3   0.00542824
 38  23   0.00196207
 39   1  -0.01857546
 39   4   0.01305722
 39   7   0.00685194
 39  22   0.00347974
 39  24  -0.00059361
 40   0   0.02076542
 40  21   0.00948813
 40  35   0.14832058
 41   3   0.00334242
 41  23  -0.00338992
 42   9  -0.07428306
 42  29  -0.02981791
 42  40   0.04743737
 43  11  -0.09191326
 43  16   0.08059619
 43  19  -0.02813708
 43  26  -0.04172906
 43  31   0.01655014
 43  34   0.03808273
 43  36   0.11549962
 43  39   0.01886933
 44  13   0.03744132
 44  18  -0.00597151
 44  28   0.01742040
 45  10  -0.02934774
 45  15  -0.02478785
 45  25   0.00503385
 45  30  -0.00721135
 45  33   0.01264002
 45  38   0.00511323
 45  41  -0.01264562
 46  11   0.05331124
 46  16  -0.00721398
 46  19   0.01203439
 46  26   0.00872498
 46  31  -0.00137886
 46  34  -0.01444571
 46  36   0.00044185
 46  39   0.01278714
 47  12  -0.01157296
 47  17   0.02000750
 47  20  -0.02283717
 47  27  -0.00246033
 47  32   0.00480976
 47  37  -0.01180846
 48  13   0.01196695
 48  18  -0.00306056
 48  28  -0.00362422
 49  11  -0.05946675
 49  16  -0.03134542
 49  19  -0.05298753
 49  26  -0.01593652
 49  31  -0.01461118
 49  34   0.00007861
 49  36   0.10779191
 49  39  -0.02797274
 50  12  -0.06988244
 50  17   0.02384404
 50  20  -0.05847892
 50  27  -0.03014232
 50  32   0.00145924
 50  37  -0.09664008
 51   9  -0.02627171
 51  29  -0.01042816
 51  40   0.01380656
 52  11  -0.01132240
 52  16  -0.00462938
 52  19  -0.01784191
 52  26  -0.00570138
 52  31  -0.00175839
 52  34   0.00011090
 52  36   0.02143734
 52  39  -0.00357121
 53  10   0.01259409
 53  15   0.00872634
 53  25  -0.00126174
 53  30   0.00113633
 53  33  -0.00671134
 53  38   0.01912813
 53  41   0.00222009
 54  11   0.01954220
 54  16  -0.01255211
 54  19   0.00723660
 54  26   0.00349472
 54  31  -0.00027267
 54  34  -0.00827889
 54  36  -0.03444583
 54  39  -0.01941984
 55   9  -0.06439090
 55  29  -0.02459347
 55  40   0.01532427

Jf nJf  Ji nJi  Lambda =   0 2      0 2      0
-------------- OBTD ---------------------
  3   0  -0.31074001
  4   1  -0.00864884
  5   2  -0.44623011

-------------- TBTD ---------------------
  9   0  -0.01747155
  9  21  -0.00478302
  9  35  -0.14544769
 10   3   0.01666814
 10  23   0.00125055
 11   1  -0.18491549
 11   4  -0.03103725
 11   7  -0.01691937
 11  22   0.00042307
 11  24   0.04371993
 12   5  -0.01804023
 12   8  -0.13826553
 13   2  -0.24603444
 13   6  -0.02581838
 15   3   0.00270240
 15  23  -0.00602242
 16   1   0.01980426
 16   4   0.00260416
 16   7   0.01916646
 16  22   0.01309999
 16  24  -0.01202767
 17   5  -0.00389493
 17   8  -0.00148173
 18   2  -0.03207316
 18   6  -0.01348478
 19   1  -0.00407232
 19   4   0.01467047
 19   7  -0.23064496
 19  22   0.00573373
 19  24  -0.00569767
 20   5  -0.02091678
 20   8  -0.21370343
 25   3  -0.01236152
 25  23   0.00314439
 26   1   0.05927075
 26   4   0.06417278
 26   7  -0.00278307
 26  22   0.00988008
 26  24  -0.03863642
 27   5  -0.03252749
 27   8  -0.03531950
 28   2   0.00398615
 28   6   0.00937422
 29   0  -0.00329941
 29  21  -0.00162232
 29  35  -0.04873446
 30   3   0.00484649
 30  23  -0.00134674
 31   1   0.00163891
 31   4   0.00230815
 31   7   0.00169160
 31  22  -0.00126121
 31  24  -0.00056833
 32   5   0.00032194
 32   8  -0.00085093
 33   3  -0.00973285
 33  23  -0.05217843
 34   1   0.05457010
 34   4   0.03643148
 34   7   0.02392754
 34  22   0.00997686
 34  24  -0.07797203
 36   1  -0.01561910
 36   4   0.00944118
 36   7  -0.09553524
 36  22  -0.00613201
 36  24   0.02050043
 37   5   0.01459643
 37   8   0.05195272
 38   3   0.00695618
 38  23  -0.00380705
 39   1  -0.00566494
 39   4   0.01288076
 39   7   0.00420874
 39  22   0.00970330
 39  24  -0.00055416
 40   0  -0.11107835
 40  21  -0.03993213
 40  35  -0.38701624
 41   3   0.00092015
 41  23  -0.00081399
 42   9  -0.09852834
 42  29  -0.03413090
 42  40  -0.01627011
 43  11  -0.12917666
 43  16  -0.03824037
 43  19  -0.04816125
 43  26  -0.03075918
 43  31  -0.00958108
 43  34   0.01823834
 43  36  -0.04422500
 43  39  -0.06839265
 44  13  -0.12013296
 44  18   0.04126262
 44  28  -0.01233899
 45  10  -0.01476391
 45  15  -0.01597744
 45  25   0.00050515
 45  30  -0.00477908
 45  33   0.00920336
 45  38  -0.00813181
 45  41  -0.00072692
 46  11  -0.00795839
 46  16  -0.06452784
 46  19  -0.01084753
 46  26   0.00337368
 46  31  -0.01345020
 46  34  -0.01407439
 46  36  -0.00296307
 46  39  -0.03530224
 47  12   0.01961174
 47  17  -0.03097672
 47  20  -0.00957298
 47  27  -0.00317474
 47  32  -0.00061341
 47  37   0.02099852
 48  13   0.03537110
 48  18   0.01635576
 48  28  -0.01149245
 49  11  -0.06261620
 49  16  -0.01297040
 49  19  -0.03947024
 49  26   0.00122955
 49  31  -0.01848642
 49  34  -0.00940945
 49  36  -0.17808054
 49  39  -0.01578237
 50  12   0.12788119
 50  17  -0.02972764
 50  20  -0.06489101
 50  27  -0.00036771
 50  32  -0.00015015
 50  37   0.23533641
 51   9  -0.03240054
 51  29  -0.01166370
 51  40  -0.00636904
 52  11  -0.00890930
 52  16  -0.01901316
 52  19  -0.01683871
 52  26  -0.00127699
 52  31  -0.00809415
 52  34  -0.00358420
 52  36  -0.00712743
 52  39  -0.01490174
 53  10  -0.00023781
 53  15   0.00572594
 53  25  -0.00396015
 53  30   0.00163657
 53  33  -0.00383767
 53  38  -0.04955683
 53  41   0.00078358
 54  11   0.05673089
 54  16   0.02936252
 54  19   0.01383819
 54  26   0.01194423
 54  31   0.00791123
 54  34  -0.00235519
 54  36  -0.01017658
 54  39   0.07680616
 55   9  -0.02134054
 55  29  -0.00839103
 55  40   0.01151964

Jf nJf  Ji nJi  Lambda =   1 1      1 1      0
-------------- OBTD ---------------------
  3   0   0.00863745
  4   1  -0.01682170
  5   2   0.01155400

-------------- TBTD ---------------------
  9   0  -0.01559370
  9  21  -0.02203110
  9  35  -0.02496909
 10   3   0.00746749
 10  23  -0.00759365
 11   1   0.05807752
 11   4   0.00476978
 11   7   0.04641372
 11  22   0.00832642
 11  24  -0.01878494
 12   5   0.01567546
 12   8   0.03623396
 13   2  -0.03079279
 13   6  -0.00227924
 15   3  -0.00943982
 15  23   0.00234027
 16   1   0.01810680
 16   4  -0.00706245
 16   7  -0.02221639
 16  22  -0.00490880
 16  24   0.00846725
 17   5  -0.00697003
 17   8   0.00340580
 18   2  -0.03079946
 18   6  -0.01347304
 19   1   0.06300085
 19   4  -0.00338329
 19   7   0.01083131
 19  22   0.00183186
 19  24  -0.00565360
 20   5   0.00732742
 20   8   0.00994816
 25   3   0.01339050
 25  23  -0.00310242
 26   1   0.03350252
 26   4  -0.00693532
 26   7   0.00658341
 26  22  -0.00011484
 26  24  -0.00312703
 27   5   0.00263729
 27   8  -0.00483138
 28   2  -0.00186419
 28   6   0.00354952
 29   0  -0.00919844
 29  21  -0.01078041
 29  35  -0.01249021
 30   3  -0.00514231
 30  23   0.00084344
 31   1   0.00956961
 31   4   0.00121807
 31   7  -0.00317907
 31  22   0.00073189
 31  24  -0.00044779
 32   5  -0.00230589
 32   8  -0.00444074
 33   3   0.00144226
 33  23   0.00124747
 34   1  -0.00601380
 34   4  -0.00674313
 34   7  -0.00771459
 34  22  -0.00297130
 34  24   0.00495949
 36   1  -0.01580368
 36   4   0.00497430
 36   7   0.00520096
 36  22   0.00302740
 36  24  -0.00416267
 37   5   0.00612924
 37   8   0.00534792
 38   3  -0.00423930
 38  23  -0.00142773
 39   1   0.02327618
 39   4  -0.00812378
 39   7   0.01200142
 39  22  -0.00013410
 39  24  -0.00244918
 40   0  -0.00831768
 40  21  -0.00996277
 40  35  -0.01044461
 41   3   0.01042194
 41  23  -0.00018490
 42   9  -0.01569087
 42  29  -0.02177118
 42  40  -0.02447073
 43  11   0.05762274
 43  16   0.00587924
 43  19   0.03676655
 43  26  -0.00008181
 43  31   0.00827433
 43  34  -0.00696869
 43  36   0.03062329
 43  39   0.01963658
 44  13  -0.03095195
 44  18   0.00300945
 44  28   0.00646861
 45  10   0.00876531
 45  15   0.01054511
 45  25  -0.00701716
 45  30  -0.00185219
 45  33  -0.00955428
 45  38   0.00883914
 45  41  -0.00098098
 46  11  -0.01083764
 46  16   0.01074924
 46  19  -0.01141045
 46  26   0.01115895
 46  31  -0.00345670
 46  34   0.01069831
 46  36  -0.01762139
 46  39  -0.00097441
 47  12  -0.00948178
 47  17  -0.00426470
 47  20  -0.00803916
 47  27  -0.00014760
 47  32  -0.00081317
 47  37  -0.00700017
 48  13  -0.02026641
 48  18  -0.00857857
 48  28   0.00823733
 49  11   0.03374764
 49  16   0.00754721
 49  19   0.00652361
 49  26   0.00638605
 49  31   0.00321980
 49  34   0.00048308
 49  36   0.00900668
 49  39   0.01003658
 50  12   0.00064198
 50  17  -0.00415596
 50  20  -0.00236798
 50  27   0.00561984
 50  32  -0.00044822
 50  37  -0.00693427
 51   9  -0.00906006
 51  29  -0.01038533
 51  40  -0.01198302
 52  11   0.00943529
 52  16   0.00845782
 52  19   0.00112582
 52  26   0.00693600
 52  31   0.00062676
 52  34   0.00459162
 52  36  -0.00594350
 52  39   0.00515485
 53  10  -0.00475551
 53  15  -0.00364498
 53  25   0.00088790
 53  30   0.00050760
 53  33   0.00256770
 53  38  -0.00274227
 53  41  -0.00060752
 54  11  -0.02063380
 54  16  -0.00064446
 54  19  -0.01047651
 54  26  -0.00220610
 54  31  -0.00194128
 54  34   0.00142200
 54  36  -0.00918853
 54  39  -0.00586099
 55   9  -0.00815359
 55  29  -0.00961907
 55  40  -0.01001412

Jf nJf  Ji nJi  Lambda =   1 2      1 1      0
-------------- OBTD ---------------------
  3   0  -0.07283961
  4   1   0.02166723
  5   2   0.08824064

-------------- TBTD ---------------------
  9   0  -0.01741905
  9  21  -0.01421968
  9  35  -0.02310274
 10   3   0.00597849
 10  23   0.01759377
 11   1  -0.02855588
 11   4  -0.00564961
 11   7   0.01292754
 11  22  -0.00311932
 11  24   0.00100121
 12   5   0.01311624
 12   8   0.00443081
 13   2  -0.04500036
 13   6  -0.00390035
 15   3   0.01347559
 15  23  -0.01887891
 16   1   0.07656877
 16   4  -0.00005903
 16   7   0.06979615
 16  22   0.01072368
 16  24  -0.01726069
 17   5   0.01377628
 17   8  -0.08845968
 18   2  -0.05934100
 18   6   0.02748023
 19   1  -0.05564144
 19   4   0.00181485
 19   7   0.06733101
 19  22   0.00567433
 19  24  -0.01684893
 20   5  -0.00353549
 20   8   0.06186076
 25   3   0.00679718
 25  23   0.01455212
 26   1  -0.00043390
 26   4  -0.00267070
 26   7  -0.00189654
 26  22  -0.00290737
 26  24   0.00078927
 27   5  -0.01676160
 27   8   0.01756460
 28   2   0.03249567
 28   6   0.02375764
 29   0  -0.00088293
 29  21   0.00780506
 29  35   0.00969738
 30   3   0.01530700
 30  23  -0.00182865
 31   1   0.00370877
 31   4  -0.00042673
 31   7  -0.01155822
 31  22  -0.00227671
 31  24  -0.00774426
 32   5  -0.02486876
 32   8  -0.00251184
 33   3   0.00731297
 33  23   0.00875018
 34   1  -0.01887364
 34   4  -0.00577618
 34   7   0.00295092
 34  22  -0.00334843
 34  24   0.01353429
 36   1   0.07053335
 36   4   0.01910286
 36   7  -0.02747483
 36  22   0.00309648
 36  24   0.00171272
 37   5   0.00111300
 37   8   0.02649259
 38   3   0.01310496
 38  23  -0.01464781
 39   1  -0.06637748
 39   4   0.03664141
 39   7   0.04051091
 39  22   0.00671118
 39  24  -0.00422080
 40   0  -0.00188534
 40  21   0.00717533
 40  35   0.01041504
 41   3  -0.00762941
 41  23   0.01042027
 42   9  -0.01673968
 42  29  -0.01375425
 42  40  -0.02248029
 43  11  -0.02586707
 43  16  -0.00105386
 43  19   0.01185321
 43  26   0.00653016
 43  31  -0.00307183
 43  34  -0.00375177
 43  36   0.00537434
 43  39  -0.00510524
 44  13  -0.04689571
 44  18   0.00193278
 44  28   0.00869846
 45  10  -0.02534386
 45  15  -0.00256977
 45  25   0.02266288
 45  30  -0.00251603
 45  33   0.00239789
 45  38  -0.00664972
 45  41   0.03190526
 46  11   0.05426706
 46  16  -0.01347829
 46  19   0.02451642
 46  26  -0.01663522
 46  31   0.00963666
 46  34  -0.02906170
 46  36   0.04762338
 46  39  -0.01088896
 47  12  -0.01118318
 47  17   0.01035697
 47  20  -0.05396667
 47  27  -0.01273780
 47  32  -0.00043884
 47  37   0.01746640
 48  13  -0.06538232
 48  18   0.00075653
 48  28  -0.00340544
 49  11   0.00954440
 49  16   0.00061634
 49  19  -0.01294867
 49  26  -0.02030569
 49  31   0.00617938
 49  34  -0.02503999
 49  36   0.05377673
 49  39  -0.00974566
 50  12   0.00619522
 50  17  -0.00523118
 50  20  -0.00700515
 50  27   0.00042917
 50  32   0.00704042
 50  37  -0.04372225
 51   9  -0.00054605
 51  29   0.00770326
 51  40   0.00950105
 52  11   0.00312761
 52  16  -0.01509593
 52  19  -0.03612135
 52  26  -0.01473789
 52  31  -0.00214129
 52  34  -0.01342953
 52  36   0.02099032
 52  39  -0.00278651
 53  10   0.04472953
 53  15   0.00323984
 53  25   0.01679727
 53  30   0.00419555
 53  33  -0.00012933
 53  38  -0.00553553
 53  41   0.00709105
 54  11   0.03463682
 54  16  -0.02114113
 54  19   0.00244550
 54  26   0.02054664
 54  31  -0.00691718
 54  34   0.01332886
 54  36  -0.03998585
 54  39  -0.00390743
 55   9  -0.00158833
 55  29   0.00712779
 55  40   0.01025739

Jf nJf  Ji nJi  Lambda =   1 1      1 2      0
-------------- OBTD ---------------------
  3   0   0.04478803
  4   1  -0.01694178
  5   2  -0.05180238

-------------- TBTD ---------------------
  9   0   0.03449216
  9  21  -0.00258468
  9  35  -0.05103790
 10   3   0.00392036
 10  23   0.02421672
 11   1  -0.00083509
 11   4   0.00315585
 11   7   0.01896103
 11  22   0.00265698
 11  24   0.00940056
 12   5  -0.01330232
 12   8  -0.01540545
 13   2   0.02481251
 13   6   0.01306344
 15   3  -0.01249919
 15  23  -0.00692225
 16   1  -0.00114961
 16   4  -0.01189631
 16   7  -0.02906870
 16  22  -0.00469225
 16  24   0.00529278
 17   5  -0.00194160
 17   8   0.01400344
 18   2   0.00743416
 18   6  -0.00924236
 19   1  -0.01161615
 19   4  -0.01595722
 19   7  -0.02783959
 19  22  -0.00647981
 19  24   0.01310614
 20   5  -0.00453682
 20   8  -0.04226628
 25   3   0.01324124
 25  23   0.01572933
 26   1   0.00175866
 26   4  -0.00359258
 26   7  -0.01342925
 26  22  -0.00055902
 26  24   0.00518410
 27   5   0.00381299
 27   8  -0.02601394
 28   2   0.00023490
 28   6  -0.00648704
 29   0   0.01328414
 29  21  -0.00154366
 29  35  -0.02406024
 30   3  -0.00430283
 30  23  -0.00275407
 31   1  -0.01210993
 31   4  -0.00534035
 31   7  -0.00753669
 31  22  -0.00369063
 31  24   0.00162804
 32   5   0.00317941
 32   8  -0.00112927
 33   3   0.00381292
 33  23  -0.00219088
 34   1   0.00111396
 34   4  -0.00338411
 34   7  -0.00821359
 34  22  -0.00267234
 34  24  -0.00341923
 36   1  -0.01352312
 36   4   0.00147460
 36   7   0.02151978
 36  22  -0.00010253
 36  24  -0.00592190
 37   5  -0.00357004
 37   8  -0.02610889
 38   3  -0.00240738
 38  23  -0.00056210
 39   1   0.00378660
 39   4  -0.00255921
 39   7  -0.00285956
 39  22  -0.00080308
 39  24   0.00255312
 40   0   0.01405987
 40  21  -0.00132389
 40  35  -0.02422638
 41   3   0.01123506
 41  23   0.00787653
 42   9   0.03459388
 42  29  -0.00233534
 42  40  -0.04906461
 43  11  -0.00038697
 43  16   0.01075335
 43  19   0.01316567
 43  26   0.00650542
 43  31   0.00251950
 43  34   0.00899465
 43  36   0.01363371
 43  39  -0.00398780
 44  13   0.02495907
 44  18   0.02316007
 44  28   0.00529923
 45  10  -0.01090399
 45  15   0.00897889
 45  25  -0.00874993
 45  30   0.00115142
 45  33  -0.00287653
 45  38   0.01147245
 45  41  -0.00449971
 46  11  -0.00181075
 46  16  -0.00872387
 46  19   0.00506845
 46  26  -0.00079978
 46  31  -0.00285139
 46  34  -0.00146756
 46  36  -0.02121854
 46  39  -0.00187418
 47  12   0.00283868
 47  17   0.00474420
 47  20  -0.00360801
 47  27  -0.00315190
 47  32  -0.00017180
 47  37   0.00753009
 48  13   0.00558278
 48  18   0.00734163
 48  28   0.01035185
 49  11  -0.01745275
 49  16  -0.01207727
 49  19   0.01608321
 49  26   0.00216995
 49  31  -0.00466300
 49  34   0.00713812
 49  36  -0.02449934
 49  39  -0.00045600
 50  12  -0.00745024
 50  17  -0.00197661
 50  20  -0.00028759
 50  27   0.00113108
 50  32   0.00590767
 50  37   0.01628218
 51   9   0.01279912
 51  29  -0.00144114
 51  40  -0.02251781
 52  11  -0.01185391
 52  16  -0.00936002
 52  19   0.00136896
 52  26  -0.00203138
 52  31  -0.00361004
 52  34   0.00103429
 52  36  -0.01233366
 52  39  -0.00140511
 53  10   0.00989769
 53  15  -0.00614415
 53  25   0.00768838
 53  30   0.00016592
 53  33   0.00157565
 53  38  -0.00428702
 53  41   0.00145736
 54  11  -0.00210236
 54  16  -0.00222512
 54  19  -0.00844275
 54  26  -0.00145893
 54  31  -0.00126594
 54  34  -0.00191430
 54  36   0.00389025
 54  39   0.00400071
 55   9   0.01387469
 55  29  -0.00118044
 55  40  -0.02283056

Jf nJf  Ji nJi  Lambda =   1 2      1 2      0
-------------- OBTD ---------------------
  3   0  -0.04204103
  4   1   0.00514087
  5   2   0.05931123

-------------- TBTD ---------------------
  9   0   0.07264918
  9  21   0.01966998
  9  35  -0.05050637
 10   3  -0.00650954
 10  23   0.03480915
 11   1  -0.07171124
 11   4   0.04562983
 11   7  -0.02388327
 11  22  -0.00000672
 11  24   0.03484803
 12   5   0.00596025
 12   8  -0.06274124
 13   2  -0.02609906
 13   6  -0.01188710
 15   3   0.05249660
 15  23  -0.04929435
 16   1  -0.00146026
 16   4   0.00343038
 16   7   0.05226117
 16  22   0.00105130
 16  24   0.01570133
 17   5   0.00669299
 17   8  -0.06131886
 18   2  -0.04902585
 18   6  -0.00426323
 19   1  -0.01618680
 19   4   0.00493591
 19   7   0.06902514
 19  22  -0.00443045
 19  24   0.00919591
 20   5   0.00002597
 20   8   0.02110452
 25   3  -0.03649491
 25  23   0.03805539
 26   1  -0.02218256
 26   4   0.00277230
 26   7  -0.00223040
 26  22   0.00331855
 26  24  -0.00272155
 27   5  -0.00332718
 27   8   0.00091719
 28   2  -0.05578331
 28   6  -0.00900470
 29   0  -0.01191239
 29  21   0.00161378
 29  35   0.01923684
 30   3   0.01236150
 30  23   0.00721432
 31   1  -0.01741635
 31   4   0.00091276
 31   7   0.01340531
 31  22   0.00011853
 31  24  -0.00330392
 32   5  -0.00107500
 32   8   0.00728323
 33   3  -0.00334502
 33  23   0.02054300
 34   1   0.02417239
 34   4   0.00225413
 34   7   0.02365095
 34  22   0.00391937
 34  24  -0.00052285
 36   1  -0.04236942
 36   4  -0.00069075
 36   7  -0.05970325
 36  22  -0.01572156
 36  24   0.04060101
 37   5   0.01302669
 37   8  -0.04177284
 38   3   0.01026741
 38  23  -0.03293972
 39   1  -0.01042221
 39   4   0.00834345
 39   7   0.07373367
 39  22   0.00151033
 39  24   0.00817248
 40   0  -0.01641269
 40  21  -0.00714463
 40  35   0.00497919
 41   3  -0.02122866
 41  23   0.02094702
 42   9   0.07385953
 42  29   0.01946821
 42  40  -0.04899010
 43  11  -0.07373095
 43  16   0.05280855
 43  19   0.00024971
 43  26  -0.01010733
 43  31  -0.00018916
 43  34   0.03938862
 43  36  -0.03807812
 43  39  -0.01053987
 44  13  -0.02420986
 44  18  -0.00626020
 44  28   0.01042066
 45  10  -0.06123784
 45  15   0.03138870
 45  25  -0.01526522
 45  30  -0.00006904
 45  33   0.00263112
 45  38  -0.01406724
 45  41   0.07308601
 46  11   0.01464997
 46  16   0.00444763
 46  19  -0.00208732
 46  26   0.00373348
 46  31  -0.00123973
 46  34  -0.00645578
 46  36   0.05979945
 46  39  -0.02350716
 47  12  -0.03436589
 47  17   0.00350156
 47  20  -0.01743654
 47  27  -0.00011617
 47  32   0.00111964
 47  37   0.04450280
 48  13   0.00345992
 48  18  -0.01666786
 48  28  -0.02148881
 49  11  -0.04170777
 49  16   0.01886117
 49  19  -0.01135448
 49  26   0.01585625
 49  31  -0.01388975
 49  34   0.03364781
 49  36   0.02191792
 49  39  -0.01428029
 50  12   0.01729424
 50  17  -0.00472877
 50  20   0.01030968
 50  27  -0.00790482
 50  32   0.00884952
 50  37  -0.05301748
 51   9  -0.01155436
 51  29   0.00144913
 51  40   0.01828145
 52  11  -0.01736880
 52  16   0.00150389
 52  19  -0.00438116
 52  26   0.00027671
 52  31   0.00009726
 52  34   0.00422306
 52  36   0.02305952
 52  39   0.00882290
 53  10   0.00236724
 53  15   0.00061866
 53  25   0.00626785
 53  30   0.00297835
 53  33   0.00574037
 53  38  -0.01800576
 53  41  -0.00099691
 54  11   0.02376547
 54  16  -0.00989110
 54  19   0.00388825
 54  26  -0.00403866
 54  31   0.00151031
 54  34  -0.00943921
 54  36  -0.05494225
 54  39  -0.00149131
 55   9  -0.01663802
 55  29  -0.00732595
 55  40   0.00447504
