############################################################################################################
# initial vector basename: na220
# final   vector basename: na220
# Operator file: Rp2.int
# Zero body term: 4.85838
# Jf  nJf     Ji  nJi      Ei          Ef         <Op1b>          <Op2b>         <Op1b+2b>     <Op0b+1b+2b>
###########################################################################################################
 0.0   1     0.0   1    -48.899     -48.899    3.727743e+00   -4.240824e-01    3.303661e+00    8.162041e+00
 0.0   1     0.0   2    -48.899     -42.168    6.232233e-03   -1.733099e-02   -1.109876e-02   -1.109876e-02
 0.0   2     0.0   1    -42.168     -48.899    0.000000e+00    0.000000e+00    0.000000e+00    0.000000e+00
 0.0   2     0.0   2    -42.168     -42.168    3.971003e+00   -3.919903e-01    3.579012e+00    8.437392e+00
 1.0   1     1.0   1    -49.590     -49.590    3.834116e+00   -4.598970e-01    3.374219e+00    8.232599e+00
 1.0   1     1.0   2    -49.590     -48.536   -7.942777e-02    5.370781e-03   -7.405699e-02   -7.405699e-02
 1.0   2     1.0   1    -48.536     -49.590    0.000000e+00    0.000000e+00    0.000000e+00    0.000000e+00
 1.0   2     1.0   2    -48.536     -48.536    4.037792e+00   -4.592178e-01    3.578574e+00    8.436954e+00
