############################################################################################################
# initial vector basename: na220
# final   vector basename: na220
# Operator file: Iso2.int
# Zero body term: 0.0036539
# Jf  nJf     Ji  nJi      Ei          Ef         <Op1b>          <Op2b>         <Op1b+2b>     <Op0b+1b+2b>
###########################################################################################################
 0.0   1     0.0   1    -48.899     -48.899    4.497615e+00   -2.494757e+00    2.002857e+00    2.006511e+00
 0.0   1     0.0   2    -48.899     -42.168    1.750398e-05   -1.080680e-03   -1.063176e-03   -1.063176e-03
 0.0   2     0.0   1    -42.168     -48.899    0.000000e+00    0.000000e+00    0.000000e+00    0.000000e+00
 0.0   2     0.0   2    -42.168     -42.168    4.497643e+00   -2.496647e+00    2.000996e+00    2.004650e+00
 1.0   1     1.0   1    -49.590     -49.590    4.497617e+00   -4.494085e+00    3.532654e-03    7.186554e-03
 1.0   1     1.0   2    -49.590     -48.536    2.508203e-05   -1.500801e-04   -1.249980e-04   -1.249980e-04
 1.0   2     1.0   1    -48.536     -49.590    0.000000e+00    0.000000e+00    0.000000e+00    0.000000e+00
 1.0   2     1.0   2    -48.536     -48.536    4.497566e+00   -4.494795e+00    2.771727e-03    6.425627e-03
