############################################################################################################
# initial vector basename: na220
# final   vector basename: na220
# Operator file: Rn2.int
# Zero body term: 4.0048
# Jf  nJf     Ji  nJi      Ei          Ef         <Op1b>          <Op2b>         <Op1b+2b>     <Op0b+1b+2b>
###########################################################################################################
 0.0   1     0.0   1    -48.899     -48.899    3.000788e+00   -3.303445e-01    2.670444e+00    6.675244e+00
 0.0   1     0.0   2    -48.899     -42.168   -1.140989e-03    1.131402e-02    1.017303e-02    1.017303e-02
 0.0   2     0.0   1    -42.168     -48.899    0.000000e+00    0.000000e+00    0.000000e+00    0.000000e+00
 0.0   2     0.0   2    -42.168     -42.168    3.176374e+00   -3.067349e-01    2.869640e+00    6.874440e+00
 1.0   1     1.0   1    -49.590     -49.590    3.081736e+00   -3.566140e-01    2.725122e+00    6.729922e+00
 1.0   1     1.0   2    -49.590     -48.536   -6.194965e-02    5.091373e-03   -5.685827e-02   -5.685827e-02
 1.0   2     1.0   1    -48.536     -49.590    0.000000e+00    0.000000e+00    0.000000e+00    0.000000e+00
 1.0   2     1.0   2    -48.536     -48.536    3.239308e+00   -3.487767e-01    2.890531e+00    6.895331e+00
