############################################################################################################
# initial vector basename: na220
# final   vector basename: na220
# Operator file: VCoul.int
# Zero body term: 14.2948
# Jf  nJf     Ji  nJi      Ei          Ef         <Op1b>          <Op2b>         <Op1b+2b>     <Op0b+1b+2b>
###########################################################################################################
 0.0   1     0.0   1    -48.899     -48.899    9.833760e+00    1.765401e+00    1.159916e+01    2.589396e+01
 0.0   1     0.0   2    -48.899     -42.168   -2.740715e-03    5.681470e-02    5.407399e-02    5.407399e-02
 0.0   2     0.0   1    -42.168     -48.899    0.000000e+00    0.000000e+00    0.000000e+00    0.000000e+00
 0.0   2     0.0   2    -42.168     -42.168    9.634362e+00    1.619420e+00    1.125378e+01    2.554858e+01
 1.0   1     1.0   1    -49.590     -49.590    9.735713e+00    1.786197e+00    1.152191e+01    2.581671e+01
 1.0   1     1.0   2    -49.590     -48.536    8.452578e-02    2.094760e-02    1.054734e-01    1.054734e-01
 1.0   2     1.0   1    -48.536     -49.590    0.000000e+00    0.000000e+00    0.000000e+00    0.000000e+00
 1.0   2     1.0   2    -48.536     -48.536    9.531325e+00    1.684180e+00    1.121551e+01    2.551031e+01
