 ! Total Interaction
  54
   1   3   1   3     0     0   0.0000
   1   3   2   4     0     0   0.0000
   2   4   2   4     0     0   0.0000
   1   3   1   3     1     0  -2.8789
   1   3   2   3     1     0  -6.2931
   2   3   2   3     1     0  -6.5439
   1   4   2   3     1     0   9.6313
   1   3   1   4     1     0   6.7093
   1   4   1   4     1     0  -6.5537
   1   3   2   4     1     0   1.7874
   2   3   2   4     1     0  -3.2600
   1   4   2   4     1     0   3.6191
   2   4   2   4     1     0  -2.1501
   1   3   1   3     2     0   0.0000
   1   3   2   3     2     0   0.0000
   2   3   2   3     2     0   0.0000
   1   4   2   3     2     0   0.0000
   1   3   1   4     2     0   0.0000
   1   4   1   4     2     0   0.0000
   1   3   1   3     3     0  -5.9149
   1   1   1   1     0     1  -3.5137
   1   1   2   2     0     1  -5.1432
   2   2   2   2     0     1   0.5772
   1   3   1   3     0     1  -3.7496
   3   3   3   3     0     1  -3.1422
   1   3   2   4     0     1  -5.4581
   2   4   2   4     0     1   0.2427
   3   3   4   4     0     1  -5.5383
   4   4   4   4     0     1   0.8025
   1   2   1   2     1     1   2.1523
   1   3   1   3     1     1   0.0000
   1   3   2   3     1     1   0.0000
   2   3   2   3     1     1   0.0000
   1   4   2   3     1     1   0.0000
   1   3   1   4     1     1   0.0000
   1   4   1   4     1     1   0.0000
   1   3   2   4     1     1   0.0000
   2   3   2   4     1     1   0.0000
   1   4   2   4     1     1   0.0000
   2   4   2   4     1     1   0.0000
   3   4   3   4     1     1   1.2874
   1   1   1   1     2     1  -0.6088
   1   1   1   2     2     1  -2.2237
   1   2   1   2     2     1   0.2855
   1   3   1   3     2     1  -1.0587
   1   3   2   3     2     1   2.2603
   2   3   2   3     2     1  -6.5047
   1   4   2   3     2     1  -5.6175
   3   3   3   3     2     1  -0.9058
   1   3   1   4     2     1  -2.1428
   1   4   1   4     2     1  -6.9407
   3   3   3   4     2     1  -2.1095
   3   4   3   4     2     1  -0.7292
   1   3   1   3     3     1   0.0000
