      1      3      1      3           6           0   1.02966965890072     
      1      3      1      3           4           0  -5.91537215464696     
      1      3      1      3           2           0   5.93259366589994     
      1      3      1      3           0           0  -14.7710852500000     
      1      3      1      4           4           0  -8.81035269609855     
      1      3      1      4           2           0  -1.17440507441873     
      1      3      2      3           4           0  -8.46183015945220     
      1      3      2      3           2           0 -0.758649871259961     
      1      3      2      4           4           0  -6.21083845811884     
      1      3      2      4           2           0 -0.894842813461080     
      1      4      1      3           4           0   8.81035269609855     
      1      4      1      3           2           0   1.17440507441873     
      1      4      1      4           2           0  0.264925185226888     
      1      4      1      4           0           0  -9.61037806566758     
      1      4      2      3           4           0   9.64627902283978     
      1      4      2      3           2           0  -3.99590984557465     
      1      4      2      4           2           0   4.43245579288023     
      2      3      1      3           4           0   8.46183015945219     
      2      3      1      3           2           0  0.758649871259960     
      2      3      1      4           4           0   9.64627902283978     
      2      3      1      4           2           0  -3.99590984557465     
      2      3      2      3           2           0 -2.683908997094875E-002
      2      3      2      3           0           0  -9.21984422785511     
      2      3      2      4           2           0   3.99269277563401     
      2      4      1      3           4           0  -6.21083845811884     
      2      4      1      3           2           0 -0.894842813461080     
      2      4      1      4           2           0  -4.43245579288023     
      2      4      2      3           2           0  -3.99269277563401     
      2      4      2      4           2           0   2.07220913169273     
      2      4      2      4           0           0  -3.10379150000000     
      3      1      3      1           6           0   1.02966965890072     
      3      1      3      1           4           0  -5.91537215464696     
      3      1      3      1           2           0   5.93259366589994     
      3      1      3      1           0           0  -14.7710852500000     
      3      1      3      2           4           0  -8.46183015945220     
      3      1      3      2           2           0 -0.758649871259961     
      3      1      4      1           4           0  -8.81035269609855     
      3      1      4      1           2           0  -1.17440507441873     
      3      1      4      2           4           0  -6.21083845811884     
      3      1      4      2           2           0 -0.894842813461080     
      3      2      3      1           4           0   8.46183015945219     
      3      2      3      1           2           0  0.758649871259960     
      3      2      3      2           2           0 -2.683908997094875E-002
      3      2      3      2           0           0  -9.21984422785511     
      3      2      4      1           4           0   9.64627902283978     
      3      2      4      1           2           0  -3.99590984557465     
      3      2      4      2           2           0   3.99269277563401     
      4      1      3      1           4           0   8.81035269609855     
      4      1      3      1           2           0   1.17440507441873     
      4      1      3      2           4           0   9.64627902283978     
      4      1      3      2           2           0  -3.99590984557465     
      4      1      4      1           2           0  0.264925185226888     
      4      1      4      1           0           0  -9.61037806566758     
      4      1      4      2           2           0   4.43245579288023     
      4      2      3      1           4           0  -6.21083845811884     
      4      2      3      1           2           0 -0.894842813461080     
      4      2      3      2           2           0  -3.99269277563401     
      4      2      4      1           2           0  -4.43245579288023     
      4      2      4      2           2           0   2.07220913169273     
      4      2      4      2           0           0  -3.10379150000000     
          60           6
   1   1   3   3   0   0   0   0-14.7711   1   1
   1   1   3   3   2   0   0   0  5.9326   1   1
   1   1   3   3   4   0   0   0 -5.9154   1   1
   1   1   3   3   6   0   0   0  1.0297   1   1
   1   1   3   4   2   0   0   0 -1.1744   1   1
   1   1   3   4   4   0   0   0 -8.8104   1   1
   1   1   4   3   2   0   0   0  1.1744   1   1
   1   1   4   3   4   0   0   0  8.8104   1   1
   1   1   4   4   0   0   0   0 -9.6104   1   1
   1   1   4   4   2   0   0   0  0.2649   1   1
   1   2   3   3   2   0   0   0 -0.7586   1   1
   1   2   3   3   4   0   0   0 -8.4618   1   1
   1   2   3   4   2   0   0   0 -0.8948   1   1
   1   2   3   4   4   0   0   0 -6.2108   1   1
   1   2   4   3   2   0   0   0 -3.9959   1   1
   1   2   4   3   4   0   0   0  9.6463   1   1
   1   2   4   4   2   0   0   0  4.4325   1   1
   2   1   3   3   2   0   0   0  0.7586   1   1
   2   1   3   3   4   0   0   0  8.4618   1   1
   2   1   3   4   2   0   0   0 -3.9959   1   1
   2   1   3   4   4   0   0   0  9.6463   1   1
   2   1   4   3   2   0   0   0 -0.8948   1   1
   2   1   4   3   4   0   0   0 -6.2108   1   1
   2   1   4   4   2   0   0   0 -4.4325   1   1
   2   2   3   3   0   0   0   0 -9.2198   1   1
   2   2   3   3   2   0   0   0 -0.0268   1   1
   2   2   3   4   2   0   0   0  3.9927   1   1
   2   2   4   3   2   0   0   0 -3.9927   1   1
   2   2   4   4   0   0   0   0 -3.1038   1   1
   2   2   4   4   2   0   0   0  2.0722   1   1
   3   3   1   1   0   0   0   0-14.7711   1   1
   3   3   1   1   2   0   0   0  5.9326   1   1
   3   3   1   1   4   0   0   0 -5.9154   1   1
   3   3   1   1   6   0   0   0  1.0297   1   1
   3   3   1   2   2   0   0   0 -0.7586   1   1
   3   3   1   2   4   0   0   0 -8.4618   1   1
   3   3   2   1   2   0   0   0  0.7586   1   1
   3   3   2   1   4   0   0   0  8.4618   1   1
   3   3   2   2   0   0   0   0 -9.2198   1   1
   3   3   2   2   2   0   0   0 -0.0268   1   1
   3   4   1   1   2   0   0   0 -1.1744   1   1
   3   4   1   1   4   0   0   0 -8.8104   1   1
   3   4   1   2   2   0   0   0 -0.8948   1   1
   3   4   1   2   4   0   0   0 -6.2108   1   1
   3   4   2   1   2   0   0   0 -3.9959   1   1
   3   4   2   1   4   0   0   0  9.6463   1   1
   3   4   2   2   2   0   0   0  3.9927   1   1
   4   3   1   1   2   0   0   0  1.1744   1   1
   4   3   1   1   4   0   0   0  8.8104   1   1
   4   3   1   2   2   0   0   0 -3.9959   1   1
   4   3   1   2   4   0   0   0  9.6463   1   1
   4   3   2   1   2   0   0   0 -0.8948   1   1
   4   3   2   1   4   0   0   0 -6.2108   1   1
   4   3   2   2   2   0   0   0 -3.9927   1   1
   4   4   1   1   0   0   0   0 -9.6104   1   1
   4   4   1   1   2   0   0   0  0.2649   1   1
   4   4   1   2   2   0   0   0  4.4325   1   1
   4   4   2   1   2   0   0   0 -4.4325   1   1
   4   4   2   2   0   0   0   0 -3.1038   1   1
   4   4   2   2   2   0   0   0  2.0722   1   1
