      1      2      1      2 -0.608768000000000     
      1      5      1      2   2.22369500000000     
      1      3      1      3 -0.608768000000000     
      2      5      1      3   1.92577636026844     
      1      6      1      3   1.11184750000000     
      2      3      2      3  -2.06125200000000     
      1      4      2      3   1.45248400000000     
      3      5      2      3   1.11184750000000     
      2      6      2      3   1.11184750000000     
      5      6      2      3   3.63677886907659     
      2      3      1      4   1.45248400000000     
      1      4      1      4  -2.06125200000000     
      3      5      1      4   1.11184750000000     
      2      6      1      4   1.11184750000000     
      5      6      1      4  -3.63677886907659     
      2      4      2      4 -0.608768000000000     
      4      5      2      4   1.11184750000000     
      3      6      2      4   1.92577636026844     
      3      4      3      4 -0.608768000000000     
      4      6      3      4   2.22369500000000     
      1      2      1      5   2.22369500000000     
      1      5      1      5  0.285486000000000     
      1      3      2      5   1.92577636026844     
      2      5      2      5  0.752178250000000     
      1      6      2      5 -0.808334688498637     
      2      3      3      5   1.11184750000000     
      1      4      3      5   1.11184750000000     
      3      5      3      5   1.21887050000000     
      2      6      3      5 -0.933384500000001     
      5      6      3      5  0.000000000000000E+000
      2      4      4      5   1.11184750000000     
      4      5      4      5   1.68556275000000     
      3      6      4      5 -0.808334688498637     
      1      3      1      6   1.11184750000000     
      2      5      1      6 -0.808334688498637     
      1      6      1      6   1.68556275000000     
      2      3      2      6   1.11184750000000     
      1      4      2      6   1.11184750000000     
      3      5      2      6 -0.933384500000001     
      2      6      2      6   1.21887050000000     
      5      6      2      6  0.000000000000000E+000
      2      4      3      6   1.92577636026844     
      4      5      3      6 -0.808334688498637     
      3      6      3      6  0.752178250000000     
      3      4      4      6   2.22369500000000     
      4      6      4      6  0.285486000000000     
      2      3      5      6   3.63677886907659     
      1      4      5      6  -3.63677886907659     
      3      5      5      6  0.000000000000000E+000
      2      6      5      6  0.000000000000000E+000
      5      6      5      6  0.577203000000000     
      1      7      1      7  -5.91492200000000     
      2      7      2      7  -3.48681350000000     
      5      7      2      7   1.13016800000000     
      1      8      2      7  -2.42810850000000     
      1     11      2      7  -1.07141500000000     
      3      7      3      7  -2.57601170000000     
      6      7      3      7  -1.54569764773747     
      2      8      3      7  -1.05170332881679     
      5      8      3      7   2.19741455106600     
      1      9      3      7  -1.51730670000000     
      2     11      3      7  0.371379493082273     
      5     11      3      7  0.979012992348672     
      1     12      3      7  -2.78607815090767     
      4      7      4      7  -2.79333805000000     
      3      8      4      7  0.217326350000001     
      6      8      4      7  -1.54569764773747     
      2      9      4      7  -1.12812815000000     
      5      9      4      7   2.67586564773747     
      1     10      4      7 -0.389178550000000     
      3     11      4      7   1.71466315090767     
      6     11      4      7  -1.08187115390680     
      2     12      4      7  -2.78607815090767     
      5     12      4      7   2.77757139792474     
      2      7      5      7   1.13016800000000     
      5      7      5      7  -3.25235700000000     
      1      8      5      7  -1.13016800000000     
      1     11      5      7  -2.80876650000000     
      3      7      6      7  -1.54569764773747     
      6      7      6      7  -3.26705737500000     
      2      8      6      7   2.43732070504350     
      5      8      6      7  8.487265463438698E-003
      1      9      6      7  -2.67586564773747     
      2     11      6      7  0.869016439022760     
      5     11      6      7  -1.99634638781700     
      1     12      6      7  -4.31394712500000     
      2      7      1      8  -2.42810850000000     
      5      7      1      8  -1.13016800000000     
      1      8      1      8  -3.48681350000000     
      1     11      1      8   1.07141500000000     
      3      7      2      8  -1.05170332881679     
      6      7      2      8   2.43732070504350     
      2      8      2      8  -4.70051960000000     
      5      8      2      8  -1.40718776515831     
      1      9      2      8  -1.05170332881679     
      2     11      2      8  -1.50024710060511     
      5     11      2      8  -1.13046682934529     
      1     12      2      8   2.59850420215596     
      4      7      3      8  0.217326350000001     
      3      8      3      8  -4.00774045000000     
      6      8      3      8   1.26867788257916     
      2      9      3      8  -1.60358095000000     
      5      9      3      8 -0.138509882579157     
      1     10      3      8  -1.12812815000000     
      3     11      3      8  -1.28583105030256     
      6     11      3      8   1.64710456857945     
      2     12      3      8  0.214416050302557     
      5     12      3      8  -2.21233798325210     
      4      8      4      8  -2.57601170000000     
      3      9      4      8  -1.05170332881679     
      6      9      4      8 -0.239906153977499     
      2     10      4      8  -1.51730670000000     
      5     10      4      8   2.67586564773747     
      4     11      4      8   1.71466315090767     
      3     12      4      8  -2.22712470907368     
      6     12      4      8  0.979012992348672     
      3      7      5      8   2.19741455106600     
      6      7      5      8  8.487265463438920E-003
      2      8      5      8  -1.40718776515831     
      5      8      5      8  -3.25725712500000     
      1      9      5      8  0.239906153977499     
      2     11      5      8  -3.31049337500000     
      5     11      5      8   1.15259112440188     
      1     12      5      8  0.869016439022760     
      4      7      6      8  -1.54569764773747     
      3      8      6      8   1.26867788257916     
      6      8      6      8  -3.26215725000000     
      2      9      6      8  0.138509882579157     
      5      9      6      8  9.800250000000954E-003
      1     10      6      8  -2.67586564773747     
      3     11      6      8   1.00345375000000     
      6     11      6      8  -1.15259112440188     
      2     12      6      8  -3.81222025000000     
      5     12      6      8  -1.15259112440188     
      7      8      7      8 -0.905752000000000     
      7     11      7      8   2.10954200000000     
      3      7      1      9  -1.51730670000000     
      6      7      1      9  -2.67586564773747     
      2      8      1      9  -1.05170332881679     
      5      8      1      9  0.239906153977499     
      1      9      1      9  -2.57601170000000     
      2     11      1      9   2.22712470907368     
      5     11      1      9  0.979012992348672     
      1     12      1      9  -1.71466315090767     
      4      7      2      9  -1.12812815000000     
      3      8      2      9  -1.60358095000000     
      6      8      2      9  0.138509882579157     
      2      9      2      9  -4.00774045000000     
      5      9      2      9  -1.26867788257916     
      1     10      2      9  0.217326350000001     
      3     11      2      9 -0.214416050302557     
      6     11      2      9  -2.21233798325210     
      2     12      2      9   1.28583105030256     
      5     12      2      9   1.64710456857945     
      4      8      3      9  -1.05170332881679     
      3      9      3      9  -4.70051960000000     
      6      9      3      9   1.40718776515831     
      2     10      3      9  -1.05170332881679     
      5     10      3      9  -2.43732070504350     
      4     11      3      9  -2.59850420215596     
      3     12      3      9   1.50024710060511     
      6     12      3      9  -1.13046682934529     
      4      9      4      9  -3.48681350000000     
      3     10      4      9  -2.42810850000000     
      6     10      4      9   1.13016800000000     
      4     12      4      9  -1.07141500000000     
      4      7      5      9   2.67586564773747     
      3      8      5      9 -0.138509882579157     
      6      8      5      9  9.800250000000954E-003
      2      9      5      9  -1.26867788257916     
      5      9      5      9  -3.26215725000000     
      1     10      5      9   1.54569764773747     
      3     11      5      9  -3.81222025000000     
      6     11      5      9   1.15259112440188     
      2     12      5      9   1.00345375000000     
      5     12      5      9   1.15259112440188     
      4      8      6      9 -0.239906153977499     
      3      9      6      9   1.40718776515831     
      6      9      6      9  -3.25725712500000     
      2     10      6      9  -2.19741455106600     
      5     10      6      9  8.487265463438920E-003
      4     11      6      9  0.869016439022760     
      3     12      6      9  -3.31049337500000     
      6     12      6      9  -1.15259112440188     
      7      9      7      9 -0.905752000000000     
      8     11      7      9   1.82691696235023     
      7     12      7      9   1.05477100000000     
      8      9      8      9  -2.02398250000000     
      7     10      8      9   1.11823050000000     
      9     11      8      9   1.05477100000000     
      8     12      8      9   1.05477100000000     
     11     12      8      9   3.91618009284717     
      4      7      1     10 -0.389178550000000     
      3      8      1     10  -1.12812815000000     
      6      8      1     10  -2.67586564773747     
      2      9      1     10  0.217326350000001     
      5      9      1     10   1.54569764773747     
      1     10      1     10  -2.79333805000000     
      3     11      1     10   2.78607815090767     
      6     11      1     10   2.77757139792474     
      2     12      1     10  -1.71466315090767     
      5     12      1     10  -1.08187115390680     
      4      8      2     10  -1.51730670000000     
      3      9      2     10  -1.05170332881679     
      6      9      2     10  -2.19741455106600     
      2     10      2     10  -2.57601170000000     
      5     10      2     10   1.54569764773747     
      4     11      2     10   2.78607815090767     
      3     12      2     10 -0.371379493082273     
      6     12      2     10  0.979012992348672     
      4      9      3     10  -2.42810850000000     
      3     10      3     10  -3.48681350000000     
      6     10      3     10  -1.13016800000000     
      4     12      3     10   1.07141500000000     
      4     10      4     10  -5.91492200000000     
      4      8      5     10   2.67586564773747     
      3      9      5     10  -2.43732070504350     
      6      9      5     10  8.487265463438698E-003
      2     10      5     10   1.54569764773747     
      5     10      5     10  -3.26705737500000     
      4     11      5     10  -4.31394712500000     
      3     12      5     10  0.869016439022760     
      6     12      5     10   1.99634638781700     
      4      9      6     10   1.13016800000000     
      3     10      6     10  -1.13016800000000     
      6     10      6     10  -3.25235700000000     
      4     12      6     10  -2.80876650000000     
      8      9      7     10   1.11823050000000     
      7     10      7     10  -2.02398250000000     
      9     11      7     10   1.05477100000000     
      8     12      7     10   1.05477100000000     
     11     12      7     10  -3.91618009284717     
      8     10      8     10 -0.905752000000000     
     10     11      8     10   1.05477100000000     
      9     12      8     10   1.82691696235023     
      9     10      9     10 -0.905752000000000     
     10     12      9     10   2.10954200000000     
      2      7      1     11  -1.07141500000000     
      5      7      1     11  -2.80876650000000     
      1      8      1     11   1.07141500000000     
      1     11      1     11  -3.47033450000000     
      3      7      2     11  0.371379493082273     
      6      7      2     11  0.869016439022760     
      2      8      2     11  -1.50024710060511     
      5      8      2     11  -3.31049337500000     
      1      9      2     11   2.22712470907368     
      2     11      2     11  -3.42196600000000     
      5     11      2     11   1.27953977259526     
      1     12      2     11 -8.377669948589550E-002
      4      7      3     11   1.71466315090767     
      3      8      3     11  -1.28583105030256     
      6      8      3     11   1.00345375000000     
      2      9      3     11 -0.214416050302557     
      5      9      3     11  -3.81222025000000     
      1     10      3     11   2.78607815090767     
      3     11      3     11  -3.37359750000000     
      6     11      3     11   1.27953977259526     
      2     12      3     11 -9.673699999999963E-002
      5     12      3     11   1.27953977259526     
      4      8      4     11   1.71466315090767     
      3      9      4     11  -2.59850420215596     
      6      9      4     11  0.869016439022760     
      2     10      4     11   2.78607815090767     
      5     10      4     11  -4.31394712500000     
      4     11      4     11  -3.32522900000000     
      3     12      4     11 -8.377669948589506E-002
      6     12      4     11   2.21622789644011     
      3      7      5     11  0.979012992348672     
      6      7      5     11  -1.99634638781700     
      2      8      5     11  -1.13046682934529     
      5      8      5     11   1.15259112440188     
      1      9      5     11  0.979012992348672     
      2     11      5     11   1.27953977259526     
      5     11      5     11  -2.15009100000000     
      1     12      5     11  -2.21622789644011     
      4      7      6     11  -1.08187115390680     
      3      8      6     11   1.64710456857945     
      6      8      6     11  -1.15259112440188     
      2      9      6     11  -2.21233798325210     
      5      9      6     11   1.15259112440188     
      1     10      6     11   2.77757139792474     
      3     11      6     11   1.27953977259526     
      6     11      6     11 -0.953700500000000     
      2     12      6     11  -1.27953977259526     
      5     12      6     11  -1.19639050000000     
      7      8      7     11   2.10954200000000     
      7     11      7     11 -0.729231000000000     
      7      9      8     11   1.82691696235023     
      8     11      8     11 -0.225072750000000     
      7     12      8     11 -0.873227704055012     
      8      9      9     11   1.05477100000000     
      7     10      9     11   1.05477100000000     
      9     11      9     11  0.279085500000000     
      8     12      9     11  -1.00831650000000     
     11     12      9     11  0.000000000000000E+000
      8     10     10     11   1.05477100000000     
     10     11     10     11  0.783243750000001     
      9     12     10     11 -0.873227704055012     
      3      7      1     12  -2.78607815090767     
      6      7      1     12  -4.31394712500000     
      2      8      1     12   2.59850420215596     
      5      8      1     12  0.869016439022760     
      1      9      1     12  -1.71466315090767     
      2     11      1     12 -8.377669948589506E-002
      5     11      1     12  -2.21622789644011     
      1     12      1     12  -3.32522900000000     
      4      7      2     12  -2.78607815090767     
      3      8      2     12  0.214416050302557     
      6      8      2     12  -3.81222025000000     
      2      9      2     12   1.28583105030256     
      5      9      2     12   1.00345375000000     
      1     10      2     12  -1.71466315090767     
      3     11      2     12 -9.673699999999963E-002
      6     11      2     12  -1.27953977259526     
      2     12      2     12  -3.37359750000000     
      5     12      2     12  -1.27953977259526     
      4      8      3     12  -2.22712470907368     
      3      9      3     12   1.50024710060511     
      6      9      3     12  -3.31049337500000     
      2     10      3     12 -0.371379493082273     
      5     10      3     12  0.869016439022760     
      4     11      3     12 -8.377669948589550E-002
      3     12      3     12  -3.42196600000000     
      6     12      3     12  -1.27953977259526     
      4      9      4     12  -1.07141500000000     
      3     10      4     12   1.07141500000000     
      6     10      4     12  -2.80876650000000     
      4     12      4     12  -3.47033450000000     
      4      7      5     12   2.77757139792474     
      3      8      5     12  -2.21233798325210     
      6      8      5     12  -1.15259112440188     
      2      9      5     12   1.64710456857945     
      5      9      5     12   1.15259112440188     
      1     10      5     12  -1.08187115390680     
      3     11      5     12   1.27953977259526     
      6     11      5     12  -1.19639050000000     
      2     12      5     12  -1.27953977259526     
      5     12      5     12 -0.953700500000000     
      4      8      6     12  0.979012992348672     
      3      9      6     12  -1.13046682934529     
      6      9      6     12  -1.15259112440188     
      2     10      6     12  0.979012992348672     
      5     10      6     12   1.99634638781700     
      4     11      6     12   2.21622789644011     
      3     12      6     12  -1.27953977259526     
      6     12      6     12  -2.15009100000000     
      7      9      7     12   1.05477100000000     
      8     11      7     12 -0.873227704055012     
      7     12      7     12  0.783243750000001     
      8      9      8     12   1.05477100000000     
      7     10      8     12   1.05477100000000     
      9     11      8     12  -1.00831650000000     
      8     12      8     12  0.279085500000000     
     11     12      8     12  0.000000000000000E+000
      8     10      9     12   1.82691696235023     
     10     11      9     12 -0.873227704055012     
      9     12      9     12 -0.225072750000000     
      9     10     10     12   2.10954200000000     
     10     12     10     12 -0.729231000000000     
      8      9     11     12   3.91618009284717     
      7     10     11     12  -3.91618009284717     
      9     11     11     12  0.000000000000000E+000
      8     12     11     12  0.000000000000000E+000
     11     12     11     12  0.802485000000000     
