############################################################################################################
# initial vector basename: o_140
# final   vector basename: o_140
# Operator file: Rp2.int
# Zero body term: 1.12199
# Jf  nJf     Ji  nJi      Ei          Ef         <Op1b>          <Op2b>         <Op1b+2b>     <Op0b+1b+2b>
###########################################################################################################
 0.0   1     0.0   1    -85.485     -85.485    8.160610e+00   -1.102832e+00    7.057778e+00    8.179768e+00
 0.0   1     0.0   2    -85.485     -67.333    1.027489e-01    4.207083e-02    1.448197e-01    1.448197e-01
 0.0   2     0.0   1    -67.333     -85.485    0.000000e+00    0.000000e+00    0.000000e+00    0.000000e+00
 0.0   2     0.0   2    -67.333     -67.333    8.427400e+00   -1.086030e+00    7.341370e+00    8.463360e+00
 1.0   1     1.0   1    -73.952     -73.952    8.294006e+00   -1.122430e+00    7.171577e+00    8.293567e+00
 1.0   1     1.0   2    -73.952       0.000    0.000000e+00    0.000000e+00    0.000000e+00    0.000000e+00
 1.0   2     1.0   1      0.000     -73.952    0.000000e+00    0.000000e+00    0.000000e+00    0.000000e+00
 1.0   2     1.0   2      0.000       0.000    0.000000e+00    0.000000e+00    0.000000e+00    1.121990e+00
