############################################################################################################
# initial vector basename: n_140
# final   vector basename: n_140
# Operator file: VCoul.int
# Zero body term: 1.08929
# Jf  nJf     Ji  nJi      Ei          Ef         <Op1b>          <Op2b>         <Op1b+2b>     <Op0b+1b+2b>
###########################################################################################################
 0.0   1     0.0   1    -88.926     -88.926    3.889940e+00    6.186184e+00    1.007612e+01    1.116541e+01
 0.0   1     0.0   2    -88.926     -72.180   -3.386167e-02   -1.597950e-01   -1.936566e-01   -1.936566e-01
 0.0   2     0.0   1    -72.180     -88.926    0.000000e+00    0.000000e+00    0.000000e+00    0.000000e+00
 0.0   2     0.0   2    -72.180     -72.180    3.811162e+00    5.633194e+00    9.444356e+00    1.053365e+01
 1.0   1     1.0   1    -92.162     -92.162    3.869467e+00    6.162320e+00    1.003179e+01    1.112108e+01
 1.0   1     1.0   2    -92.162     -87.155   -3.434758e-02   -1.617118e-01   -1.960594e-01   -1.960594e-01
 1.0   2     1.0   1    -87.155     -92.162    0.000000e+00    0.000000e+00    0.000000e+00    0.000000e+00
 1.0   2     1.0   2    -87.155     -87.155    3.861887e+00    6.020529e+00    9.882416e+00    1.097171e+01
