############################################################################################################
# initial vector basename: n_140
# final   vector basename: n_140
# Operator file: Rn2.int
# Zero body term: 1.07634
# Jf  nJf     Ji  nJi      Ei          Ef         <Op1b>          <Op2b>         <Op1b+2b>     <Op0b+1b+2b>
###########################################################################################################
 0.0   1     0.0   1    -88.926     -88.926    4.825119e+00   -1.038977e+00    3.786142e+00    4.862482e+00
 0.0   1     0.0   2    -88.926     -72.180    2.104940e-01    5.615935e-04    2.110556e-01    2.110556e-01
 0.0   2     0.0   1    -72.180     -88.926    0.000000e+00    0.000000e+00    0.000000e+00    0.000000e+00
 0.0   2     0.0   2    -72.180     -72.180    5.314821e+00   -8.346269e-01    4.480194e+00    5.556534e+00
 1.0   1     1.0   1    -92.162     -92.162    4.907244e+00   -1.162296e+00    3.744949e+00    4.821289e+00
 1.0   1     1.0   2    -92.162     -87.155    1.708927e-01   -2.119341e-02    1.496993e-01    1.496993e-01
 1.0   2     1.0   1    -87.155     -92.162    0.000000e+00    0.000000e+00    0.000000e+00    0.000000e+00
 1.0   2     1.0   2    -87.155     -87.155    4.959293e+00   -9.957191e-01    3.963574e+00    5.039914e+00
