############################################################################################################
# initial vector basename: c_140
# final   vector basename: c_140
# Operator file: Iso2.int
# Zero body term: -0.023515
# Jf  nJf     Ji  nJi      Ei          Ef         <Op1b>          <Op2b>         <Op1b+2b>     <Op0b+1b+2b>
###########################################################################################################
 0.0   1     0.0   1    -91.345     -91.345    7.570933e+00   -5.541597e+00    2.029337e+00    2.005822e+00
 0.0   1     0.0   2    -91.345     -76.311    2.746873e-03    1.063680e-03    3.810553e-03    3.810553e-03
 0.0   2     0.0   1    -76.311     -91.345    0.000000e+00    0.000000e+00    0.000000e+00    0.000000e+00
 0.0   2     0.0   2    -76.311     -76.311    7.576790e+00   -5.538143e+00    2.038647e+00    2.015132e+00
 1.0   1     1.0   1    -80.208     -80.208    7.573861e+00   -5.542132e+00    2.031729e+00    2.008214e+00
 1.0   1     1.0   2    -80.208       0.000    0.000000e+00    0.000000e+00    0.000000e+00    0.000000e+00
 1.0   2     1.0   1      0.000     -80.208    0.000000e+00    0.000000e+00    0.000000e+00    0.000000e+00
 1.0   2     1.0   2      0.000       0.000    0.000000e+00    0.000000e+00    0.000000e+00   -2.351500e-02
