############################################################################################################
# initial vector basename: c_140
# final   vector basename: c_140
# Operator file: Rn2.int
# Zero body term: 1.07634
# Jf  nJf     Ji  nJi      Ei          Ef         <Op1b>          <Op2b>         <Op1b+2b>     <Op0b+1b+2b>
###########################################################################################################
 0.0   1     0.0   1    -91.345     -91.345    6.024225e+00   -9.246819e-01    5.099543e+00    6.175883e+00
 0.0   1     0.0   2    -91.345     -76.311    1.424334e-01   -3.546710e-03    1.388867e-01    1.388867e-01
 0.0   2     0.0   1    -76.311     -91.345    0.000000e+00    0.000000e+00    0.000000e+00    0.000000e+00
 0.0   2     0.0   2    -76.311     -76.311    6.327874e+00   -9.724920e-01    5.355382e+00    6.431722e+00
 1.0   1     1.0   1    -80.208     -80.208    6.176050e+00   -9.877349e-01    5.188315e+00    6.264655e+00
 1.0   1     1.0   2    -80.208       0.000    0.000000e+00    0.000000e+00    0.000000e+00    0.000000e+00
 1.0   2     1.0   1      0.000     -80.208    0.000000e+00    0.000000e+00    0.000000e+00    0.000000e+00
 1.0   2     1.0   2      0.000       0.000    0.000000e+00    0.000000e+00    0.000000e+00    1.076340e+00
