############################################################################################################
# initial vector basename: c_140
# final   vector basename: c_140
# Operator file: Rp2.int
# Zero body term: 1.12199
# Jf  nJf     Ji  nJi      Ei          Ef         <Op1b>          <Op2b>         <Op1b+2b>     <Op0b+1b+2b>
###########################################################################################################
 0.0   1     0.0   1    -91.345     -91.345    5.239132e+00   -1.590986e+00    3.648146e+00    4.770136e+00
 0.0   1     0.0   2    -91.345     -76.311    3.059638e-01    5.898858e-02    3.649523e-01    3.649523e-01
 0.0   2     0.0   1    -76.311     -91.345    0.000000e+00    0.000000e+00    0.000000e+00    0.000000e+00
 0.0   2     0.0   2    -76.311     -76.311    5.891404e+00   -9.604686e-01    4.930936e+00    6.052926e+00
 1.0   1     1.0   1    -80.208     -80.208    5.565268e+00   -1.256526e+00    4.308742e+00    5.430732e+00
 1.0   1     1.0   2    -80.208       0.000    0.000000e+00    0.000000e+00    0.000000e+00    0.000000e+00
 1.0   2     1.0   1      0.000     -80.208    0.000000e+00    0.000000e+00    0.000000e+00    0.000000e+00
 1.0   2     1.0   2      0.000       0.000    0.000000e+00    0.000000e+00    0.000000e+00    1.121990e+00
