############################################################################################################
# initial vector basename: o_140
# final   vector basename: o_140
# Operator file: VCoul.int
# Zero body term: 1.08929
# Jf  nJf     Ji  nJi      Ei          Ef         <Op1b>          <Op2b>         <Op1b+2b>     <Op0b+1b+2b>
###########################################################################################################
 0.0   1     0.0   1    -85.485     -85.485    4.666860e+00    8.352445e+00    1.301930e+01    1.410859e+01
 0.0   1     0.0   2    -85.485     -67.333    2.462931e-02   -8.808317e-02   -6.345386e-02   -6.345386e-02
 0.0   2     0.0   1    -67.333     -85.485    0.000000e+00    0.000000e+00    0.000000e+00    0.000000e+00
 0.0   2     0.0   2    -67.333     -67.333    4.730811e+00    8.167174e+00    1.289798e+01    1.398727e+01
 1.0   1     1.0   1    -73.952     -73.952    4.698836e+00    8.265119e+00    1.296396e+01    1.405325e+01
 1.0   1     1.0   2    -73.952       0.000    0.000000e+00    0.000000e+00    0.000000e+00    0.000000e+00
 1.0   2     1.0   1      0.000     -73.952    0.000000e+00    0.000000e+00    0.000000e+00    0.000000e+00
 1.0   2     1.0   2      0.000       0.000    0.000000e+00    0.000000e+00    0.000000e+00    1.089290e+00
