############################################################################################################
# initial vector basename: c_140
# final   vector basename: c_140
# Operator file: VCoul.int
# Zero body term: 1.08929
# Jf  nJf     Ji  nJi      Ei          Ef         <Op1b>          <Op2b>         <Op1b+2b>     <Op0b+1b+2b>
###########################################################################################################
 0.0   1     0.0   1    -91.345     -91.345    3.107466e+00    4.567487e+00    7.674952e+00    8.764242e+00
 0.0   1     0.0   2    -91.345     -76.311   -9.869341e-02   -1.481304e-01   -2.468238e-01   -2.468238e-01
 0.0   2     0.0   1    -76.311     -91.345    0.000000e+00    0.000000e+00    0.000000e+00    0.000000e+00
 0.0   2     0.0   2    -76.311     -76.311    2.897065e+00    3.597620e+00    6.494685e+00    7.583975e+00
 1.0   1     1.0   1    -80.208     -80.208    3.002265e+00    3.943236e+00    6.945501e+00    8.034791e+00
 1.0   1     1.0   2    -80.208       0.000    0.000000e+00    0.000000e+00    0.000000e+00    0.000000e+00
 1.0   2     1.0   1      0.000     -80.208    0.000000e+00    0.000000e+00    0.000000e+00    0.000000e+00
 1.0   2     1.0   2      0.000       0.000    0.000000e+00    0.000000e+00    0.000000e+00    1.089290e+00
