############################################################################################################
# initial vector basename: o_140
# final   vector basename: o_140
# Operator file: Iso2.int
# Zero body term: -0.023515
# Jf  nJf     Ji  nJi      Ei          Ef         <Op1b>          <Op2b>         <Op1b+2b>     <Op0b+1b+2b>
###########################################################################################################
 0.0   1     0.0   1    -85.485     -85.485    7.545490e+00   -5.500153e+00    2.045338e+00    2.021823e+00
 0.0   1     0.0   2    -85.485     -67.333    1.251914e-03    4.855982e-03    6.107896e-03    6.107896e-03
 0.0   2     0.0   1    -67.333     -85.485    0.000000e+00    0.000000e+00    0.000000e+00    0.000000e+00
 0.0   2     0.0   2    -67.333     -67.333    7.548742e+00   -5.507793e+00    2.040949e+00    2.017434e+00
 1.0   1     1.0   1    -73.952     -73.952    7.547118e+00   -5.505493e+00    2.041625e+00    2.018110e+00
 1.0   1     1.0   2    -73.952       0.000    0.000000e+00    0.000000e+00    0.000000e+00    0.000000e+00
 1.0   2     1.0   1      0.000     -73.952    0.000000e+00    0.000000e+00    0.000000e+00    0.000000e+00
 1.0   2     1.0   2      0.000       0.000    0.000000e+00    0.000000e+00    0.000000e+00   -2.351500e-02
