      1      2      1      2 -0.818156000000000     
      1      5      1      2   2.10948800000000     
      1      3      1      3 -0.818156000000000     
      2      5      1      3   1.82687019697843     
      1      6      1      3   1.05474400000000     
      2      3      2      3  -2.18655400000000     
      1      4      2      3   1.36839800000000     
      3      5      2      3   1.05474400000000     
      2      6      2      3   1.05474400000000     
      5      6      2      3   3.62340818695113     
      2      3      1      4   1.36839800000000     
      1      4      1      4  -2.18655400000000     
      3      5      1      4   1.05474400000000     
      2      6      1      4   1.05474400000000     
      5      6      1      4  -3.62340818695113     
      2      4      2      4 -0.818156000000000     
      4      5      2      4   1.05474400000000     
      3      6      2      4   1.82687019697843     
      3      4      3      4 -0.818156000000000     
      4      6      3      4   2.10948800000000     
      1      2      1      5   2.10948800000000     
      1      5      1      5 -0.783376000000000     
      1      3      2      5   1.82687019697843     
      2      5      2      5 -0.299221500000000     
      1      6      2      5 -0.838580192713107     
      2      3      3      5   1.05474400000000     
      1      4      3      5   1.05474400000000     
      3      5      3      5  0.184933000000000     
      2      6      3      5 -0.968309000000001     
      5      6      3      5  0.000000000000000E+000
      2      4      4      5   1.05474400000000     
      4      5      4      5  0.669087500000001     
      3      6      4      5 -0.838580192713107     
      1      3      1      6   1.05474400000000     
      2      5      1      6 -0.838580192713107     
      1      6      1      6  0.669087500000001     
      2      3      2      6   1.05474400000000     
      1      4      2      6   1.05474400000000     
      3      5      2      6 -0.968309000000001     
      2      6      2      6  0.184933000000000     
      5      6      2      6  0.000000000000000E+000
      2      4      3      6   1.82687019697843     
      4      5      3      6 -0.838580192713107     
      3      6      3      6 -0.299221500000000     
      3      4      4      6   2.10948800000000     
      4      6      4      6 -0.783376000000000     
      2      3      5      6   3.62340818695113     
      1      4      5      6  -3.62340818695113     
      3      5      5      6  0.000000000000000E+000
      2      6      5      6  0.000000000000000E+000
      5      6      5      6  0.530109000000000     
      1      7      1      7  -6.16826000000000     
      2      7      2      7  -3.72303800000000     
      5      7      2      7  0.957659000000000     
      1      8      2      7  -2.44522200000000     
      1     11      2      7  -1.03977250000000     
      3      7      3      7  -2.89987010000000     
      6      7      3      7  -1.52588571666896     
      2      8      3      7 -0.950512417306515     
      5      8      3      7   1.98677989215516     
      1      9      3      7  -1.62205410000000     
      2     11      3      7  0.228744209335468     
      5     11      3      7  0.956837349162960     
      1     12      3      7  -2.47574159250620     
      4      7      4      7  -3.20012590000000     
      3      8      4      7  0.300255800000002     
      6      8      4      7  -1.52588571666895     
      2      9      4      7  -1.12342370000000     
      5      9      4      7   2.48354471666895     
      1     10      4      7 -0.498630400000000     
      3     11      4      7   1.43596909250620     
      6     11      4      7 -0.822576161626318     
      2     12      4      7  -2.47574159250620     
      5     12      4      7   2.47986706495609     
      2      7      5      7  0.957659000000000     
      5      7      5      7  -3.92724950000000     
      1      8      5      7 -0.957659000000000     
      1     11      5      7  -2.57354400000000     
      3      7      6      7  -1.52588571666895     
      6      7      6      7  -3.81209787500000     
      2      8      6      7   2.31484573998472     
      5      8      6      7 -6.648282169137265E-002
      1      9      6      7  -2.48354471666896     
      2     11      6      7  0.767569357198047     
      5     11      6      7  -1.71248359473996     
      1     12      6      7  -3.90301312500000     
      2      7      1      8  -2.44522200000000     
      5      7      1      8 -0.957659000000000     
      1      8      1      8  -3.72303800000000     
      1     11      1      8   1.03977250000000     
      3      7      2      8 -0.950512417306515     
      6      7      2      8   2.31484573998472     
      2      8      2      8  -5.07070280000000     
      5      8      2      8  -1.33647681111264     
      1      9      2      8 -0.950512417306515     
      2     11      2      8  -1.30390356167080     
      5     11      2      8  -1.10486060221985     
      1     12      2      8   2.25842721698385     
      4      7      3      8  0.300255800000002     
      3      8      3      8  -4.29768310000000     
      6      8      3      8   1.14706790555632     
      2      9      3      8  -1.59618760000000     
      5      9      3      8 -0.189408905556318     
      1     10      3      8  -1.12342370000000     
      3     11      3      8  -1.17183803083540     
      6     11      3      8   1.37500646273624     
      2     12      3      8  0.132065530835401     
      5     12      3      8  -1.92743676384616     
      4      8      4      8  -2.89987010000000     
      3      9      4      8 -0.950512417306515     
      6      9      4      8 -0.328065847829558     
      2     10      4      8  -1.62205410000000     
      5     10      4      8   2.48354471666896     
      4     11      4      8   1.43596909250620     
      3     12      4      8  -2.02968300764838     
      6     12      4      8  0.956837349162960     
      3      7      5      8   1.98677989215516     
      6      7      5      8 -6.648282169137243E-002
      2      8      5      8  -1.33647681111264     
      5      8      5      8  -3.88886562500000     
      1      9      5      8  0.328065847829558     
      2     11      5      8  -3.01670037500000     
      5     11      5      8  0.988702864405935     
      1     12      5      8  0.767569357198046     
      4      7      6      8  -1.52588571666895     
      3      8      6      8   1.14706790555632     
      6      8      6      8  -3.85048175000000     
      2      9      6      8  0.189408905556318     
      5      9      6      8 -7.676774999999925E-002
      1     10      6      8  -2.48354471666895     
      3     11      6      8  0.886312750000000     
      6     11      6      8 -0.988702864405935     
      2     12      6      8  -3.45985675000000     
      5     12      6      8 -0.988702864405935     
      7      8      7      8  -1.16419400000000     
      7     11      7      8   1.76050100000000     
      3      7      1      9  -1.62205410000000     
      6      7      1      9  -2.48354471666896     
      2      8      1      9 -0.950512417306515     
      5      8      1      9  0.328065847829558     
      1      9      1      9  -2.89987010000000     
      2     11      1      9   2.02968300764838     
      5     11      1      9  0.956837349162960     
      1     12      1      9  -1.43596909250620     
      4      7      2      9  -1.12342370000000     
      3      8      2      9  -1.59618760000000     
      6      8      2      9  0.189408905556318     
      2      9      2      9  -4.29768310000000     
      5      9      2      9  -1.14706790555632     
      1     10      2      9  0.300255800000002     
      3     11      2      9 -0.132065530835401     
      6     11      2      9  -1.92743676384616     
      2     12      2      9   1.17183803083540     
      5     12      2      9   1.37500646273624     
      4      8      3      9 -0.950512417306515     
      3      9      3      9  -5.07070280000000     
      6      9      3      9   1.33647681111264     
      2     10      3      9 -0.950512417306515     
      5     10      3      9  -2.31484573998472     
      4     11      3      9  -2.25842721698385     
      3     12      3      9   1.30390356167080     
      6     12      3      9  -1.10486060221985     
      4      9      4      9  -3.72303800000000     
      3     10      4      9  -2.44522200000000     
      6     10      4      9  0.957659000000000     
      4     12      4      9  -1.03977250000000     
      4      7      5      9   2.48354471666895     
      3      8      5      9 -0.189408905556318     
      6      8      5      9 -7.676774999999925E-002
      2      9      5      9  -1.14706790555632     
      5      9      5      9  -3.85048175000000     
      1     10      5      9   1.52588571666895     
      3     11      5      9  -3.45985675000000     
      6     11      5      9  0.988702864405935     
      2     12      5      9  0.886312750000000     
      5     12      5      9  0.988702864405935     
      4      8      6      9 -0.328065847829558     
      3      9      6      9   1.33647681111264     
      6      9      6      9  -3.88886562500000     
      2     10      6      9  -1.98677989215516     
      5     10      6      9 -6.648282169137243E-002
      4     11      6      9  0.767569357198046     
      3     12      6      9  -3.01670037500000     
      6     12      6      9 -0.988702864405935     
      7      9      7      9  -1.16419400000000     
      8     11      7      9   1.52463858938791     
      7     12      7      9  0.880250500000000     
      8      9      8      9  -2.46270200000000     
      7     10      8      9   1.29850800000000     
      9     11      8      9  0.880250500000000     
      8     12      8      9  0.880250500000000     
     11     12      8      9   2.82706523708563     
      4      7      1     10 -0.498630400000000     
      3      8      1     10  -1.12342370000000     
      6      8      1     10  -2.48354471666895     
      2      9      1     10  0.300255800000002     
      5      9      1     10   1.52588571666895     
      1     10      1     10  -3.20012590000000     
      3     11      1     10   2.47574159250620     
      6     11      1     10   2.47986706495609     
      2     12      1     10  -1.43596909250620     
      5     12      1     10 -0.822576161626318     
      4      8      2     10  -1.62205410000000     
      3      9      2     10 -0.950512417306515     
      6      9      2     10  -1.98677989215516     
      2     10      2     10  -2.89987010000000     
      5     10      2     10   1.52588571666896     
      4     11      2     10   2.47574159250620     
      3     12      2     10 -0.228744209335468     
      6     12      2     10  0.956837349162960     
      4      9      3     10  -2.44522200000000     
      3     10      3     10  -3.72303800000000     
      6     10      3     10 -0.957659000000000     
      4     12      3     10   1.03977250000000     
      4     10      4     10  -6.16826000000000     
      4      8      5     10   2.48354471666896     
      3      9      5     10  -2.31484573998472     
      6      9      5     10 -6.648282169137265E-002
      2     10      5     10   1.52588571666895     
      5     10      5     10  -3.81209787500000     
      4     11      5     10  -3.90301312500000     
      3     12      5     10  0.767569357198047     
      6     12      5     10   1.71248359473996     
      4      9      6     10  0.957659000000000     
      3     10      6     10 -0.957659000000000     
      6     10      6     10  -3.92724950000000     
      4     12      6     10  -2.57354400000000     
      8      9      7     10   1.29850800000000     
      7     10      7     10  -2.46270200000000     
      9     11      7     10  0.880250500000000     
      8     12      7     10  0.880250500000000     
     11     12      7     10  -2.82706523708563     
      8     10      8     10  -1.16419400000000     
     10     11      8     10  0.880250500000000     
      9     12      8     10   1.52463858938791     
      9     10      9     10  -1.16419400000000     
     10     12      9     10   1.76050100000000     
      2      7      1     11  -1.03977250000000     
      5      7      1     11  -2.57354400000000     
      1      8      1     11   1.03977250000000     
      1     11      1     11  -3.59857150000000     
      3      7      2     11  0.228744209335468     
      6      7      2     11  0.767569357198046     
      2      8      2     11  -1.30390356167080     
      5      8      2     11  -3.01670037500000     
      1      9      2     11   2.02968300764838     
      2     11      2     11  -3.54786475000000     
      5     11      2     11  0.983707862103633     
      1     12      2     11 -8.782666728669342E-002
      4      7      3     11   1.43596909250620     
      3      8      3     11  -1.17183803083540     
      6      8      3     11  0.886312750000000     
      2      9      3     11 -0.132065530835401     
      5      9      3     11  -3.45985675000000     
      1     10      3     11   2.47574159250620     
      3     11      3     11  -3.49715800000000     
      6     11      3     11  0.983707862103633     
      2     12      3     11 -0.101413500000000     
      5     12      3     11  0.983707862103633     
      4      8      4     11   1.43596909250620     
      3      9      4     11  -2.25842721698385     
      6      9      4     11  0.767569357198047     
      2     10      4     11   2.47574159250620     
      5     10      4     11  -3.90301312500000     
      4     11      4     11  -3.44645125000000     
      3     12      4     11 -8.782666728669319E-002
      6     12      4     11   1.70383199696845     
      3      7      5     11  0.956837349162960     
      6      7      5     11  -1.71248359473996     
      2      8      5     11  -1.10486060221985     
      5      8      5     11  0.988702864405935     
      1      9      5     11  0.956837349162960     
      2     11      5     11  0.983707862103633     
      5     11      5     11  -2.57553700000000     
      1     12      5     11  -1.70383199696845     
      4      7      6     11 -0.822576161626318     
      3      8      6     11   1.37500646273624     
      6      8      6     11 -0.988702864405935     
      2      9      6     11  -1.92743676384616     
      5      9      6     11  0.988702864405935     
      1     10      6     11   2.47986706495609     
      3     11      6     11  0.983707862103633     
      6     11      6     11  -1.39549400000000     
      2     12      6     11 -0.983707862103633     
      5     12      6     11  -1.18004300000000     
      7      8      7     11   1.76050100000000     
      7     11      7     11  -1.00558400000000     
      7      9      8     11   1.52463858938791     
      8     11      8     11 -0.591010000000000     
      7     12      8     11 -0.718063231497060     
      8      9      9     11  0.880250500000000     
      7     10      9     11  0.880250500000000     
      9     11      9     11 -0.176436000000000     
      8     12      9     11 -0.829148000000000     
     11     12      9     11  0.000000000000000E+000
      8     10     10     11  0.880250500000000     
     10     11     10     11  0.238138000000000     
      9     12     10     11 -0.718063231497060     
      3      7      1     12  -2.47574159250620     
      6      7      1     12  -3.90301312500000     
      2      8      1     12   2.25842721698385     
      5      8      1     12  0.767569357198047     
      1      9      1     12  -1.43596909250620     
      2     11      1     12 -8.782666728669319E-002
      5     11      1     12  -1.70383199696845     
      1     12      1     12  -3.44645125000000     
      4      7      2     12  -2.47574159250620     
      3      8      2     12  0.132065530835401     
      6      8      2     12  -3.45985675000000     
      2      9      2     12   1.17183803083540     
      5      9      2     12  0.886312750000000     
      1     10      2     12  -1.43596909250620     
      3     11      2     12 -0.101413500000000     
      6     11      2     12 -0.983707862103633     
      2     12      2     12  -3.49715800000000     
      5     12      2     12 -0.983707862103633     
      4      8      3     12  -2.02968300764838     
      3      9      3     12   1.30390356167080     
      6      9      3     12  -3.01670037500000     
      2     10      3     12 -0.228744209335468     
      5     10      3     12  0.767569357198046     
      4     11      3     12 -8.782666728669342E-002
      3     12      3     12  -3.54786475000000     
      6     12      3     12 -0.983707862103633     
      4      9      4     12  -1.03977250000000     
      3     10      4     12   1.03977250000000     
      6     10      4     12  -2.57354400000000     
      4     12      4     12  -3.59857150000000     
      4      7      5     12   2.47986706495609     
      3      8      5     12  -1.92743676384616     
      6      8      5     12 -0.988702864405935     
      2      9      5     12   1.37500646273624     
      5      9      5     12  0.988702864405935     
      1     10      5     12 -0.822576161626318     
      3     11      5     12  0.983707862103633     
      6     11      5     12  -1.18004300000000     
      2     12      5     12 -0.983707862103633     
      5     12      5     12  -1.39549400000000     
      4      8      6     12  0.956837349162960     
      3      9      6     12  -1.10486060221985     
      6      9      6     12 -0.988702864405935     
      2     10      6     12  0.956837349162960     
      5     10      6     12   1.71248359473996     
      4     11      6     12   1.70383199696845     
      3     12      6     12 -0.983707862103633     
      6     12      6     12  -2.57553700000000     
      7      9      7     12  0.880250500000000     
      8     11      7     12 -0.718063231497060     
      7     12      7     12  0.238138000000000     
      8      9      8     12  0.880250500000000     
      7     10      8     12  0.880250500000000     
      9     11      8     12 -0.829148000000000     
      8     12      8     12 -0.176436000000000     
     11     12      8     12  0.000000000000000E+000
      8     10      9     12   1.52463858938791     
     10     11      9     12 -0.718063231497060     
      9     12      9     12 -0.591010000000000     
      9     10     10     12   1.76050100000000     
     10     12     10     12  -1.00558400000000     
      8      9     11     12   2.82706523708563     
      7     10     11     12  -2.82706523708563     
      9     11     11     12  0.000000000000000E+000
      8     12     11     12  0.000000000000000E+000
     11     12     11     12 -0.229846000000000     
