      1      3      1      3           6           0   1.31925203453666     
      1      3      1      3           4           0  -6.13907499151657     
      1      3      1      3           2           0   5.61621527353098     
      1      3      1      3           0           0  -15.9912940000000     
      1      3      1      4           4           0  -7.82898233033205     
      1      3      1      4           2           0 -0.723352703074430     
      1      3      2      3           4           0  -7.85365797555144     
      1      3      2      3           2           0  -1.03743530165561     
      1      3      2      4           4           0  -5.54515133240470     
      1      3      2      4           2           0 -0.467906355868811     
      1      4      1      3           4           0   7.82898233033205     
      1      4      1      3           2           0  0.723352703074429     
      1      4      1      4           2           0  0.277732307927751     
      1      4      1      4           0           0  -9.96316672027700     
      1      4      2      3           4           0   8.72740266457388     
      1      4      2      3           2           0  -3.68993960631599     
      1      4      2      4           2           0   3.40766399393690     
      2      3      1      3           4           0   7.85365797555144     
      2      3      1      3           2           0   1.03743530165561     
      2      3      1      4           4           0   8.72740266457388     
      2      3      1      4           2           0  -3.68993960631599     
      2      3      2      3           2           0  0.210237141819586     
      2      3      2      3           0           0  -10.9450900216416     
      2      3      2      4           2           0   3.42496718947992     
      2      4      1      3           4           0  -5.54515133240470     
      2      4      1      3           2           0 -0.467906355868811     
      2      4      1      4           2           0  -3.40766399393690     
      2      4      2      3           2           0  -3.42496718947992     
      2      4      2      4           2           0   2.04389443111600     
      2      4      2      4           0           0  -3.97103100000000     
      3      1      3      1           6           0   1.31925203453666     
      3      1      3      1           4           0  -6.13907499151657     
      3      1      3      1           2           0   5.61621527353098     
      3      1      3      1           0           0  -15.9912940000000     
      3      1      3      2           4           0  -7.85365797555144     
      3      1      3      2           2           0  -1.03743530165561     
      3      1      4      1           4           0  -7.82898233033205     
      3      1      4      1           2           0 -0.723352703074430     
      3      1      4      2           4           0  -5.54515133240470     
      3      1      4      2           2           0 -0.467906355868811     
      3      2      3      1           4           0   7.85365797555144     
      3      2      3      1           2           0   1.03743530165561     
      3      2      3      2           2           0  0.210237141819586     
      3      2      3      2           0           0  -10.9450900216416     
      3      2      4      1           4           0   8.72740266457388     
      3      2      4      1           2           0  -3.68993960631599     
      3      2      4      2           2           0   3.42496718947992     
      4      1      3      1           4           0   7.82898233033205     
      4      1      3      1           2           0  0.723352703074429     
      4      1      3      2           4           0   8.72740266457388     
      4      1      3      2           2           0  -3.68993960631599     
      4      1      4      1           2           0  0.277732307927751     
      4      1      4      1           0           0  -9.96316672027700     
      4      1      4      2           2           0   3.40766399393690     
      4      2      3      1           4           0  -5.54515133240470     
      4      2      3      1           2           0 -0.467906355868811     
      4      2      3      2           2           0  -3.42496718947992     
      4      2      4      1           2           0  -3.40766399393690     
      4      2      4      2           2           0   2.04389443111600     
      4      2      4      2           0           0  -3.97103100000000     
          60           6
   1   1   3   3   0   0   0   0-15.9913   1   1
   1   1   3   3   2   0   0   0  5.6162   1   1
   1   1   3   3   4   0   0   0 -6.1391   1   1
   1   1   3   3   6   0   0   0  1.3193   1   1
   1   1   3   4   2   0   0   0 -0.7234   1   1
   1   1   3   4   4   0   0   0 -7.8290   1   1
   1   1   4   3   2   0   0   0  0.7234   1   1
   1   1   4   3   4   0   0   0  7.8290   1   1
   1   1   4   4   0   0   0   0 -9.9632   1   1
   1   1   4   4   2   0   0   0  0.2777   1   1
   1   2   3   3   2   0   0   0 -1.0374   1   1
   1   2   3   3   4   0   0   0 -7.8537   1   1
   1   2   3   4   2   0   0   0 -0.4679   1   1
   1   2   3   4   4   0   0   0 -5.5452   1   1
   1   2   4   3   2   0   0   0 -3.6899   1   1
   1   2   4   3   4   0   0   0  8.7274   1   1
   1   2   4   4   2   0   0   0  3.4077   1   1
   2   1   3   3   2   0   0   0  1.0374   1   1
   2   1   3   3   4   0   0   0  7.8537   1   1
   2   1   3   4   2   0   0   0 -3.6899   1   1
   2   1   3   4   4   0   0   0  8.7274   1   1
   2   1   4   3   2   0   0   0 -0.4679   1   1
   2   1   4   3   4   0   0   0 -5.5452   1   1
   2   1   4   4   2   0   0   0 -3.4077   1   1
   2   2   3   3   0   0   0   0-10.9451   1   1
   2   2   3   3   2   0   0   0  0.2102   1   1
   2   2   3   4   2   0   0   0  3.4250   1   1
   2   2   4   3   2   0   0   0 -3.4250   1   1
   2   2   4   4   0   0   0   0 -3.9710   1   1
   2   2   4   4   2   0   0   0  2.0439   1   1
   3   3   1   1   0   0   0   0-15.9913   1   1
   3   3   1   1   2   0   0   0  5.6162   1   1
   3   3   1   1   4   0   0   0 -6.1391   1   1
   3   3   1   1   6   0   0   0  1.3193   1   1
   3   3   1   2   2   0   0   0 -1.0374   1   1
   3   3   1   2   4   0   0   0 -7.8537   1   1
   3   3   2   1   2   0   0   0  1.0374   1   1
   3   3   2   1   4   0   0   0  7.8537   1   1
   3   3   2   2   0   0   0   0-10.9451   1   1
   3   3   2   2   2   0   0   0  0.2102   1   1
   3   4   1   1   2   0   0   0 -0.7234   1   1
   3   4   1   1   4   0   0   0 -7.8290   1   1
   3   4   1   2   2   0   0   0 -0.4679   1   1
   3   4   1   2   4   0   0   0 -5.5452   1   1
   3   4   2   1   2   0   0   0 -3.6899   1   1
   3   4   2   1   4   0   0   0  8.7274   1   1
   3   4   2   2   2   0   0   0  3.4250   1   1
   4   3   1   1   2   0   0   0  0.7234   1   1
   4   3   1   1   4   0   0   0  7.8290   1   1
   4   3   1   2   2   0   0   0 -3.6899   1   1
   4   3   1   2   4   0   0   0  8.7274   1   1
   4   3   2   1   2   0   0   0 -0.4679   1   1
   4   3   2   1   4   0   0   0 -5.5452   1   1
   4   3   2   2   2   0   0   0 -3.4250   1   1
   4   4   1   1   0   0   0   0 -9.9632   1   1
   4   4   1   1   2   0   0   0  0.2777   1   1
   4   4   1   2   2   0   0   0  3.4077   1   1
   4   4   2   1   2   0   0   0 -3.4077   1   1
   4   4   2   2   0   0   0   0 -3.9710   1   1
   4   4   2   2   2   0   0   0  2.0439   1   1
