 ! Total Interaction
  54
   1   3   1   3     0     0   0.0000
   1   3   2   4     0     0   0.0000
   2   4   2   4     0     0   0.0000
   1   3   1   3     1     0  -3.4244
   1   3   2   3     1     0  -5.9769
   2   3   2   3     1     0  -7.5474
   1   4   2   3     1     0   8.6923
   1   3   1   4     1     0   5.8312
   1   4   1   4     1     0  -6.7915
   1   3   2   4     1     0   1.7469
   2   3   2   4     1     0  -2.7965
   1   4   2   4     1     0   2.7823
   2   4   2   4     1     0  -2.5755
   1   3   1   3     2     0   0.0000
   1   3   2   3     2     0   0.0000
   2   3   2   3     2     0   0.0000
   1   4   2   3     2     0   0.0000
   1   3   1   4     2     0   0.0000
   1   4   1   4     2     0   0.0000
   1   3   1   3     3     0  -6.1683
   1   1   1   1     0     1  -3.5550
   1   1   2   2     0     1  -5.1243
   2   2   2   2     0     1   0.5301
   1   3   1   3     0     1  -4.1252
   3   3   3   3     0     1  -3.7612
   1   3   2   4     0     1  -4.6704
   2   4   2   4     0     1  -0.2155
   3   3   4   4     0     1  -3.9981
   4   4   4   4     0     1  -0.2298
   1   2   1   2     1     1   1.1532
   1   3   1   3     1     1   0.0000
   1   3   2   3     1     1   0.0000
   2   3   2   3     1     1   0.0000
   1   4   2   3     1     1   0.0000
   1   3   1   4     1     1   0.0000
   1   4   1   4     1     1   0.0000
   1   3   2   4     1     1   0.0000
   2   3   2   4     1     1   0.0000
   1   4   2   4     1     1   0.0000
   2   4   2   4     1     1   0.0000
   3   4   3   4     1     1   0.6527
   1   1   1   1     2     1  -0.8182
   1   1   1   2     2     1  -2.1095
   1   2   1   2     2     1  -0.7834
   1   3   1   3     2     1  -1.2778
   1   3   2   3     2     1   1.9153
   2   3   2   3     2     1  -7.8545
   1   4   2   3     2     1  -5.1471
   3   3   3   3     2     1  -1.1642
   1   3   1   4     2     1  -2.0795
   1   4   1   4     2     1  -7.1971
   3   3   3   4     2     1  -1.7605
   3   4   3   4     2     1  -1.0056
   1   3   1   3     3     1   0.0000
