############################################################################################################
# initial vector basename: be100
# final   vector basename: be100
# Operator file: VCoul.int
# Zero body term: 0.885238
# Jf  nJf     Ji  nJi      Ei          Ef         <Op1b>          <Op2b>         <Op1b+2b>     <Op0b+1b+2b>
###########################################################################################################
 0.0   1     0.0   1    -40.120     -40.120    1.583340e+00    1.180888e+00    2.764228e+00    3.649466e+00
 0.0   1     0.0   2    -40.120     -30.136    1.128060e-01   -1.961735e-02    9.318860e-02    9.318860e-02
 0.0   2     0.0   1    -30.136     -40.120    0.000000e+00    0.000000e+00    0.000000e+00    0.000000e+00
 0.0   2     0.0   2    -30.136     -30.136    1.476014e+00    9.443833e-01    2.420397e+00    3.305635e+00
 1.0   1     1.0   1    -32.192     -32.192    1.500996e+00    1.004936e+00    2.505932e+00    3.391170e+00
 1.0   1     1.0   2    -32.192     -29.689    3.946003e-02    1.288919e-01    1.683519e-01    1.683519e-01
 1.0   2     1.0   1    -29.689     -32.192    0.000000e+00    0.000000e+00    0.000000e+00    0.000000e+00
 1.0   2     1.0   2    -29.689     -29.689    1.562507e+00    9.947948e-01    2.557301e+00    3.442539e+00
