# One and two body transition densities
#
# One-body basis:
# i   n   l   2j  2tz (proton=+1)
  0   0   1   3   1
  1   0   1   1   1
  2   0   1   3  -1
  3   0   1   1  -1
# Two-body basis: 
# i   a   b   J
  0   0   0   0
  1   0   0   2
  2   0   1   1
  3   0   1   2
  4   0   2   0
  5   0   2   1
  6   0   2   2
  7   0   2   3
  8   0   3   1
  9   0   3   2
 10   1   1   0
 11   1   2   1
 12   1   2   2
 13   1   3   0
 14   1   3   1
 15   2   2   0
 16   2   2   2
 17   2   3   1
 18   2   3   2
 19   3   3   0

Jf nJf  Ji nJi  Lambda =   0 1      0 1      0
-------------- OBTD ---------------------
  2   0   0.59542715
  3   1   0.15723129

-------------- TBTD ---------------------
  4   0   0.51631913
  4  10   0.22237060
  5   2  -0.22474697
  6   1   0.75490130
  6   3  -0.08354777
  8   2   0.08408140
  9   1   0.04746143
  9   3   0.14665631
 11   2   0.03711428
 12   1   0.16693581
 12   3  -0.17480956
 13   0   0.21745356
 13  10   0.13683162
 14   2   0.00673486
 15   4  -0.29987670
 15  13  -0.15191195
 16   6   0.73755393
 16   9  -0.05245576
 16  12  -0.14960331
 17   5   0.21971824
 17   8   0.09990229
 17  11   0.15006668
 17  14  -0.00475006
 18   6   0.05727456
 18   9   0.13434839
 18  12  -0.11268406
 19   4  -0.16227887
 19  13  -0.04749997

Jf nJf  Ji nJi  Lambda =   0 2      0 1      0
-------------- OBTD ---------------------
  2   0  -0.26078904
  3   1   0.40380245

-------------- TBTD ---------------------
  4   0  -0.18030587
  4  10  -0.02861432
  5   2  -0.07424100
  6   1  -0.27773735
  6   3  -0.01852457
  8   2   0.25884808
  9   1  -0.07944093
  9   3   0.41413503
 11   2  -0.18808098
 12   1   0.05575286
 12   3   0.04726815
 13   0   0.40402697
 13  10   0.23957951
 14   2  -0.06229267
 15   4   0.02454518
 15  13  -0.08868411
 16   6  -0.09423512
 16   9  -0.07544148
 16  12  -0.03935415
 17   5   0.20141625
 17   8  -0.14567375
 17  11   0.28076743
 17  14  -0.01569898
 18   6   0.25138024
 18   9  -0.23593037
 18  12  -0.23596728
 19   4   0.21982334
 19  13   0.09063941

Jf nJf  Ji nJi  Lambda =   0 1      0 2      0
-------------- OBTD ---------------------
  2   0  -0.29172763
  3   1   0.37607039

-------------- TBTD ---------------------
  4   0  -0.21229255
  4  10   0.33403441
  5   2  -0.20677509
  6   1  -0.29204023
  6   3  -0.10015144
  8   2   0.23816225
  9   1   0.05509774
  9   3   0.39907015
 11   2  -0.19951433
 12   1   0.08577500
 12   3   0.08097139
 13   0  -0.02527679
 13  10   0.20553787
 14   2   0.01798838
 15   4   0.01951748
 15  13   0.24910617
 16   6  -0.09526771
 16   9   0.17779099
 16  12  -0.17001023
 17   5   0.08828872
 17   8  -0.17920973
 17  11   0.26876271
 17  14   0.05723064
 18   6  -0.03351488
 18   9  -0.26065805
 18  12  -0.20751291
 19   4  -0.09016197
 19  13   0.09486831

Jf nJf  Ji nJi  Lambda =   0 2      0 2      0
-------------- OBTD ---------------------
  2   0   0.73359763
  3   1  -0.04577879

-------------- TBTD ---------------------
  4   0   0.21542148
  4  10   0.05639579
  5   2  -0.03869914
  6   1   0.89883494
  6   3  -0.00815805
  8   2  -0.08782024
  9   1  -0.08698742
  9   3  -0.04291329
 11   2   0.18348986
 12   1  -0.02855213
 12   3  -0.41892929
 13   0   0.06504900
 13  10   0.03807290
 14   2  -0.05136856
 15   4   0.35633223
 15  13   0.09841456
 16   6   0.25901988
 16   9   0.18668990
 16  12  -0.03659905
 17   5   0.05082013
 17   8   0.35724440
 17  11   0.08233806
 17  14   0.05821705
 18   6   0.17111695
 18   9   0.44390528
 18  12   0.01640829
 19   4   0.05315628
 19  13  -0.16645690

Jf nJf  Ji nJi  Lambda =   1 1      1 1      0
-------------- OBTD ---------------------
  2   0   0.20542022
  3   1  -0.29363976

-------------- TBTD ---------------------
  4   0   0.13549892
  4  10  -0.02326914
  5   2   0.15871025
  6   1   0.13974857
  6   3   0.05606713
  8   2  -0.30209642
  9   1  -0.07225104
  9   3  -0.23844038
 11   2   0.20787257
 12   1  -0.04692797
 12   3  -0.10685152
 13   0  -0.03805522
 13  10  -0.13392091
 14   2  -0.01593719
 15   4   0.13777913
 15  13  -0.02417661
 16   6   0.13952588
 16   9   0.08174295
 16  12   0.00179625
 17   5   0.00626017
 17   8  -0.02682229
 17  11  -0.06731900
 17  14   0.07243618
 18   6  -0.02023929
 18   9   0.10378475
 18  12   0.23418995
 19   4  -0.03854443
 19  13  -0.13454410

Jf nJf  Ji nJi  Lambda =   1 2      1 1      0
-------------- OBTD ---------------------
  2   0   0.09052278
  3   1  -0.12788201

-------------- TBTD ---------------------
  4   0   0.04740505
  4  10  -0.11683370
  5   2   0.02868488
  6   1   0.07128855
  6   3   0.15233693
  8   2  -0.02178101
  9   1  -0.01520086
  9   3  -0.19597180
 11   2   0.06898410
 12   1   0.04694874
 12   3  -0.05866442
 13   0   0.00502821
 13  10  -0.04711123
 14   2   0.00887942
 15   4   0.04797485
 15  13  -0.11738468
 16   6   0.07308499
 16   9   0.36813316
 16  12   0.14743410
 17   5  -0.02324757
 17   8   0.16947602
 17  11  -0.12080994
 17  14  -0.12306480
 18   6  -0.04338379
 18   9  -0.10304325
 18  12   0.03985616
 19   4   0.00583427
 19  13  -0.04478454

Jf nJf  Ji nJi  Lambda =   1 1      1 2      0
-------------- OBTD ---------------------
  2   0  -0.23585431
  3   1   0.34241847

-------------- TBTD ---------------------
  4   0   0.15083142
  4  10  -0.06887900
  5   2   0.04309149
  6   1  -0.35764965
  6   3   0.03864403
  8   2   0.47714327
  9   1  -0.13883447
  9   3   0.26767940
 11   2  -0.23574804
 12   1  -0.12979531
 12   3   0.03985505
 13   0  -0.10734451
 13  10   0.01963835
 14   2  -0.03686367
 15   4   0.15416350
 15  13  -0.06573380
 16   6  -0.36044952
 16   9   0.13551306
 16  12   0.08629819
 17   5  -0.22616911
 17   8   0.02332792
 17  11   0.21351964
 17  14   0.07319618
 18   6  -0.00226140
 18   9  -0.02772770
 18  12  -0.25534827
 19   4  -0.10983300
 19  13   0.01958878

Jf nJf  Ji nJi  Lambda =   1 2      1 2      0
-------------- OBTD ---------------------
  2   0   0.06253982
  3   1  -0.09820983

-------------- TBTD ---------------------
  4   0  -0.05700287
  4  10   0.09086467
  5   2   0.07038997
  6   1   0.11515279
  6   3  -0.02912317
  8   2  -0.09968928
  9   1   0.02939824
  9   3  -0.12391759
 11   2   0.02849985
 12   1  -0.02896162
 12   3  -0.01893720
 13   0  -0.00831647
 13  10   0.02339536
 14   2   0.05605796
 15   4  -0.05954452
 15  13   0.08948527
 16   6   0.11782182
 16   9   0.11376659
 16  12   0.15790025
 17   5   0.08385430
 17   8   0.04825857
 17  11  -0.11619183
 17  14  -0.03327221
 18   6   0.04208217
 18   9  -0.05447225
 18  12   0.04803038
 19   4  -0.00906517
 19  13   0.02182837
