############################################################################################################
# initial vector basename: b_100
# final   vector basename: b_100
# Operator file: VCoul.int
# Zero body term: 0.885238
# Jf  nJf     Ji  nJi      Ei          Ef         <Op1b>          <Op2b>         <Op1b+2b>     <Op0b+1b+2b>
###########################################################################################################
 0.0   1     0.0   1    -38.159     -38.159    2.460143e+00    2.224899e+00    4.685041e+00    5.570279e+00
 0.0   1     0.0   2    -38.159     -27.925    2.351021e-02   -1.778840e-02    5.721807e-03    5.721807e-03
 0.0   2     0.0   1    -27.925     -38.159    0.000000e+00    0.000000e+00    0.000000e+00    0.000000e+00
 0.0   2     0.0   2    -27.925     -27.925    2.344751e+00    2.045247e+00    4.389999e+00    5.275237e+00
 1.0   1     1.0   1    -40.184     -40.184    2.373369e+00    2.164731e+00    4.538101e+00    5.423339e+00
 1.0   1     1.0   2    -40.184     -37.936   -2.862260e-03   -3.062559e-03   -5.924819e-03   -5.924819e-03
 1.0   2     1.0   1    -37.936     -40.184    0.000000e+00    0.000000e+00    0.000000e+00    0.000000e+00
 1.0   2     1.0   2    -37.936     -37.936    2.476239e+00    2.228238e+00    4.704477e+00    5.589715e+00
