############################################################################################################
# initial vector basename: be100
# final   vector basename: be100
# Operator file: Iso2.int
# Zero body term: -0.00100341
# Jf  nJf     Ji  nJi      Ei          Ef         <Op1b>          <Op2b>         <Op1b+2b>     <Op0b+1b+2b>
###########################################################################################################
 0.0   1     0.0   1    -40.120     -40.120    4.507958e+00   -2.505325e+00    2.002633e+00    2.001630e+00
 0.0   1     0.0   2    -40.120     -30.136    1.499616e-03   -4.418940e-03   -2.919324e-03   -2.919324e-03
 0.0   2     0.0   1    -30.136     -40.120    0.000000e+00    0.000000e+00    0.000000e+00    0.000000e+00
 0.0   2     0.0   2    -30.136     -30.136    4.508839e+00   -2.505696e+00    2.003143e+00    2.002140e+00
 1.0   1     1.0   1    -32.192     -32.192    4.508522e+00   -2.504368e+00    2.004153e+00    2.003150e+00
 1.0   1     1.0   2    -32.192     -29.689    7.281920e-04   -7.513068e-04   -2.311478e-05   -2.311478e-05
 1.0   2     1.0   1    -29.689     -32.192    0.000000e+00    0.000000e+00    0.000000e+00    0.000000e+00
 1.0   2     1.0   2    -29.689     -29.689    4.508612e+00   -2.503974e+00    2.004638e+00    2.003634e+00
