############################################################################################################
# initial vector basename: b_100
# final   vector basename: b_100
# Operator file: Rn2.int
# Zero body term: 1.25931
# Jf  nJf     Ji  nJi      Ei          Ef         <Op1b>          <Op2b>         <Op1b+2b>     <Op0b+1b+2b>
###########################################################################################################
 0.0   1     0.0   1    -38.159     -38.159    4.286318e+00   -1.248402e+00    3.037916e+00    4.297226e+00
 0.0   1     0.0   2    -38.159     -27.925   -8.725407e-02    9.363963e-02    6.385562e-03    6.385562e-03
 0.0   2     0.0   1    -27.925     -38.159    0.000000e+00    0.000000e+00    0.000000e+00    0.000000e+00
 0.0   2     0.0   2    -27.925     -27.925    4.722577e+00   -1.181757e+00    3.540820e+00    4.800130e+00
 1.0   1     1.0   1    -40.184     -40.184    4.620265e+00   -1.359864e+00    3.260401e+00    4.519711e+00
 1.0   1     1.0   2    -40.184     -37.936    3.799144e-03    7.794445e-03    1.159359e-02    1.159359e-02
 1.0   2     1.0   1    -37.936     -40.184    0.000000e+00    0.000000e+00    0.000000e+00    0.000000e+00
 1.0   2     1.0   2    -37.936     -37.936    4.232384e+00   -1.209799e+00    3.022585e+00    4.281895e+00
