############################################################################################################
# initial vector basename: c_100
# final   vector basename: c_100
# Operator file: Rn2.int
# Zero body term: 1.25931
# Jf  nJf     Ji  nJi      Ei          Ef         <Op1b>          <Op2b>         <Op1b+2b>     <Op0b+1b+2b>
###########################################################################################################
 0.0   1     0.0   1    -35.190     -35.190    2.731352e+00   -9.880075e-01    1.743344e+00    3.002654e+00
 0.0   1     0.0   2    -35.190     -25.354   -3.385680e-01    1.921658e-01   -1.464021e-01   -1.464021e-01
 0.0   2     0.0   1    -25.354     -35.190    0.000000e+00    0.000000e+00    0.000000e+00    0.000000e+00
 0.0   2     0.0   2    -25.354     -25.354    3.342007e+00   -8.286154e-01    2.513392e+00    3.772702e+00
 1.0   1     1.0   1    -27.245     -27.245    3.118013e+00   -8.641965e-01    2.253816e+00    3.513126e+00
 1.0   1     1.0   2    -27.245     -24.159    2.965099e-02    1.688671e-01    1.985181e-01    1.985181e-01
 1.0   2     1.0   1    -24.159     -27.245    0.000000e+00    0.000000e+00    0.000000e+00    0.000000e+00
 1.0   2     1.0   2    -24.159     -24.159    2.841459e+00   -9.205364e-01    1.920923e+00    3.180233e+00
