############################################################################################################
# initial vector basename: c_100
# final   vector basename: c_100
# Operator file: VCoul.int
# Zero body term: 0.885238
# Jf  nJf     Ji  nJi      Ei          Ef         <Op1b>          <Op2b>         <Op1b+2b>     <Op0b+1b+2b>
###########################################################################################################
 0.0   1     0.0   1    -35.190     -35.190    3.329439e+00    3.899303e+00    7.228742e+00    8.113980e+00
 0.0   1     0.0   2    -35.190     -25.354   -6.058637e-02   -2.151858e-02   -8.210495e-02   -8.210495e-02
 0.0   2     0.0   1    -25.354     -35.190    0.000000e+00    0.000000e+00    0.000000e+00    0.000000e+00
 0.0   2     0.0   2    -25.354     -25.354    3.268793e+00    3.715444e+00    6.984237e+00    7.869475e+00
 1.0   1     1.0   1    -27.245     -27.245    3.280787e+00    3.757638e+00    7.038425e+00    7.923663e+00
 1.0   1     1.0   2    -27.245     -24.159    4.839806e-02    1.222175e-01    1.706156e-01    1.706156e-01
 1.0   2     1.0   1    -24.159     -27.245    0.000000e+00    0.000000e+00    0.000000e+00    0.000000e+00
 1.0   2     1.0   2    -24.159     -24.159    3.228031e+00    3.535899e+00    6.763930e+00    7.649168e+00
