############################################################################################################
# initial vector basename: p_300
# final   vector basename: p_300
# Operator file: Rn2.int
# Zero body term: 3.05357
# Jf  nJf     Ji  nJi      Ei          Ef         <Op1b>          <Op2b>         <Op1b+2b>     <Op0b+1b+2b>
###########################################################################################################
 0.0   1     0.0   1   -138.522    -138.522    5.223569e+00   -4.446893e-01    4.778880e+00    7.832450e+00
 0.0   1     0.0   2   -138.522    -133.432    1.451914e-02    1.247381e-02    2.699295e-02    2.699295e-02
 0.0   2     0.0   1   -133.432    -138.522    0.000000e+00    0.000000e+00    0.000000e+00    0.000000e+00
 0.0   2     0.0   2   -133.432    -133.432    5.141415e+00   -4.222599e-01    4.719156e+00    7.772726e+00
 1.0   1     1.0   1   -139.146    -139.146    5.302331e+00   -4.584926e-01    4.843838e+00    7.897408e+00
 1.0   1     1.0   2   -139.146    -138.007   -4.844608e-02    1.772257e-03   -4.667383e-02   -4.667383e-02
 1.0   2     1.0   1   -138.007    -139.146    0.000000e+00    0.000000e+00    0.000000e+00    0.000000e+00
 1.0   2     1.0   2   -138.007    -138.007    5.170708e+00   -4.610540e-01    4.709654e+00    7.763224e+00
