############################################################################################################
# initial vector basename: si300
# final   vector basename: si300
# Operator file: Rn2.int
# Zero body term: 3.05357
# Jf  nJf     Ji  nJi      Ei          Ef         <Op1b>          <Op2b>         <Op1b+2b>     <Op0b+1b+2b>
###########################################################################################################
 0.0   1     0.0   1   -143.957    -143.957    6.026780e+00   -3.973504e-01    5.629429e+00    8.682999e+00
 0.0   1     0.0   2   -143.957    -139.072    7.610375e-03    2.740992e-02    3.502029e-02    3.502029e-02
 0.0   2     0.0   1   -139.072    -143.957    0.000000e+00    0.000000e+00    0.000000e+00    0.000000e+00
 0.0   2     0.0   2   -139.072    -139.072    5.932150e+00   -3.554903e-01    5.576659e+00    8.630229e+00
 1.0   1     1.0   1   -139.264    -139.264    5.927126e+00   -3.707749e-01    5.556351e+00    8.609921e+00
 1.0   1     1.0   2   -139.264    -136.321    1.189505e-02   -5.929444e-03    5.965605e-03    5.965605e-03
 1.0   2     1.0   1   -136.321    -139.264    0.000000e+00    0.000000e+00    0.000000e+00    0.000000e+00
 1.0   2     1.0   2   -136.321    -136.321    6.134760e+00   -3.735922e-01    5.761168e+00    8.814738e+00
