############################################################################################################
# initial vector basename: p_300
# final   vector basename: p_300
# Operator file: Iso2.int
# Zero body term: 0.0244424
# Jf  nJf     Ji  nJi      Ei          Ef         <Op1b>          <Op2b>         <Op1b+2b>     <Op0b+1b+2b>
###########################################################################################################
 0.0   1     0.0   1   -138.522    -138.522    1.045355e+01   -8.478789e+00    1.974764e+00    1.999206e+00
 0.0   1     0.0   2   -138.522    -133.432   -1.654889e-03    3.118691e-03    1.463802e-03    1.463802e-03
 0.0   2     0.0   1   -133.432    -138.522    0.000000e+00    0.000000e+00    0.000000e+00    0.000000e+00
 0.0   2     0.0   2   -133.432    -133.432    1.045373e+01   -8.504087e+00    1.949640e+00    1.974083e+00
 1.0   1     1.0   1   -139.146    -139.146    1.045499e+01   -1.047653e+01   -2.153442e-02    2.907978e-03
 1.0   1     1.0   2   -139.146    -138.007    4.785862e-04   -2.513067e-03   -2.034481e-03   -2.034481e-03
 1.0   2     1.0   1   -138.007    -139.146    0.000000e+00    0.000000e+00    0.000000e+00    0.000000e+00
 1.0   2     1.0   2   -138.007    -138.007    1.045239e+01   -1.047190e+01   -1.950318e-02    4.939223e-03
