############################################################################################################
# initial vector basename: si300
# final   vector basename: si300
# Operator file: VCoul.int
# Zero body term: 14.4061
# Jf  nJf     Ji  nJi      Ei          Ef         <Op1b>          <Op2b>         <Op1b+2b>     <Op0b+1b+2b>
###########################################################################################################
 0.0   1     0.0   1   -143.957    -143.957    1.924645e+01    7.537346e+00    2.678379e+01    4.118989e+01
 0.0   1     0.0   2   -143.957    -139.072   -6.815081e-02   -1.142356e-02   -7.957437e-02   -7.957437e-02
 0.0   2     0.0   1   -139.072    -143.957    0.000000e+00    0.000000e+00    0.000000e+00    0.000000e+00
 0.0   2     0.0   2   -139.072    -139.072    1.930344e+01    7.541148e+00    2.684459e+01    4.125069e+01
 1.0   1     1.0   1   -139.264    -139.264    1.930347e+01    7.551696e+00    2.685517e+01    4.126127e+01
 1.0   1     1.0   2   -139.264    -136.321   -6.131919e-02    7.202399e-03   -5.411679e-02   -5.411679e-02
 1.0   2     1.0   1   -136.321    -139.264    0.000000e+00    0.000000e+00    0.000000e+00    0.000000e+00
 1.0   2     1.0   2   -136.321    -136.321    1.891005e+01    7.161603e+00    2.607166e+01    4.047776e+01
