############################################################################################################
# initial vector basename: p_300
# final   vector basename: p_300
# Operator file: VCoul.int
# Zero body term: 14.4061
# Jf  nJf     Ji  nJi      Ei          Ef         <Op1b>          <Op2b>         <Op1b+2b>     <Op0b+1b+2b>
###########################################################################################################
 0.0   1     0.0   1   -138.522    -138.522    2.233579e+01    9.512102e+00    3.184789e+01    4.625399e+01
 0.0   1     0.0   2   -138.522    -133.432   -7.523631e-02   -4.439294e-02   -1.196293e-01   -1.196293e-01
 0.0   2     0.0   1   -133.432    -138.522    0.000000e+00    0.000000e+00    0.000000e+00    0.000000e+00
 0.0   2     0.0   2   -133.432    -133.432    2.242632e+01    9.497163e+00    3.192348e+01    4.632958e+01
 1.0   1     1.0   1   -139.146    -139.146    2.218213e+01    9.494622e+00    3.167675e+01    4.608285e+01
 1.0   1     1.0   2   -139.146    -138.007    7.980551e-02    8.760149e-03    8.856566e-02    8.856566e-02
 1.0   2     1.0   1   -138.007    -139.146    0.000000e+00    0.000000e+00    0.000000e+00    0.000000e+00
 1.0   2     1.0   2   -138.007    -138.007    2.244253e+01    9.604675e+00    3.204721e+01    4.645331e+01
