############################################################################################################
# initial vector basename: s_300
# final   vector basename: s_300
# Operator file: VCoul.int
# Zero body term: 14.4061
# Jf  nJf     Ji  nJi      Ei          Ef         <Op1b>          <Op2b>         <Op1b+2b>     <Op0b+1b+2b>
###########################################################################################################
 0.0   1     0.0   1   -132.237    -132.237    2.542876e+01    1.196381e+01    3.739257e+01    5.179867e+01
 0.0   1     0.0   2   -132.237    -127.318    8.257025e-02    7.836200e-02    1.609323e-01    1.609323e-01
 0.0   2     0.0   1   -127.318    -132.237    0.000000e+00    0.000000e+00    0.000000e+00    0.000000e+00
 0.0   2     0.0   2   -127.318    -127.318    2.559553e+01    1.184837e+01    3.744390e+01    5.185000e+01
 1.0   1     1.0   1   -127.490    -127.490    2.561910e+01    1.187984e+01    3.749894e+01    5.190504e+01
 1.0   1     1.0   2   -127.490    -124.647    1.479248e-02   -9.204327e-03    5.588157e-03    5.588157e-03
 1.0   2     1.0   1   -124.647    -127.490    0.000000e+00    0.000000e+00    0.000000e+00    0.000000e+00
 1.0   2     1.0   2   -124.647    -124.647    2.527153e+01    1.170271e+01    3.697424e+01    5.138034e+01
