############################################################################################################
# initial vector basename: s_300
# final   vector basename: s_300
# Operator file: Rp2.int
# Zero body term: 3.49804
# Jf  nJf     Ji  nJi      Ei          Ef         <Op1b>          <Op2b>         <Op1b+2b>     <Op0b+1b+2b>
###########################################################################################################
 0.0   1     0.0   1   -132.237    -132.237    7.267021e+00   -5.475553e-01    6.719465e+00    1.021751e+01
 0.0   1     0.0   2   -132.237    -127.318    7.022597e-03   -1.903523e-02   -1.201263e-02   -1.201263e-02
 0.0   2     0.0   1   -127.318    -132.237    0.000000e+00    0.000000e+00    0.000000e+00    0.000000e+00
 0.0   2     0.0   2   -127.318    -127.318    7.141366e+00   -4.983602e-01    6.643006e+00    1.014105e+01
 1.0   1     1.0   1   -127.490    -127.490    7.138792e+00   -5.160886e-01    6.622704e+00    1.012074e+01
 1.0   1     1.0   2   -127.490    -124.647   -2.175716e-02    7.578353e-03   -1.417881e-02   -1.417881e-02
 1.0   2     1.0   1   -124.647    -127.490    0.000000e+00    0.000000e+00    0.000000e+00    0.000000e+00
 1.0   2     1.0   2   -124.647    -124.647    7.392540e+00   -5.178217e-01    6.874719e+00    1.037276e+01
