############################################################################################################
# initial vector basename: si300
# final   vector basename: si300
# Operator file: Rp2.int
# Zero body term: 3.49804
# Jf  nJf     Ji  nJi      Ei          Ef         <Op1b>          <Op2b>         <Op1b+2b>     <Op0b+1b+2b>
###########################################################################################################
 0.0   1     0.0   1   -143.957    -143.957    5.307138e+00   -7.197089e-01    4.587430e+00    8.085470e+00
 0.0   1     0.0   2   -143.957    -139.072    3.881556e-02    2.783415e-03    4.159898e-02    4.159898e-02
 0.0   2     0.0   1   -139.072    -143.957    0.000000e+00    0.000000e+00    0.000000e+00    0.000000e+00
 0.0   2     0.0   2   -139.072    -139.072    5.247844e+00   -7.035925e-01    4.544252e+00    8.042292e+00
 1.0   1     1.0   1   -139.264    -139.264    5.253103e+00   -7.087703e-01    4.544333e+00    8.042373e+00
 1.0   1     1.0   2   -139.264    -136.321    4.840780e-02   -8.570468e-03    3.983733e-02    3.983733e-02
 1.0   2     1.0   1   -136.321    -139.264    0.000000e+00    0.000000e+00    0.000000e+00    0.000000e+00
 1.0   2     1.0   2   -136.321    -136.321    5.532480e+00   -6.607025e-01    4.871777e+00    8.369817e+00
