############################################################################################################
# initial vector basename: s_300
# final   vector basename: s_300
# Operator file: Rn2.int
# Zero body term: 3.05357
# Jf  nJf     Ji  nJi      Ei          Ef         <Op1b>          <Op2b>         <Op1b+2b>     <Op0b+1b+2b>
###########################################################################################################
 0.0   1     0.0   1   -132.237    -132.237    4.414124e+00   -4.918315e-01    3.922293e+00    6.975863e+00
 0.0   1     0.0   2   -132.237    -127.318   -3.047364e-02    6.383420e-03   -2.409022e-02   -2.409022e-02
 0.0   2     0.0   1   -127.318    -132.237    0.000000e+00    0.000000e+00    0.000000e+00    0.000000e+00
 0.0   2     0.0   2   -127.318    -127.318    4.367720e+00   -4.826163e-01    3.885104e+00    6.938674e+00
 1.0   1     1.0   1   -127.490    -127.490    4.374498e+00   -4.872495e-01    3.887249e+00    6.940819e+00
 1.0   1     1.0   2   -127.490    -124.647    4.085978e-02   -8.000288e-03    3.285949e-02    3.285949e-02
 1.0   2     1.0   1   -124.647    -127.490    0.000000e+00    0.000000e+00    0.000000e+00    0.000000e+00
 1.0   2     1.0   2   -124.647    -124.647    4.576794e+00   -4.470134e-01    4.129781e+00    7.183351e+00
