      1      4      1      4          10           0  0.246250348932972     
      1      4      1      4           8           0  -2.00574132142857     
      1      4      1      4           6           0   2.52196485314480     
      1      4      1      4           4           0  -5.89919157278789     
      1      4      1      4           2           0   5.11001821237083     
      1      4      1      4           0           0  -9.73809966666667     
      1      4      1      5           8           0  -5.20715717514132     
      1      4      1      5           6           0  0.280326222590461     
      1      4      1      5           4           0  -4.60887424798915     
      1      4      1      5           2           0 -0.992740117710545     
      1      4      1      6           6           0  0.541789078525646     
      1      4      1      6           4           0  -3.77994985947814     
      1      4      2      4           8           0  -5.02446985451947     
      1      4      2      4           6           0  0.190313175986930     
      1      4      2      4           4           0  -4.47021145804140     
      1      4      2      4           2           0  -1.05413567343381     
      1      4      2      5           8           0  -5.27102420513336     
      1      4      2      5           6           0 -0.365132273523575     
      1      4      2      5           4           0  -1.17242228366329     
      1      4      2      5           2           0  -1.21062618857124     
      1      4      2      6           6           0   1.02068971604841     
      1      4      2      6           4           0  -1.20006870054969     
      1      4      3      4           6           0  0.558904897295053     
      1      4      3      4           4           0  -3.73524701713168     
      1      4      3      5           6           0   1.01232811588984     
      1      4      3      5           4           0  -1.19612643859896     
      1      4      3      6           6           0 -2.583002252920097E-002
      1      4      3      6           4           0  -2.10932587008341     
      1      5      1      4           8           0   5.20715717514132     
      1      5      1      4           6           0 -0.280326222590461     
      1      5      1      4           4           0   4.60887424798915     
      1      5      1      4           2           0  0.992740117710547     
      1      5      1      5           6           0   1.44020250847642     
      1      5      1      5           4           0  -4.31059006077537     
      1      5      1      5           2           0 -3.425111577979401E-002
      1      5      1      5           0           0  -8.95239184593764     
      1      5      1      6           4           0   1.95331333819785     
      1      5      1      6           2           0 -0.394034168404367     
      1      5      2      4           8           0   8.32984706250000     
      1      5      2      4           6           0  -2.58945568712955     
      1      5      2      4           4           0   1.52520288633920     
      1      5      2      4           2           0  -4.40534375011200     
      1      5      2      5           6           0   2.13370522190419     
      1      5      2      5           4           0  -3.08124132726052     
      1      5      2      5           2           0   2.77648657493929     
      1      5      2      6           4           0   2.10048788752232     
      1      5      2      6           2           0   1.50738520003059     
      1      5      3      4           6           0  0.966094806337741     
      1      5      3      4           4           0   2.57458628742760     
      1      5      3      5           6           0  -1.32078970020459     
      1      5      3      5           4           0  -3.06352555994780     
      1      5      3      6           4           0   3.14174493797062     
      1      6      1      4           6           0  0.541789078525645     
      1      6      1      4           4           0  -3.77994985947814     
      1      6      1      5           4           0  -1.95331333819785     
      1      6      1      5           2           0  0.394034168404366     
      1      6      1      6           2           0   1.60643240374333     
      1      6      1      6           0           0  -3.98822235457161     
      1      6      2      4           6           0 -0.971231673847872     
      1      6      2      4           4           0  -2.52022707117651     
      1      6      2      5           4           0 -0.789583431589969     
      1      6      2      5           2           0 -0.115824485617720     
      1      6      2      6           2           0  -1.31505841038336     
      1      6      3      4           6           0  0.403900615626397     
      1      6      3      4           4           0  -5.41881912293867     
      1      6      3      5           4           0  -4.23962960669915     
      2      4      1      4           8           0   5.02446985451947     
      2      4      1      4           6           0 -0.190313175986930     
      2      4      1      4           4           0   4.47021145804140     
      2      4      1      4           2           0   1.05413567343381     
      2      4      1      5           8           0   8.32984706250000     
      2      4      1      5           6           0  -2.58945568712955     
      2      4      1      5           4           0   1.52520288633920     
      2      4      1      5           2           0  -4.40534375011200     
      2      4      1      6           6           0  0.971231673847871     
      2      4      1      6           4           0   2.52022707117651     
      2      4      2      4           6           0   1.49092093746815     
      2      4      2      4           4           0  -4.15313231682290     
      2      4      2      4           2           0  5.327315442272607E-003
      2      4      2      4           0           0  -8.63561291175915     
      2      4      2      5           6           0   2.00520451085642     
      2      4      2      5           4           0  -3.06282592550919     
      2      4      2      5           2           0   2.63456618970322     
      2      4      2      6           6           0  -1.23387407475013     
      2      4      2      6           4           0  -3.01341783071507     
      2      4      3      4           4           0   1.89613664047917     
      2      4      3      4           2           0 -0.343584772273325     
      2      4      3      5           4           0   2.03860927185864     
      2      4      3      5           2           0   1.40303326503872     
      2      4      3      6           4           0   3.07467300983373     
      2      5      1      4           8           0  -5.27102420513336     
      2      5      1      4           6           0 -0.365132273523575     
      2      5      1      4           4           0  -1.17242228366329     
      2      5      1      4           2           0  -1.21062618857124     
      2      5      1      5           6           0  -2.13370522190419     
      2      5      1      5           4           0   3.08124132726052     
      2      5      1      5           2           0  -2.77648657493929     
      2      5      1      6           4           0 -0.789583431589969     
      2      5      1      6           2           0 -0.115824485617720     
      2      5      2      4           6           0  -2.00520451085642     
      2      5      2      4           4           0   3.06282592550919     
      2      5      2      4           2           0  -2.63456618970322     
      2      5      2      5           6           0 -0.413012494949993     
      2      5      2      5           4           0  -1.81279741527911     
      2      5      2      5           2           0   4.87379170005341     
      2      5      2      5           0           0  -4.00952825000000     
      2      5      2      6           4           0   1.10469608480953     
      2      5      2      6           2           0  0.333686412075771     
      2      5      3      4           4           0 -0.849699097008066     
      2      5      3      4           2           0 -0.101192071417070     
      2      5      3      5           4           0   1.14668365638432     
      2      5      3      5           2           0  0.283629382901518     
      2      5      3      6           4           0 -0.449629797448479     
      2      5      3      6           2           0  -1.15720661600400     
      2      6      1      4           6           0  -1.02068971604841     
      2      6      1      4           4           0   1.20006870054969     
      2      6      1      5           4           0   2.10048788752232     
      2      6      1      5           2           0   1.50738520003059     
      2      6      1      6           2           0   1.31505841038336     
      2      6      2      4           6           0  -1.23387407475013     
      2      6      2      4           4           0  -3.01341783071507     
      2      6      2      5           4           0  -1.10469608480953     
      2      6      2      5           2           0 -0.333686412075771     
      2      6      2      6           2           0  -1.02540851623534     
      2      6      2      6           0           0  -2.75866450004441     
      2      6      3      4           4           0   4.13025457764773     
      2      6      3      5           4           0   3.36118163697495     
      2      6      3      5           2           0 -0.723437135633893     
      2      6      3      6           2           0  -1.27126925482114     
      3      4      1      4           6           0  0.558904897295053     
      3      4      1      4           4           0  -3.73524701713168     
      3      4      1      5           6           0 -0.966094806337741     
      3      4      1      5           4           0  -2.57458628742760     
      3      4      1      6           6           0  0.403900615626397     
      3      4      1      6           4           0  -5.41881912293867     
      3      4      2      4           4           0  -1.89613664047917     
      3      4      2      4           2           0  0.343584772273324     
      3      4      2      5           4           0 -0.849699097008066     
      3      4      2      5           2           0 -0.101192071417070     
      3      4      2      6           4           0  -4.13025457764773     
      3      4      3      4           2           0   1.64395161397289     
      3      4      3      4           0           0  -3.76378061285062     
      3      4      3      5           2           0  -1.23182972419284     
      3      5      1      4           6           0  -1.01232811588984     
      3      5      1      4           4           0   1.19612643859896     
      3      5      1      5           6           0  -1.32078970020459     
      3      5      1      5           4           0  -3.06352555994780     
      3      5      1      6           4           0   4.23962960669915     
      3      5      2      4           4           0   2.03860927185864     
      3      5      2      4           2           0   1.40303326503872     
      3      5      2      5           4           0  -1.14668365638432     
      3      5      2      5           2           0 -0.283629382901518     
      3      5      2      6           4           0   3.36118163697495     
      3      5      2      6           2           0 -0.723437135633893     
      3      5      3      4           2           0   1.23182972419284     
      3      5      3      5           2           0  -1.19220783597879     
      3      5      3      5           0           0  -2.78554410367105     
      3      5      3      6           2           0  -1.39977561045190     
      3      6      1      4           6           0 -2.583002252920075E-002
      3      6      1      4           4           0  -2.10932587008341     
      3      6      1      5           4           0  -3.14174493797062     
      3      6      2      4           4           0  -3.07467300983373     
      3      6      2      5           4           0 -0.449629797448479     
      3      6      2      5           2           0  -1.15720661600400     
      3      6      2      6           2           0   1.27126925482114     
      3      6      3      5           2           0   1.39977561045190     
      3      6      3      6           2           0   1.29815908989182     
      3      6      3      6           0           0  -4.71778350000000     
      4      1      4      1          10           0  0.246250348932972     
      4      1      4      1           8           0  -2.00574132142857     
      4      1      4      1           6           0   2.52196485314480     
      4      1      4      1           4           0  -5.89919157278789     
      4      1      4      1           2           0   5.11001821237083     
      4      1      4      1           0           0  -9.73809966666667     
      4      1      4      2           8           0  -5.02446985451947     
      4      1      4      2           6           0  0.190313175986930     
      4      1      4      2           4           0  -4.47021145804140     
      4      1      4      2           2           0  -1.05413567343381     
      4      1      4      3           6           0  0.558904897295053     
      4      1      4      3           4           0  -3.73524701713168     
      4      1      5      1           8           0  -5.20715717514132     
      4      1      5      1           6           0  0.280326222590460     
      4      1      5      1           4           0  -4.60887424798915     
      4      1      5      1           2           0 -0.992740117710546     
      4      1      5      2           8           0  -5.27102420513336     
      4      1      5      2           6           0 -0.365132273523575     
      4      1      5      2           4           0  -1.17242228366329     
      4      1      5      2           2           0  -1.21062618857124     
      4      1      5      3           6           0   1.01232811588984     
      4      1      5      3           4           0  -1.19612643859896     
      4      1      6      1           6           0  0.541789078525646     
      4      1      6      1           4           0  -3.77994985947814     
      4      1      6      2           6           0   1.02068971604841     
      4      1      6      2           4           0  -1.20006870054969     
      4      1      6      3           6           0 -2.583002252920097E-002
      4      1      6      3           4           0  -2.10932587008341     
      4      2      4      1           8           0   5.02446985451947     
      4      2      4      1           6           0 -0.190313175986930     
      4      2      4      1           4           0   4.47021145804140     
      4      2      4      1           2           0   1.05413567343381     
      4      2      4      2           6           0   1.49092093746815     
      4      2      4      2           4           0  -4.15313231682290     
      4      2      4      2           2           0  5.327315442273495E-003
      4      2      4      2           0           0  -8.63561291175915     
      4      2      4      3           4           0   1.89613664047917     
      4      2      4      3           2           0 -0.343584772273325     
      4      2      5      1           8           0   8.32984706250000     
      4      2      5      1           6           0  -2.58945568712955     
      4      2      5      1           4           0   1.52520288633920     
      4      2      5      1           2           0  -4.40534375011200     
      4      2      5      2           6           0   2.00520451085642     
      4      2      5      2           4           0  -3.06282592550919     
      4      2      5      2           2           0   2.63456618970322     
      4      2      5      3           4           0   2.03860927185864     
      4      2      5      3           2           0   1.40303326503872     
      4      2      6      1           6           0  0.971231673847871     
      4      2      6      1           4           0   2.52022707117651     
      4      2      6      2           6           0  -1.23387407475013     
      4      2      6      2           4           0  -3.01341783071507     
      4      2      6      3           4           0   3.07467300983373     
      4      3      4      1           6           0  0.558904897295053     
      4      3      4      1           4           0  -3.73524701713168     
      4      3      4      2           4           0  -1.89613664047917     
      4      3      4      2           2           0  0.343584772273324     
      4      3      4      3           2           0   1.64395161397289     
      4      3      4      3           0           0  -3.76378061285062     
      4      3      5      1           6           0 -0.966094806337741     
      4      3      5      1           4           0  -2.57458628742760     
      4      3      5      2           4           0 -0.849699097008066     
      4      3      5      2           2           0 -0.101192071417070     
      4      3      5      3           2           0  -1.23182972419284     
      4      3      6      1           6           0  0.403900615626397     
      4      3      6      1           4           0  -5.41881912293867     
      4      3      6      2           4           0  -4.13025457764773     
      5      1      4      1           8           0   5.20715717514132     
      5      1      4      1           6           0 -0.280326222590461     
      5      1      4      1           4           0   4.60887424798915     
      5      1      4      1           2           0  0.992740117710547     
      5      1      4      2           8           0   8.32984706250000     
      5      1      4      2           6           0  -2.58945568712955     
      5      1      4      2           4           0   1.52520288633920     
      5      1      4      2           2           0  -4.40534375011200     
      5      1      4      3           6           0  0.966094806337741     
      5      1      4      3           4           0   2.57458628742760     
      5      1      5      1           6           0   1.44020250847642     
      5      1      5      1           4           0  -4.31059006077537     
      5      1      5      1           2           0 -3.425111577979578E-002
      5      1      5      1           0           0  -8.95239184593764     
      5      1      5      2           6           0   2.13370522190419     
      5      1      5      2           4           0  -3.08124132726052     
      5      1      5      2           2           0   2.77648657493929     
      5      1      5      3           6           0  -1.32078970020459     
      5      1      5      3           4           0  -3.06352555994780     
      5      1      6      1           4           0   1.95331333819785     
      5      1      6      1           2           0 -0.394034168404367     
      5      1      6      2           4           0   2.10048788752232     
      5      1      6      2           2           0   1.50738520003059     
      5      1      6      3           4           0   3.14174493797062     
      5      2      4      1           8           0  -5.27102420513336     
      5      2      4      1           6           0 -0.365132273523575     
      5      2      4      1           4           0  -1.17242228366329     
      5      2      4      1           2           0  -1.21062618857124     
      5      2      4      2           6           0  -2.00520451085642     
      5      2      4      2           4           0   3.06282592550919     
      5      2      4      2           2           0  -2.63456618970322     
      5      2      4      3           4           0 -0.849699097008066     
      5      2      4      3           2           0 -0.101192071417070     
      5      2      5      1           6           0  -2.13370522190419     
      5      2      5      1           4           0   3.08124132726052     
      5      2      5      1           2           0  -2.77648657493929     
      5      2      5      2           6           0 -0.413012494949993     
      5      2      5      2           4           0  -1.81279741527911     
      5      2      5      2           2           0   4.87379170005341     
      5      2      5      2           0           0  -4.00952825000000     
      5      2      5      3           4           0   1.14668365638432     
      5      2      5      3           2           0  0.283629382901518     
      5      2      6      1           4           0 -0.789583431589969     
      5      2      6      1           2           0 -0.115824485617720     
      5      2      6      2           4           0   1.10469608480953     
      5      2      6      2           2           0  0.333686412075771     
      5      2      6      3           4           0 -0.449629797448479     
      5      2      6      3           2           0  -1.15720661600400     
      5      3      4      1           6           0  -1.01232811588984     
      5      3      4      1           4           0   1.19612643859896     
      5      3      4      2           4           0   2.03860927185864     
      5      3      4      2           2           0   1.40303326503872     
      5      3      4      3           2           0   1.23182972419284     
      5      3      5      1           6           0  -1.32078970020459     
      5      3      5      1           4           0  -3.06352555994780     
      5      3      5      2           4           0  -1.14668365638432     
      5      3      5      2           2           0 -0.283629382901518     
      5      3      5      3           2           0  -1.19220783597879     
      5      3      5      3           0           0  -2.78554410367105     
      5      3      6      1           4           0   4.23962960669915     
      5      3      6      2           4           0   3.36118163697495     
      5      3      6      2           2           0 -0.723437135633893     
      5      3      6      3           2           0  -1.39977561045190     
      6      1      4      1           6           0  0.541789078525645     
      6      1      4      1           4           0  -3.77994985947814     
      6      1      4      2           6           0 -0.971231673847872     
      6      1      4      2           4           0  -2.52022707117651     
      6      1      4      3           6           0  0.403900615626397     
      6      1      4      3           4           0  -5.41881912293867     
      6      1      5      1           4           0  -1.95331333819785     
      6      1      5      1           2           0  0.394034168404366     
      6      1      5      2           4           0 -0.789583431589969     
      6      1      5      2           2           0 -0.115824485617720     
      6      1      5      3           4           0  -4.23962960669915     
      6      1      6      1           2           0   1.60643240374333     
      6      1      6      1           0           0  -3.98822235457161     
      6      1      6      2           2           0  -1.31505841038336     
      6      2      4      1           6           0  -1.02068971604841     
      6      2      4      1           4           0   1.20006870054969     
      6      2      4      2           6           0  -1.23387407475013     
      6      2      4      2           4           0  -3.01341783071507     
      6      2      4      3           4           0   4.13025457764773     
      6      2      5      1           4           0   2.10048788752232     
      6      2      5      1           2           0   1.50738520003059     
      6      2      5      2           4           0  -1.10469608480953     
      6      2      5      2           2           0 -0.333686412075771     
      6      2      5      3           4           0   3.36118163697495     
      6      2      5      3           2           0 -0.723437135633893     
      6      2      6      1           2           0   1.31505841038336     
      6      2      6      2           2           0  -1.02540851623534     
      6      2      6      2           0           0  -2.75866450004441     
      6      2      6      3           2           0  -1.27126925482114     
      6      3      4      1           6           0 -2.583002252920075E-002
      6      3      4      1           4           0  -2.10932587008341     
      6      3      4      2           4           0  -3.07467300983373     
      6      3      5      1           4           0  -3.14174493797062     
      6      3      5      2           4           0 -0.449629797448479     
      6      3      5      2           2           0  -1.15720661600400     
      6      3      5      3           2           0   1.39977561045190     
      6      3      6      2           2           0   1.27126925482114     
      6      3      6      3           2           0   1.29815908989182     
      6      3      6      3           0           0  -4.71778350000000     
         336          10
   1   1   4   4   0   0   0   0 -9.7381   1   1
   1   1   4   4   2   0   0   0  5.1100   1   1
   1   1   4   4   4   0   0   0 -5.8992   1   1
   1   1   4   4   6   0   0   0  2.5220   1   1
   1   1   4   4   8   0   0   0 -2.0057   1   1
   1   1   4   4  10   0   0   0  0.2463   1   1
   1   1   4   5   2   0   0   0 -0.9927   1   1
   1   1   4   5   4   0   0   0 -4.6089   1   1
   1   1   4   5   6   0   0   0  0.2803   1   1
   1   1   4   5   8   0   0   0 -5.2072   1   1
   1   1   4   6   4   0   0   0 -3.7799   1   1
   1   1   4   6   6   0   0   0  0.5418   1   1
   1   1   5   4   2   0   0   0  0.9927   1   1
   1   1   5   4   4   0   0   0  4.6089   1   1
   1   1   5   4   6   0   0   0 -0.2803   1   1
   1   1   5   4   8   0   0   0  5.2072   1   1
   1   1   5   5   0   0   0   0 -8.9524   1   1
   1   1   5   5   2   0   0   0 -0.0343   1   1
   1   1   5   5   4   0   0   0 -4.3106   1   1
   1   1   5   5   6   0   0   0  1.4402   1   1
   1   1   5   6   2   0   0   0 -0.3940   1   1
   1   1   5   6   4   0   0   0  1.9533   1   1
   1   1   6   4   4   0   0   0 -3.7799   1   1
   1   1   6   4   6   0   0   0  0.5418   1   1
   1   1   6   5   2   0   0   0  0.3940   1   1
   1   1   6   5   4   0   0   0 -1.9533   1   1
   1   1   6   6   0   0   0   0 -3.9882   1   1
   1   1   6   6   2   0   0   0  1.6064   1   1
   1   2   4   4   2   0   0   0 -1.0541   1   1
   1   2   4   4   4   0   0   0 -4.4702   1   1
   1   2   4   4   6   0   0   0  0.1903   1   1
   1   2   4   4   8   0   0   0 -5.0245   1   1
   1   2   4   5   2   0   0   0 -1.2106   1   1
   1   2   4   5   4   0   0   0 -1.1724   1   1
   1   2   4   5   6   0   0   0 -0.3651   1   1
   1   2   4   5   8   0   0   0 -5.2710   1   1
   1   2   4   6   4   0   0   0 -1.2001   1   1
   1   2   4   6   6   0   0   0  1.0207   1   1
   1   2   5   4   2   0   0   0 -4.4053   1   1
   1   2   5   4   4   0   0   0  1.5252   1   1
   1   2   5   4   6   0   0   0 -2.5895   1   1
   1   2   5   4   8   0   0   0  8.3298   1   1
   1   2   5   5   2   0   0   0  2.7765   1   1
   1   2   5   5   4   0   0   0 -3.0812   1   1
   1   2   5   5   6   0   0   0  2.1337   1   1
   1   2   5   6   2   0   0   0  1.5074   1   1
   1   2   5   6   4   0   0   0  2.1005   1   1
   1   2   6   4   4   0   0   0 -2.5202   1   1
   1   2   6   4   6   0   0   0 -0.9712   1   1
   1   2   6   5   2   0   0   0 -0.1158   1   1
   1   2   6   5   4   0   0   0 -0.7896   1   1
   1   2   6   6   2   0   0   0 -1.3151   1   1
   1   3   4   4   4   0   0   0 -3.7352   1   1
   1   3   4   4   6   0   0   0  0.5589   1   1
   1   3   4   5   4   0   0   0 -1.1961   1   1
   1   3   4   5   6   0   0   0  1.0123   1   1
   1   3   4   6   4   0   0   0 -2.1093   1   1
   1   3   4   6   6   0   0   0 -0.0258   1   1
   1   3   5   4   4   0   0   0  2.5746   1   1
   1   3   5   4   6   0   0   0  0.9661   1   1
   1   3   5   5   4   0   0   0 -3.0635   1   1
   1   3   5   5   6   0   0   0 -1.3208   1   1
   1   3   5   6   4   0   0   0  3.1417   1   1
   1   3   6   4   4   0   0   0 -5.4188   1   1
   1   3   6   4   6   0   0   0  0.4039   1   1
   1   3   6   5   4   0   0   0 -4.2396   1   1
   2   1   4   4   2   0   0   0  1.0541   1   1
   2   1   4   4   4   0   0   0  4.4702   1   1
   2   1   4   4   6   0   0   0 -0.1903   1   1
   2   1   4   4   8   0   0   0  5.0245   1   1
   2   1   4   5   2   0   0   0 -4.4053   1   1
   2   1   4   5   4   0   0   0  1.5252   1   1
   2   1   4   5   6   0   0   0 -2.5895   1   1
   2   1   4   5   8   0   0   0  8.3298   1   1
   2   1   4   6   4   0   0   0  2.5202   1   1
   2   1   4   6   6   0   0   0  0.9712   1   1
   2   1   5   4   2   0   0   0 -1.2106   1   1
   2   1   5   4   4   0   0   0 -1.1724   1   1
   2   1   5   4   6   0   0   0 -0.3651   1   1
   2   1   5   4   8   0   0   0 -5.2710   1   1
   2   1   5   5   2   0   0   0 -2.7765   1   1
   2   1   5   5   4   0   0   0  3.0812   1   1
   2   1   5   5   6   0   0   0 -2.1337   1   1
   2   1   5   6   2   0   0   0 -0.1158   1   1
   2   1   5   6   4   0   0   0 -0.7896   1   1
   2   1   6   4   4   0   0   0  1.2001   1   1
   2   1   6   4   6   0   0   0 -1.0207   1   1
   2   1   6   5   2   0   0   0  1.5074   1   1
   2   1   6   5   4   0   0   0  2.1005   1   1
   2   1   6   6   2   0   0   0  1.3151   1   1
   2   2   4   4   0   0   0   0 -8.6356   1   1
   2   2   4   4   2   0   0   0  0.0053   1   1
   2   2   4   4   4   0   0   0 -4.1531   1   1
   2   2   4   4   6   0   0   0  1.4909   1   1
   2   2   4   5   2   0   0   0  2.6346   1   1
   2   2   4   5   4   0   0   0 -3.0628   1   1
   2   2   4   5   6   0   0   0  2.0052   1   1
   2   2   4   6   4   0   0   0 -3.0134   1   1
   2   2   4   6   6   0   0   0 -1.2339   1   1
   2   2   5   4   2   0   0   0 -2.6346   1   1
   2   2   5   4   4   0   0   0  3.0628   1   1
   2   2   5   4   6   0   0   0 -2.0052   1   1
   2   2   5   5   0   0   0   0 -4.0095   1   1
   2   2   5   5   2   0   0   0  4.8738   1   1
   2   2   5   5   4   0   0   0 -1.8128   1   1
   2   2   5   5   6   0   0   0 -0.4130   1   1
   2   2   5   6   2   0   0   0  0.3337   1   1
   2   2   5   6   4   0   0   0  1.1047   1   1
   2   2   6   4   4   0   0   0 -3.0134   1   1
   2   2   6   4   6   0   0   0 -1.2339   1   1
   2   2   6   5   2   0   0   0 -0.3337   1   1
   2   2   6   5   4   0   0   0 -1.1047   1   1
   2   2   6   6   0   0   0   0 -2.7587   1   1
   2   2   6   6   2   0   0   0 -1.0254   1   1
   2   3   4   4   2   0   0   0 -0.3436   1   1
   2   3   4   4   4   0   0   0  1.8961   1   1
   2   3   4   5   2   0   0   0  1.4030   1   1
   2   3   4   5   4   0   0   0  2.0386   1   1
   2   3   4   6   4   0   0   0  3.0747   1   1
   2   3   5   4   2   0   0   0 -0.1012   1   1
   2   3   5   4   4   0   0   0 -0.8497   1   1
   2   3   5   5   2   0   0   0  0.2836   1   1
   2   3   5   5   4   0   0   0  1.1467   1   1
   2   3   5   6   2   0   0   0 -1.1572   1   1
   2   3   5   6   4   0   0   0 -0.4496   1   1
   2   3   6   4   4   0   0   0  4.1303   1   1
   2   3   6   5   2   0   0   0 -0.7234   1   1
   2   3   6   5   4   0   0   0  3.3612   1   1
   2   3   6   6   2   0   0   0 -1.2713   1   1
   3   1   4   4   4   0   0   0 -3.7352   1   1
   3   1   4   4   6   0   0   0  0.5589   1   1
   3   1   4   5   4   0   0   0 -2.5746   1   1
   3   1   4   5   6   0   0   0 -0.9661   1   1
   3   1   4   6   4   0   0   0 -5.4188   1   1
   3   1   4   6   6   0   0   0  0.4039   1   1
   3   1   5   4   4   0   0   0  1.1961   1   1
   3   1   5   4   6   0   0   0 -1.0123   1   1
   3   1   5   5   4   0   0   0 -3.0635   1   1
   3   1   5   5   6   0   0   0 -1.3208   1   1
   3   1   5   6   4   0   0   0  4.2396   1   1
   3   1   6   4   4   0   0   0 -2.1093   1   1
   3   1   6   4   6   0   0   0 -0.0258   1   1
   3   1   6   5   4   0   0   0 -3.1417   1   1
   3   2   4   4   2   0   0   0  0.3436   1   1
   3   2   4   4   4   0   0   0 -1.8961   1   1
   3   2   4   5   2   0   0   0 -0.1012   1   1
   3   2   4   5   4   0   0   0 -0.8497   1   1
   3   2   4   6   4   0   0   0 -4.1303   1   1
   3   2   5   4   2   0   0   0  1.4030   1   1
   3   2   5   4   4   0   0   0  2.0386   1   1
   3   2   5   5   2   0   0   0 -0.2836   1   1
   3   2   5   5   4   0   0   0 -1.1467   1   1
   3   2   5   6   2   0   0   0 -0.7234   1   1
   3   2   5   6   4   0   0   0  3.3612   1   1
   3   2   6   4   4   0   0   0 -3.0747   1   1
   3   2   6   5   2   0   0   0 -1.1572   1   1
   3   2   6   5   4   0   0   0 -0.4496   1   1
   3   2   6   6   2   0   0   0  1.2713   1   1
   3   3   4   4   0   0   0   0 -3.7638   1   1
   3   3   4   4   2   0   0   0  1.6440   1   1
   3   3   4   5   2   0   0   0 -1.2318   1   1
   3   3   5   4   2   0   0   0  1.2318   1   1
   3   3   5   5   0   0   0   0 -2.7855   1   1
   3   3   5   5   2   0   0   0 -1.1922   1   1
   3   3   5   6   2   0   0   0 -1.3998   1   1
   3   3   6   5   2   0   0   0  1.3998   1   1
   3   3   6   6   0   0   0   0 -4.7178   1   1
   3   3   6   6   2   0   0   0  1.2982   1   1
   4   4   1   1   0   0   0   0 -9.7381   1   1
   4   4   1   1   2   0   0   0  5.1100   1   1
   4   4   1   1   4   0   0   0 -5.8992   1   1
   4   4   1   1   6   0   0   0  2.5220   1   1
   4   4   1   1   8   0   0   0 -2.0057   1   1
   4   4   1   1  10   0   0   0  0.2463   1   1
   4   4   1   2   2   0   0   0 -1.0541   1   1
   4   4   1   2   4   0   0   0 -4.4702   1   1
   4   4   1   2   6   0   0   0  0.1903   1   1
   4   4   1   2   8   0   0   0 -5.0245   1   1
   4   4   1   3   4   0   0   0 -3.7352   1   1
   4   4   1   3   6   0   0   0  0.5589   1   1
   4   4   2   1   2   0   0   0  1.0541   1   1
   4   4   2   1   4   0   0   0  4.4702   1   1
   4   4   2   1   6   0   0   0 -0.1903   1   1
   4   4   2   1   8   0   0   0  5.0245   1   1
   4   4   2   2   0   0   0   0 -8.6356   1   1
   4   4   2   2   2   0   0   0  0.0053   1   1
   4   4   2   2   4   0   0   0 -4.1531   1   1
   4   4   2   2   6   0   0   0  1.4909   1   1
   4   4   2   3   2   0   0   0 -0.3436   1   1
   4   4   2   3   4   0   0   0  1.8961   1   1
   4   4   3   1   4   0   0   0 -3.7352   1   1
   4   4   3   1   6   0   0   0  0.5589   1   1
   4   4   3   2   2   0   0   0  0.3436   1   1
   4   4   3   2   4   0   0   0 -1.8961   1   1
   4   4   3   3   0   0   0   0 -3.7638   1   1
   4   4   3   3   2   0   0   0  1.6440   1   1
   4   5   1   1   2   0   0   0 -0.9927   1   1
   4   5   1   1   4   0   0   0 -4.6089   1   1
   4   5   1   1   6   0   0   0  0.2803   1   1
   4   5   1   1   8   0   0   0 -5.2072   1   1
   4   5   1   2   2   0   0   0 -1.2106   1   1
   4   5   1   2   4   0   0   0 -1.1724   1   1
   4   5   1   2   6   0   0   0 -0.3651   1   1
   4   5   1   2   8   0   0   0 -5.2710   1   1
   4   5   1   3   4   0   0   0 -1.1961   1   1
   4   5   1   3   6   0   0   0  1.0123   1   1
   4   5   2   1   2   0   0   0 -4.4053   1   1
   4   5   2   1   4   0   0   0  1.5252   1   1
   4   5   2   1   6   0   0   0 -2.5895   1   1
   4   5   2   1   8   0   0   0  8.3298   1   1
   4   5   2   2   2   0   0   0  2.6346   1   1
   4   5   2   2   4   0   0   0 -3.0628   1   1
   4   5   2   2   6   0   0   0  2.0052   1   1
   4   5   2   3   2   0   0   0  1.4030   1   1
   4   5   2   3   4   0   0   0  2.0386   1   1
   4   5   3   1   4   0   0   0 -2.5746   1   1
   4   5   3   1   6   0   0   0 -0.9661   1   1
   4   5   3   2   2   0   0   0 -0.1012   1   1
   4   5   3   2   4   0   0   0 -0.8497   1   1
   4   5   3   3   2   0   0   0 -1.2318   1   1
   4   6   1   1   4   0   0   0 -3.7799   1   1
   4   6   1   1   6   0   0   0  0.5418   1   1
   4   6   1   2   4   0   0   0 -1.2001   1   1
   4   6   1   2   6   0   0   0  1.0207   1   1
   4   6   1   3   4   0   0   0 -2.1093   1   1
   4   6   1   3   6   0   0   0 -0.0258   1   1
   4   6   2   1   4   0   0   0  2.5202   1   1
   4   6   2   1   6   0   0   0  0.9712   1   1
   4   6   2   2   4   0   0   0 -3.0134   1   1
   4   6   2   2   6   0   0   0 -1.2339   1   1
   4   6   2   3   4   0   0   0  3.0747   1   1
   4   6   3   1   4   0   0   0 -5.4188   1   1
   4   6   3   1   6   0   0   0  0.4039   1   1
   4   6   3   2   4   0   0   0 -4.1303   1   1
   5   4   1   1   2   0   0   0  0.9927   1   1
   5   4   1   1   4   0   0   0  4.6089   1   1
   5   4   1   1   6   0   0   0 -0.2803   1   1
   5   4   1   1   8   0   0   0  5.2072   1   1
   5   4   1   2   2   0   0   0 -4.4053   1   1
   5   4   1   2   4   0   0   0  1.5252   1   1
   5   4   1   2   6   0   0   0 -2.5895   1   1
   5   4   1   2   8   0   0   0  8.3298   1   1
   5   4   1   3   4   0   0   0  2.5746   1   1
   5   4   1   3   6   0   0   0  0.9661   1   1
   5   4   2   1   2   0   0   0 -1.2106   1   1
   5   4   2   1   4   0   0   0 -1.1724   1   1
   5   4   2   1   6   0   0   0 -0.3651   1   1
   5   4   2   1   8   0   0   0 -5.2710   1   1
   5   4   2   2   2   0   0   0 -2.6346   1   1
   5   4   2   2   4   0   0   0  3.0628   1   1
   5   4   2   2   6   0   0   0 -2.0052   1   1
   5   4   2   3   2   0   0   0 -0.1012   1   1
   5   4   2   3   4   0   0   0 -0.8497   1   1
   5   4   3   1   4   0   0   0  1.1961   1   1
   5   4   3   1   6   0   0   0 -1.0123   1   1
   5   4   3   2   2   0   0   0  1.4030   1   1
   5   4   3   2   4   0   0   0  2.0386   1   1
   5   4   3   3   2   0   0   0  1.2318   1   1
   5   5   1   1   0   0   0   0 -8.9524   1   1
   5   5   1   1   2   0   0   0 -0.0343   1   1
   5   5   1   1   4   0   0   0 -4.3106   1   1
   5   5   1   1   6   0   0   0  1.4402   1   1
   5   5   1   2   2   0   0   0  2.7765   1   1
   5   5   1   2   4   0   0   0 -3.0812   1   1
   5   5   1   2   6   0   0   0  2.1337   1   1
   5   5   1   3   4   0   0   0 -3.0635   1   1
   5   5   1   3   6   0   0   0 -1.3208   1   1
   5   5   2   1   2   0   0   0 -2.7765   1   1
   5   5   2   1   4   0   0   0  3.0812   1   1
   5   5   2   1   6   0   0   0 -2.1337   1   1
   5   5   2   2   0   0   0   0 -4.0095   1   1
   5   5   2   2   2   0   0   0  4.8738   1   1
   5   5   2   2   4   0   0   0 -1.8128   1   1
   5   5   2   2   6   0   0   0 -0.4130   1   1
   5   5   2   3   2   0   0   0  0.2836   1   1
   5   5   2   3   4   0   0   0  1.1467   1   1
   5   5   3   1   4   0   0   0 -3.0635   1   1
   5   5   3   1   6   0   0   0 -1.3208   1   1
   5   5   3   2   2   0   0   0 -0.2836   1   1
   5   5   3   2   4   0   0   0 -1.1467   1   1
   5   5   3   3   0   0   0   0 -2.7855   1   1
   5   5   3   3   2   0   0   0 -1.1922   1   1
   5   6   1   1   2   0   0   0 -0.3940   1   1
   5   6   1   1   4   0   0   0  1.9533   1   1
   5   6   1   2   2   0   0   0  1.5074   1   1
   5   6   1   2   4   0   0   0  2.1005   1   1
   5   6   1   3   4   0   0   0  3.1417   1   1
   5   6   2   1   2   0   0   0 -0.1158   1   1
   5   6   2   1   4   0   0   0 -0.7896   1   1
   5   6   2   2   2   0   0   0  0.3337   1   1
   5   6   2   2   4   0   0   0  1.1047   1   1
   5   6   2   3   2   0   0   0 -1.1572   1   1
   5   6   2   3   4   0   0   0 -0.4496   1   1
   5   6   3   1   4   0   0   0  4.2396   1   1
   5   6   3   2   2   0   0   0 -0.7234   1   1
   5   6   3   2   4   0   0   0  3.3612   1   1
   5   6   3   3   2   0   0   0 -1.3998   1   1
   6   4   1   1   4   0   0   0 -3.7799   1   1
   6   4   1   1   6   0   0   0  0.5418   1   1
   6   4   1   2   4   0   0   0 -2.5202   1   1
   6   4   1   2   6   0   0   0 -0.9712   1   1
   6   4   1   3   4   0   0   0 -5.4188   1   1
   6   4   1   3   6   0   0   0  0.4039   1   1
   6   4   2   1   4   0   0   0  1.2001   1   1
   6   4   2   1   6   0   0   0 -1.0207   1   1
   6   4   2   2   4   0   0   0 -3.0134   1   1
   6   4   2   2   6   0   0   0 -1.2339   1   1
   6   4   2   3   4   0   0   0  4.1303   1   1
   6   4   3   1   4   0   0   0 -2.1093   1   1
   6   4   3   1   6   0   0   0 -0.0258   1   1
   6   4   3   2   4   0   0   0 -3.0747   1   1
   6   5   1   1   2   0   0   0  0.3940   1   1
   6   5   1   1   4   0   0   0 -1.9533   1   1
   6   5   1   2   2   0   0   0 -0.1158   1   1
   6   5   1   2   4   0   0   0 -0.7896   1   1
   6   5   1   3   4   0   0   0 -4.2396   1   1
   6   5   2   1   2   0   0   0  1.5074   1   1
   6   5   2   1   4   0   0   0  2.1005   1   1
   6   5   2   2   2   0   0   0 -0.3337   1   1
   6   5   2   2   4   0   0   0 -1.1047   1   1
   6   5   2   3   2   0   0   0 -0.7234   1   1
   6   5   2   3   4   0   0   0  3.3612   1   1
   6   5   3   1   4   0   0   0 -3.1417   1   1
   6   5   3   2   2   0   0   0 -1.1572   1   1
   6   5   3   2   4   0   0   0 -0.4496   1   1
   6   5   3   3   2   0   0   0  1.3998   1   1
   6   6   1   1   0   0   0   0 -3.9882   1   1
   6   6   1   1   2   0   0   0  1.6064   1   1
   6   6   1   2   2   0   0   0 -1.3151   1   1
   6   6   2   1   2   0   0   0  1.3151   1   1
   6   6   2   2   0   0   0   0 -2.7587   1   1
   6   6   2   2   2   0   0   0 -1.0254   1   1
   6   6   2   3   2   0   0   0 -1.2713   1   1
   6   6   3   2   2   0   0   0  1.2713   1   1
   6   6   3   3   0   0   0   0 -4.7178   1   1
   6   6   3   3   2   0   0   0  1.2982   1   1
