 ! Total Interaction
 256
   1   4   1   4     0     0   0.0000
   1   4   2   5     0     0   0.0000
   2   5   2   5     0     0   0.0000
   1   4   3   6     0     0   0.0000
   2   5   3   6     0     0   0.0000
   3   6   3   6     0     0   0.0000
   1   4   1   4     1     0  -1.3656
   1   4   2   4     1     0  -4.2758
   2   4   2   4     1     0  -5.5702
   1   5   2   4     1     0   7.0463
   1   4   1   5     1     0   4.3662
   1   5   1   5     1     0  -5.8596
   1   4   2   5     1     0   1.4086
   2   4   2   5     1     0  -0.3910
   1   5   2   5     1     0   0.4954
   2   5   2   5     1     0   0.5065
   1   4   3   5     1     0   0.1110
   2   4   3   5     1     0   2.7721
   1   5   3   5     1     0  -2.6773
   2   5   3   5     1     0   0.9266
   3   5   3   5     1     0  -3.0580
   2   6   3   5     1     0   3.5491
   1   4   2   6     1     0  -0.1147
   2   4   2   6     1     0  -2.5630
   1   5   2   6     1     0   2.9097
   2   5   2   6     1     0  -0.9174
   2   6   2   6     1     0  -2.8867
   1   4   3   6     1     0  -0.9205
   2   4   3   6     1     0  -2.5105
   1   5   3   6     1     0   2.5652
   2   5   3   6     1     0  -0.3692
   3   5   3   6     1     0   1.1429
   2   6   3   6     1     0  -1.0380
   3   6   3   6     1     0  -2.7336
   1   4   1   4     2     0   0.0000
   1   4   2   4     2     0   0.0000
   2   4   2   4     2     0   0.0000
   1   5   2   4     2     0   0.0000
   1   6   2   4     2     0   0.0000
   1   4   3   4     2     0   0.0000
   2   4   3   4     2     0   0.0000
   3   4   3   4     2     0   0.0000
   1   5   3   4     2     0   0.0000
   2   5   3   4     2     0   0.0000
   1   6   3   4     2     0   0.0000
   2   6   3   4     2     0   0.0000
   1   4   1   5     2     0   0.0000
   1   5   1   5     2     0   0.0000
   1   4   2   5     2     0   0.0000
   2   4   2   5     2     0   0.0000
   1   5   2   5     2     0   0.0000
   2   5   2   5     2     0   0.0000
   1   6   2   5     2     0   0.0000
   1   4   3   5     2     0   0.0000
   2   4   3   5     2     0   0.0000
   3   4   3   5     2     0   0.0000
   1   5   3   5     2     0   0.0000
   2   5   3   5     2     0   0.0000
   3   5   3   5     2     0   0.0000
   1   6   3   5     2     0   0.0000
   2   6   3   5     2     0   0.0000
   1   4   1   6     2     0   0.0000
   1   5   1   6     2     0   0.0000
   1   6   1   6     2     0   0.0000
   1   4   2   6     2     0   0.0000
   2   4   2   6     2     0   0.0000
   1   5   2   6     2     0   0.0000
   2   5   2   6     2     0   0.0000
   1   6   2   6     2     0   0.0000
   2   6   2   6     2     0   0.0000
   1   4   1   4     3     0  -1.1368
   1   4   2   4     3     0  -1.7830
   2   4   2   4     3     0  -0.7890
   1   5   2   4     3     0   1.2716
   1   6   2   4     3     0  -1.5514
   1   4   3   4     3     0  -1.8785
   2   4   3   4     3     0  -1.0396
   3   4   3   4     3     0  -2.9752
   1   5   3   4     3     0   1.5915
   2   5   3   4     3     0   0.1100
   1   6   3   4     3     0  -4.0898
   1   4   1   5     3     0   1.8443
   1   5   1   5     3     0  -0.8523
   1   4   2   5     3     0   0.2535
   2   4   2   5     3     0  -2.3036
   1   5   2   5     3     0   2.3803
   2   5   2   5     3     0  -2.4635
   1   6   2   5     3     0   0.0913
   1   4   1   6     3     0  -1.8946
   1   5   1   6     3     0   1.0957
   1   6   1   6     3     0  -3.0865
   1   4   1   4     4     0   0.0000
   1   4   2   4     4     0   0.0000
   2   4   2   4     4     0   0.0000
   1   5   2   4     4     0   0.0000
   1   4   1   5     4     0   0.0000
   1   5   1   5     4     0   0.0000
   1   4   1   4     5     0  -3.6184
   1   1   1   1     0     1  -1.4836
   1   1   2   2     0     1  -4.2446
   2   2   2   2     0     1   0.3329
   1   1   3   3     0     1  -1.3104
   2   2   3   3     0     1  -0.9911
   3   3   3   3     0     1  -0.7847
   1   4   1   4     0     1  -2.1010
   4   4   4   4     0     1  -1.9802
   1   4   2   5     0     1  -4.3882
   2   5   2   5     0     1  -0.1785
   4   4   5   5     0     1  -4.3565
   5   5   5   5     0     1  -0.0006
   1   4   3   6     0     1  -1.3813
   2   5   3   6     0     1  -1.0641
   3   6   3   6     0     1  -1.2347
   4   4   6   6     0     1  -1.3407
   5   5   6   6     0     1  -1.0220
   6   6   6   6     0     1  -1.1391
   1   2   1   2     1     1   1.0084
   1   2   2   3     1     1   0.0911
   2   3   2   3     1     1   0.5625
   1   4   1   4     1     1   0.0000
   1   4   2   4     1     1   0.0000
   2   4   2   4     1     1   0.0000
   1   5   2   4     1     1   0.0000
   1   4   1   5     1     1   0.0000
   1   5   1   5     1     1   0.0000
   1   4   2   5     1     1   0.0000
   2   4   2   5     1     1   0.0000
   1   5   2   5     1     1   0.0000
   2   5   2   5     1     1   0.0000
   1   4   3   5     1     1   0.0000
   2   4   3   5     1     1   0.0000
   1   5   3   5     1     1   0.0000
   2   5   3   5     1     1   0.0000
   3   5   3   5     1     1   0.0000
   2   6   3   5     1     1   0.0000
   4   5   4   5     1     1   0.5836
   1   4   2   6     1     1   0.0000
   2   4   2   6     1     1   0.0000
   1   5   2   6     1     1   0.0000
   2   5   2   6     1     1   0.0000
   2   6   2   6     1     1   0.0000
   1   4   3   6     1     1   0.0000
   2   4   3   6     1     1   0.0000
   1   5   3   6     1     1   0.0000
   2   5   3   6     1     1   0.0000
   3   5   3   6     1     1   0.0000
   2   6   3   6     1     1   0.0000
   3   6   3   6     1     1   0.0000
   4   5   5   6     1     1   0.1252
   5   6   5   6     1     1   0.2913
   1   1   1   1     2     1  -0.3153
   1   1   1   2     2     1  -0.3387
   1   2   1   2     2     1   0.8478
   1   1   2   2     2     1  -0.9738
   1   2   2   2     2     1  -0.7433
   2   2   2   2     2     1   0.3405
   1   3   2   2     2     1  -0.4924
   1   1   1   3     2     1  -0.8370
   1   2   1   3     2     1   0.1772
   1   3   1   3     2     1  -0.3908
   1   1   2   3     2     1   0.9615
   1   2   2   3     2     1   0.7479
   2   2   2   3     2     1   0.1496
   1   3   2   3     2     1   1.2512
   2   3   2   3     2     1   0.3499
   1   4   1   4     2     1  -0.7842
   1   4   2   4     2     1   0.2867
   2   4   2   4     2     1  -4.1324
   1   5   2   4     2     1  -5.0704
   1   6   2   4     2     1  -1.5704
   1   4   3   4     2     1  -0.8751
   2   4   3   4     2     1   1.2073
   3   4   3   4     2     1  -1.0500
   1   5   3   4     2     1   1.5823
   2   5   3   4     2     1  -0.5253
   1   6   3   4     2     1  -0.4516
   2   6   3   4     2     1   3.6942
   4   4   4   4     2     1  -0.7826
   1   4   1   5     2     1  -0.3427
   1   5   1   5     2     1  -4.2277
   1   4   2   5     2     1  -1.0098
   2   4   2   5     2     1   0.7849
   1   5   2   5     2     1  -0.7890
   2   5   2   5     2     1  -0.0269
   1   6   2   5     2     1  -0.4930
   1   4   3   5     2     1  -0.9873
   2   4   3   5     2     1  -0.5375
   3   4   3   5     2     1   1.1018
   1   5   3   5     2     1  -2.1455
   2   5   3   5     2     1  -0.2073
   3   5   3   5     2     1  -1.3167
   1   6   3   5     2     1  -3.7920
   2   6   3   5     2     1  -1.3781
   4   4   4   5     2     1  -0.2727
   4   5   4   5     2     1   0.4738
   4   4   5   5     2     1  -0.9909
   4   5   5   5     2     1  -0.8197
   5   5   5   5     2     1   0.0237
   4   6   5   5     2     1  -0.5167
   1   4   1   6     2     1  -0.8986
   1   5   1   6     2     1  -1.2230
   1   6   1   6     2     1  -1.2052
   1   4   2   6     2     1   0.9924
   2   4   2   6     2     1  -2.1310
   1   5   2   6     2     1  -0.5173
   2   5   2   6     2     1   0.1666
   1   6   2   6     2     1  -1.1762
   2   6   2   6     2     1  -1.3890
   4   4   4   6     2     1  -0.8880
   4   5   4   6     2     1   0.2214
   4   6   4   6     2     1  -0.7187
   4   4   5   6     2     1   0.9780
   4   5   5   6     2     1   0.8418
   5   5   5   6     2     1   0.1554
   4   6   5   6     2     1   1.3339
   5   6   5   6     2     1   0.1208
   1   2   1   2     3     1   0.5467
   1   2   1   3     3     1  -0.2225
   1   3   1   3     3     1   0.8637
   1   4   1   4     3     1   0.0000
   1   4   2   4     3     1   0.0000
   2   4   2   4     3     1   0.0000
   1   5   2   4     3     1   0.0000
   1   6   2   4     3     1   0.0000
   1   4   3   4     3     1   0.0000
   2   4   3   4     3     1   0.0000
   3   4   3   4     3     1   0.0000
   1   5   3   4     3     1   0.0000
   2   5   3   4     3     1   0.0000
   1   6   3   4     3     1   0.0000
   1   4   1   5     3     1   0.0000
   1   5   1   5     3     1   0.0000
   1   4   2   5     3     1   0.0000
   2   4   2   5     3     1   0.0000
   1   5   2   5     3     1   0.0000
   2   5   2   5     3     1   0.0000
   1   6   2   5     3     1   0.0000
   4   5   4   5     3     1   0.2118
   1   4   1   6     3     1   0.0000
   1   5   1   6     3     1   0.0000
   1   6   1   6     3     1   0.0000
   4   5   4   6     3     1  -0.2384
   4   6   4   6     3     1   0.5452
   1   1   1   1     4     1   0.3499
   1   1   1   2     4     1  -1.2818
   1   2   1   2     4     1  -0.2227
   1   4   1   4     4     1  -0.0610
   1   4   2   4     4     1   1.3012
   2   4   2   4     4     1  -4.6351
   1   5   2   4     4     1  -3.3745
   4   4   4   4     4     1  -0.0387
   1   4   1   5     4     1  -1.3845
   1   5   1   5     4     1  -4.7813
   4   4   4   5     4     1  -1.3668
   4   5   4   5     4     1  -0.6393
   1   4   1   4     5     1   0.0000
