      1      4      1      4          10           0  0.371077577074361     
      1      4      1      4           8           0  -2.01662470238095     
      1      4      1      4           6           0   2.47064422385724     
      1      4      1      4           4           0  -6.43258808360259     
      1      4      1      4           2           0   5.02810955442448     
      1      4      1      4           0           0  -10.5362061666667     
      1      4      1      5           8           0  -4.92886990196969     
      1      4      1      5           6           0  0.278643395853489     
      1      4      1      5           4           0  -4.48755724574386     
      1      4      1      5           2           0  -1.03806194468819     
      1      4      1      6           6           0  0.605247677677212     
      1      4      1      6           4           0  -3.77492723354932     
      1      4      2      4           8           0  -4.78706158571258     
      1      4      2      4           6           0  0.236084505119373     
      1      4      2      4           4           0  -4.36420215120038     
      1      4      2      4           2           0  -1.02655456868522     
      1      4      2      5           8           0  -4.67528638281270     
      1      4      2      5           6           0 -0.195652591243405     
      1      4      2      5           4           0 -0.957449156738485     
      1      4      2      5           2           0 -0.655214374316241     
      1      4      2      6           6           0  0.760663707445724     
      1      4      2      6           4           0  -1.23764646405625     
      1      4      3      4           6           0  0.573096086177583     
      1      4      3      4           4           0  -3.58469994047590     
      1      4      3      5           6           0  0.763575112993646     
      1      4      3      5           4           0  -1.16272341726665     
      1      4      3      6           6           0  7.676830041014671E-002
      1      4      3      6           4           0  -2.11155479292491     
      1      5      1      4           8           0   4.92886990196969     
      1      5      1      4           6           0 -0.278643395853489     
      1      5      1      4           4           0   4.48755724574386     
      1      5      1      4           2           0   1.03806194468819     
      1      5      1      5           6           0   1.24124798172304     
      1      5      1      5           4           0  -4.53704825824312     
      1      5      1      5           2           0  0.107904880405384     
      1      5      1      5           0           0  -9.52437801331308     
      1      5      1      6           4           0   2.28607776374380     
      1      5      1      6           2           0 -0.290230035519048     
      1      5      2      4           8           0   7.57432722321429     
      1      5      2      4           6           0  -2.28046989737882     
      1      5      2      4           4           0   1.73751110145943     
      1      5      2      4           2           0  -3.85932568824727     
      1      5      2      5           6           0   1.64135061743809     
      1      5      2      5           4           0  -2.78428388220773     
      1      5      2      5           2           0   2.24745622614987     
      1      5      2      6           4           0   2.19960200783712     
      1      5      2      6           2           0  0.820029312783325     
      1      5      3      4           6           0  0.898486055186004     
      1      5      3      4           4           0   2.36134155694534     
      1      5      3      5           6           0  -1.00291558841386     
      1      5      3      5           4           0  -3.09163659550338     
      1      5      3      6           4           0   3.17202185593629     
      1      6      1      4           6           0  0.605247677677211     
      1      6      1      4           4           0  -3.77492723354932     
      1      6      1      5           4           0  -2.28607776374380     
      1      6      1      5           2           0  0.290230035519048     
      1      6      1      6           2           0   1.51760414929091     
      1      6      1      6           0           0  -4.22737830091559     
      1      6      2      4           6           0 -0.930801793884738     
      1      6      2      4           4           0  -2.43541346555856     
      1      6      2      5           4           0 -0.908276214066384     
      1      6      2      5           2           0 -0.217044140596417     
      1      6      2      6           2           0  -1.10816957486715     
      1      6      3      4           6           0  0.467565329424544     
      1      6      3      4           4           0  -5.12798494144517     
      1      6      3      5           4           0  -3.70672653219943     
      2      4      1      4           8           0   4.78706158571258     
      2      4      1      4           6           0 -0.236084505119373     
      2      4      1      4           4           0   4.36420215120037     
      2      4      1      4           2           0   1.02655456868522     
      2      4      1      5           8           0   7.57432722321429     
      2      4      1      5           6           0  -2.28046989737882     
      2      4      1      5           4           0   1.73751110145943     
      2      4      1      5           2           0  -3.85932568824727     
      2      4      1      6           6           0  0.930801793884738     
      2      4      1      6           4           0   2.43541346555856     
      2      4      2      4           6           0   1.28041524002378     
      2      4      2      4           4           0  -4.29611203424939     
      2      4      2      4           2           0  0.164789558740155     
      2      4      2      4           0           0  -8.85206564505272     
      2      4      2      5           6           0   1.55558045952638     
      2      4      2      5           4           0  -2.70163312569261     
      2      4      2      5           2           0   2.11893690359767     
      2      4      2      6           6           0 -0.927672269863614     
      2      4      2      6           4           0  -3.07848546340207     
      2      4      3      4           4           0   2.07028867618766     
      2      4      3      4           2           0 -0.234238183813324     
      2      4      3      5           4           0   2.07866033964630     
      2      4      3      5           2           0  0.807150619974220     
      2      4      3      6           4           0   3.05198461109120     
      2      5      1      4           8           0  -4.67528638281270     
      2      5      1      4           6           0 -0.195652591243405     
      2      5      1      4           4           0 -0.957449156738485     
      2      5      1      4           2           0 -0.655214374316240     
      2      5      1      5           6           0  -1.64135061743809     
      2      5      1      5           4           0   2.78428388220773     
      2      5      1      5           2           0  -2.24745622614987     
      2      5      1      6           4           0 -0.908276214066384     
      2      5      1      6           2           0 -0.217044140596417     
      2      5      2      4           6           0  -1.55558045952638     
      2      5      2      4           4           0   2.70163312569261     
      2      5      2      4           2           0  -2.11893690359767     
      2      5      2      5           6           0  0.232363902619641     
      2      5      2      5           4           0  -2.40278272130504     
      2      5      2      5           2           0   4.00955264686936     
      2      5      2      5           0           0  -5.64004850000000     
      2      5      2      6           4           0   1.65307233413053     
      2      5      2      6           2           0  0.434295370944426     
      2      5      3      4           4           0 -0.877201411590915     
      2      5      3      4           2           0 -7.943696925491053E-002
      2      5      3      5           4           0   1.62344356592076     
      2      5      3      5           2           0  0.431039271380209     
      2      5      3      6           4           0 -0.818069245110884     
      2      5      3      6           2           0 -0.654638341082853     
      2      6      1      4           6           0 -0.760663707445724     
      2      6      1      4           4           0   1.23764646405625     
      2      6      1      5           4           0   2.19960200783712     
      2      6      1      5           2           0  0.820029312783325     
      2      6      1      6           2           0   1.10816957486715     
      2      6      2      4           6           0 -0.927672269863613     
      2      6      2      4           4           0  -3.07848546340207     
      2      6      2      5           4           0  -1.65307233413053     
      2      6      2      5           2           0 -0.434295370944426     
      2      6      2      6           2           0  -1.14751778320554     
      2      6      2      6           0           0  -3.52922845798820     
      2      6      3      4           4           0   3.59796753987581     
      2      6      3      5           4           0   3.57735742181870     
      2      6      3      5           2           0 -0.490739140725928     
      2      6      3      6           2           0 -0.828310878205460     
      3      4      1      4           6           0  0.573096086177582     
      3      4      1      4           4           0  -3.58469994047590     
      3      4      1      5           6           0 -0.898486055186004     
      3      4      1      5           4           0  -2.36134155694534     
      3      4      1      6           6           0  0.467565329424544     
      3      4      1      6           4           0  -5.12798494144517     
      3      4      2      4           4           0  -2.07028867618766     
      3      4      2      4           2           0  0.234238183813323     
      3      4      2      5           4           0 -0.877201411590916     
      3      4      2      5           2           0 -7.943696925491059E-002
      3      4      2      6           4           0  -3.59796753987581     
      3      4      3      4           2           0   1.42890910519846     
      3      4      3      4           0           0  -3.84684976958162     
      3      4      3      5           2           0  -1.08673462723484     
      3      5      1      4           6           0 -0.763575112993646     
      3      5      1      4           4           0   1.16272341726665     
      3      5      1      5           6           0  -1.00291558841386     
      3      5      1      5           4           0  -3.09163659550338     
      3      5      1      6           4           0   3.70672653219943     
      3      5      2      4           4           0   2.07866033964630     
      3      5      2      4           2           0  0.807150619974219     
      3      5      2      5           4           0  -1.62344356592076     
      3      5      2      5           2           0 -0.431039271380209     
      3      5      2      6           4           0   3.57735742181870     
      3      5      2      6           2           0 -0.490739140725928     
      3      5      3      4           2           0   1.08673462723484     
      3      5      3      5           2           0  -1.13719252834338     
      3      5      3      5           0           0  -3.45664483078288     
      3      5      3      6           2           0 -0.852688200125638     
      3      6      1      4           6           0  7.676830041014693E-002
      3      6      1      4           4           0  -2.11155479292491     
      3      6      1      5           4           0  -3.17202185593629     
      3      6      2      4           4           0  -3.05198461109120     
      3      6      2      5           4           0 -0.818069245110883     
      3      6      2      5           2           0 -0.654638341082853     
      3      6      2      6           2           0  0.828310878205460     
      3      6      3      5           2           0  0.852688200125638     
      3      6      3      6           2           0   1.14091658937748     
      3      6      3      6           0           0  -4.37516550000000     
      4      1      4      1          10           0  0.371077577074361     
      4      1      4      1           8           0  -2.01662470238095     
      4      1      4      1           6           0   2.47064422385724     
      4      1      4      1           4           0  -6.43258808360259     
      4      1      4      1           2           0   5.02810955442448     
      4      1      4      1           0           0  -10.5362061666667     
      4      1      4      2           8           0  -4.78706158571258     
      4      1      4      2           6           0  0.236084505119373     
      4      1      4      2           4           0  -4.36420215120038     
      4      1      4      2           2           0  -1.02655456868522     
      4      1      4      3           6           0  0.573096086177583     
      4      1      4      3           4           0  -3.58469994047590     
      4      1      5      1           8           0  -4.92886990196969     
      4      1      5      1           6           0  0.278643395853489     
      4      1      5      1           4           0  -4.48755724574386     
      4      1      5      1           2           0  -1.03806194468819     
      4      1      5      2           8           0  -4.67528638281270     
      4      1      5      2           6           0 -0.195652591243405     
      4      1      5      2           4           0 -0.957449156738485     
      4      1      5      2           2           0 -0.655214374316241     
      4      1      5      3           6           0  0.763575112993646     
      4      1      5      3           4           0  -1.16272341726665     
      4      1      6      1           6           0  0.605247677677212     
      4      1      6      1           4           0  -3.77492723354932     
      4      1      6      2           6           0  0.760663707445724     
      4      1      6      2           4           0  -1.23764646405625     
      4      1      6      3           6           0  7.676830041014671E-002
      4      1      6      3           4           0  -2.11155479292491     
      4      2      4      1           8           0   4.78706158571258     
      4      2      4      1           6           0 -0.236084505119373     
      4      2      4      1           4           0   4.36420215120037     
      4      2      4      1           2           0   1.02655456868522     
      4      2      4      2           6           0   1.28041524002378     
      4      2      4      2           4           0  -4.29611203424939     
      4      2      4      2           2           0  0.164789558740156     
      4      2      4      2           0           0  -8.85206564505272     
      4      2      4      3           4           0   2.07028867618766     
      4      2      4      3           2           0 -0.234238183813324     
      4      2      5      1           8           0   7.57432722321429     
      4      2      5      1           6           0  -2.28046989737882     
      4      2      5      1           4           0   1.73751110145943     
      4      2      5      1           2           0  -3.85932568824727     
      4      2      5      2           6           0   1.55558045952638     
      4      2      5      2           4           0  -2.70163312569261     
      4      2      5      2           2           0   2.11893690359767     
      4      2      5      3           4           0   2.07866033964630     
      4      2      5      3           2           0  0.807150619974220     
      4      2      6      1           6           0  0.930801793884738     
      4      2      6      1           4           0   2.43541346555856     
      4      2      6      2           6           0 -0.927672269863614     
      4      2      6      2           4           0  -3.07848546340207     
      4      2      6      3           4           0   3.05198461109120     
      4      3      4      1           6           0  0.573096086177582     
      4      3      4      1           4           0  -3.58469994047590     
      4      3      4      2           4           0  -2.07028867618766     
      4      3      4      2           2           0  0.234238183813323     
      4      3      4      3           2           0   1.42890910519846     
      4      3      4      3           0           0  -3.84684976958162     
      4      3      5      1           6           0 -0.898486055186004     
      4      3      5      1           4           0  -2.36134155694534     
      4      3      5      2           4           0 -0.877201411590916     
      4      3      5      2           2           0 -7.943696925491059E-002
      4      3      5      3           2           0  -1.08673462723484     
      4      3      6      1           6           0  0.467565329424544     
      4      3      6      1           4           0  -5.12798494144517     
      4      3      6      2           4           0  -3.59796753987581     
      5      1      4      1           8           0   4.92886990196969     
      5      1      4      1           6           0 -0.278643395853489     
      5      1      4      1           4           0   4.48755724574386     
      5      1      4      1           2           0   1.03806194468819     
      5      1      4      2           8           0   7.57432722321429     
      5      1      4      2           6           0  -2.28046989737882     
      5      1      4      2           4           0   1.73751110145943     
      5      1      4      2           2           0  -3.85932568824727     
      5      1      4      3           6           0  0.898486055186004     
      5      1      4      3           4           0   2.36134155694534     
      5      1      5      1           6           0   1.24124798172304     
      5      1      5      1           4           0  -4.53704825824312     
      5      1      5      1           2           0  0.107904880405383     
      5      1      5      1           0           0  -9.52437801331308     
      5      1      5      2           6           0   1.64135061743809     
      5      1      5      2           4           0  -2.78428388220773     
      5      1      5      2           2           0   2.24745622614987     
      5      1      5      3           6           0  -1.00291558841386     
      5      1      5      3           4           0  -3.09163659550338     
      5      1      6      1           4           0   2.28607776374380     
      5      1      6      1           2           0 -0.290230035519048     
      5      1      6      2           4           0   2.19960200783712     
      5      1      6      2           2           0  0.820029312783325     
      5      1      6      3           4           0   3.17202185593629     
      5      2      4      1           8           0  -4.67528638281270     
      5      2      4      1           6           0 -0.195652591243405     
      5      2      4      1           4           0 -0.957449156738485     
      5      2      4      1           2           0 -0.655214374316240     
      5      2      4      2           6           0  -1.55558045952638     
      5      2      4      2           4           0   2.70163312569261     
      5      2      4      2           2           0  -2.11893690359767     
      5      2      4      3           4           0 -0.877201411590915     
      5      2      4      3           2           0 -7.943696925491053E-002
      5      2      5      1           6           0  -1.64135061743809     
      5      2      5      1           4           0   2.78428388220773     
      5      2      5      1           2           0  -2.24745622614987     
      5      2      5      2           6           0  0.232363902619641     
      5      2      5      2           4           0  -2.40278272130504     
      5      2      5      2           2           0   4.00955264686936     
      5      2      5      2           0           0  -5.64004850000000     
      5      2      5      3           4           0   1.62344356592076     
      5      2      5      3           2           0  0.431039271380209     
      5      2      6      1           4           0 -0.908276214066384     
      5      2      6      1           2           0 -0.217044140596417     
      5      2      6      2           4           0   1.65307233413053     
      5      2      6      2           2           0  0.434295370944426     
      5      2      6      3           4           0 -0.818069245110884     
      5      2      6      3           2           0 -0.654638341082853     
      5      3      4      1           6           0 -0.763575112993646     
      5      3      4      1           4           0   1.16272341726665     
      5      3      4      2           4           0   2.07866033964630     
      5      3      4      2           2           0  0.807150619974219     
      5      3      4      3           2           0   1.08673462723484     
      5      3      5      1           6           0  -1.00291558841386     
      5      3      5      1           4           0  -3.09163659550338     
      5      3      5      2           4           0  -1.62344356592076     
      5      3      5      2           2           0 -0.431039271380209     
      5      3      5      3           2           0  -1.13719252834338     
      5      3      5      3           0           0  -3.45664483078288     
      5      3      6      1           4           0   3.70672653219943     
      5      3      6      2           4           0   3.57735742181870     
      5      3      6      2           2           0 -0.490739140725928     
      5      3      6      3           2           0 -0.852688200125638     
      6      1      4      1           6           0  0.605247677677211     
      6      1      4      1           4           0  -3.77492723354932     
      6      1      4      2           6           0 -0.930801793884738     
      6      1      4      2           4           0  -2.43541346555856     
      6      1      4      3           6           0  0.467565329424544     
      6      1      4      3           4           0  -5.12798494144517     
      6      1      5      1           4           0  -2.28607776374380     
      6      1      5      1           2           0  0.290230035519048     
      6      1      5      2           4           0 -0.908276214066384     
      6      1      5      2           2           0 -0.217044140596417     
      6      1      5      3           4           0  -3.70672653219943     
      6      1      6      1           2           0   1.51760414929091     
      6      1      6      1           0           0  -4.22737830091559     
      6      1      6      2           2           0  -1.10816957486715     
      6      2      4      1           6           0 -0.760663707445724     
      6      2      4      1           4           0   1.23764646405625     
      6      2      4      2           6           0 -0.927672269863613     
      6      2      4      2           4           0  -3.07848546340207     
      6      2      4      3           4           0   3.59796753987581     
      6      2      5      1           4           0   2.19960200783712     
      6      2      5      1           2           0  0.820029312783325     
      6      2      5      2           4           0  -1.65307233413053     
      6      2      5      2           2           0 -0.434295370944426     
      6      2      5      3           4           0   3.57735742181870     
      6      2      5      3           2           0 -0.490739140725928     
      6      2      6      1           2           0   1.10816957486715     
      6      2      6      2           2           0  -1.14751778320554     
      6      2      6      2           0           0  -3.52922845798820     
      6      2      6      3           2           0 -0.828310878205460     
      6      3      4      1           6           0  7.676830041014693E-002
      6      3      4      1           4           0  -2.11155479292491     
      6      3      4      2           4           0  -3.05198461109120     
      6      3      5      1           4           0  -3.17202185593629     
      6      3      5      2           4           0 -0.818069245110883     
      6      3      5      2           2           0 -0.654638341082853     
      6      3      5      3           2           0  0.852688200125638     
      6      3      6      2           2           0  0.828310878205460     
      6      3      6      3           2           0   1.14091658937748     
      6      3      6      3           0           0  -4.37516550000000     
         336          10
   1   1   4   4   0   0   0   0-10.5362   1   1
   1   1   4   4   2   0   0   0  5.0281   1   1
   1   1   4   4   4   0   0   0 -6.4326   1   1
   1   1   4   4   6   0   0   0  2.4706   1   1
   1   1   4   4   8   0   0   0 -2.0166   1   1
   1   1   4   4  10   0   0   0  0.3711   1   1
   1   1   4   5   2   0   0   0 -1.0381   1   1
   1   1   4   5   4   0   0   0 -4.4876   1   1
   1   1   4   5   6   0   0   0  0.2786   1   1
   1   1   4   5   8   0   0   0 -4.9289   1   1
   1   1   4   6   4   0   0   0 -3.7749   1   1
   1   1   4   6   6   0   0   0  0.6052   1   1
   1   1   5   4   2   0   0   0  1.0381   1   1
   1   1   5   4   4   0   0   0  4.4876   1   1
   1   1   5   4   6   0   0   0 -0.2786   1   1
   1   1   5   4   8   0   0   0  4.9289   1   1
   1   1   5   5   0   0   0   0 -9.5244   1   1
   1   1   5   5   2   0   0   0  0.1079   1   1
   1   1   5   5   4   0   0   0 -4.5370   1   1
   1   1   5   5   6   0   0   0  1.2412   1   1
   1   1   5   6   2   0   0   0 -0.2902   1   1
   1   1   5   6   4   0   0   0  2.2861   1   1
   1   1   6   4   4   0   0   0 -3.7749   1   1
   1   1   6   4   6   0   0   0  0.6052   1   1
   1   1   6   5   2   0   0   0  0.2902   1   1
   1   1   6   5   4   0   0   0 -2.2861   1   1
   1   1   6   6   0   0   0   0 -4.2274   1   1
   1   1   6   6   2   0   0   0  1.5176   1   1
   1   2   4   4   2   0   0   0 -1.0266   1   1
   1   2   4   4   4   0   0   0 -4.3642   1   1
   1   2   4   4   6   0   0   0  0.2361   1   1
   1   2   4   4   8   0   0   0 -4.7871   1   1
   1   2   4   5   2   0   0   0 -0.6552   1   1
   1   2   4   5   4   0   0   0 -0.9574   1   1
   1   2   4   5   6   0   0   0 -0.1957   1   1
   1   2   4   5   8   0   0   0 -4.6753   1   1
   1   2   4   6   4   0   0   0 -1.2376   1   1
   1   2   4   6   6   0   0   0  0.7607   1   1
   1   2   5   4   2   0   0   0 -3.8593   1   1
   1   2   5   4   4   0   0   0  1.7375   1   1
   1   2   5   4   6   0   0   0 -2.2805   1   1
   1   2   5   4   8   0   0   0  7.5743   1   1
   1   2   5   5   2   0   0   0  2.2475   1   1
   1   2   5   5   4   0   0   0 -2.7843   1   1
   1   2   5   5   6   0   0   0  1.6414   1   1
   1   2   5   6   2   0   0   0  0.8200   1   1
   1   2   5   6   4   0   0   0  2.1996   1   1
   1   2   6   4   4   0   0   0 -2.4354   1   1
   1   2   6   4   6   0   0   0 -0.9308   1   1
   1   2   6   5   2   0   0   0 -0.2170   1   1
   1   2   6   5   4   0   0   0 -0.9083   1   1
   1   2   6   6   2   0   0   0 -1.1082   1   1
   1   3   4   4   4   0   0   0 -3.5847   1   1
   1   3   4   4   6   0   0   0  0.5731   1   1
   1   3   4   5   4   0   0   0 -1.1627   1   1
   1   3   4   5   6   0   0   0  0.7636   1   1
   1   3   4   6   4   0   0   0 -2.1116   1   1
   1   3   4   6   6   0   0   0  0.0768   1   1
   1   3   5   4   4   0   0   0  2.3613   1   1
   1   3   5   4   6   0   0   0  0.8985   1   1
   1   3   5   5   4   0   0   0 -3.0916   1   1
   1   3   5   5   6   0   0   0 -1.0029   1   1
   1   3   5   6   4   0   0   0  3.1720   1   1
   1   3   6   4   4   0   0   0 -5.1280   1   1
   1   3   6   4   6   0   0   0  0.4676   1   1
   1   3   6   5   4   0   0   0 -3.7067   1   1
   2   1   4   4   2   0   0   0  1.0266   1   1
   2   1   4   4   4   0   0   0  4.3642   1   1
   2   1   4   4   6   0   0   0 -0.2361   1   1
   2   1   4   4   8   0   0   0  4.7871   1   1
   2   1   4   5   2   0   0   0 -3.8593   1   1
   2   1   4   5   4   0   0   0  1.7375   1   1
   2   1   4   5   6   0   0   0 -2.2805   1   1
   2   1   4   5   8   0   0   0  7.5743   1   1
   2   1   4   6   4   0   0   0  2.4354   1   1
   2   1   4   6   6   0   0   0  0.9308   1   1
   2   1   5   4   2   0   0   0 -0.6552   1   1
   2   1   5   4   4   0   0   0 -0.9574   1   1
   2   1   5   4   6   0   0   0 -0.1957   1   1
   2   1   5   4   8   0   0   0 -4.6753   1   1
   2   1   5   5   2   0   0   0 -2.2475   1   1
   2   1   5   5   4   0   0   0  2.7843   1   1
   2   1   5   5   6   0   0   0 -1.6414   1   1
   2   1   5   6   2   0   0   0 -0.2170   1   1
   2   1   5   6   4   0   0   0 -0.9083   1   1
   2   1   6   4   4   0   0   0  1.2376   1   1
   2   1   6   4   6   0   0   0 -0.7607   1   1
   2   1   6   5   2   0   0   0  0.8200   1   1
   2   1   6   5   4   0   0   0  2.1996   1   1
   2   1   6   6   2   0   0   0  1.1082   1   1
   2   2   4   4   0   0   0   0 -8.8521   1   1
   2   2   4   4   2   0   0   0  0.1648   1   1
   2   2   4   4   4   0   0   0 -4.2961   1   1
   2   2   4   4   6   0   0   0  1.2804   1   1
   2   2   4   5   2   0   0   0  2.1189   1   1
   2   2   4   5   4   0   0   0 -2.7016   1   1
   2   2   4   5   6   0   0   0  1.5556   1   1
   2   2   4   6   4   0   0   0 -3.0785   1   1
   2   2   4   6   6   0   0   0 -0.9277   1   1
   2   2   5   4   2   0   0   0 -2.1189   1   1
   2   2   5   4   4   0   0   0  2.7016   1   1
   2   2   5   4   6   0   0   0 -1.5556   1   1
   2   2   5   5   0   0   0   0 -5.6400   1   1
   2   2   5   5   2   0   0   0  4.0096   1   1
   2   2   5   5   4   0   0   0 -2.4028   1   1
   2   2   5   5   6   0   0   0  0.2324   1   1
   2   2   5   6   2   0   0   0  0.4343   1   1
   2   2   5   6   4   0   0   0  1.6531   1   1
   2   2   6   4   4   0   0   0 -3.0785   1   1
   2   2   6   4   6   0   0   0 -0.9277   1   1
   2   2   6   5   2   0   0   0 -0.4343   1   1
   2   2   6   5   4   0   0   0 -1.6531   1   1
   2   2   6   6   0   0   0   0 -3.5292   1   1
   2   2   6   6   2   0   0   0 -1.1475   1   1
   2   3   4   4   2   0   0   0 -0.2342   1   1
   2   3   4   4   4   0   0   0  2.0703   1   1
   2   3   4   5   2   0   0   0  0.8072   1   1
   2   3   4   5   4   0   0   0  2.0787   1   1
   2   3   4   6   4   0   0   0  3.0520   1   1
   2   3   5   4   2   0   0   0 -0.0794   1   1
   2   3   5   4   4   0   0   0 -0.8772   1   1
   2   3   5   5   2   0   0   0  0.4310   1   1
   2   3   5   5   4   0   0   0  1.6234   1   1
   2   3   5   6   2   0   0   0 -0.6546   1   1
   2   3   5   6   4   0   0   0 -0.8181   1   1
   2   3   6   4   4   0   0   0  3.5980   1   1
   2   3   6   5   2   0   0   0 -0.4907   1   1
   2   3   6   5   4   0   0   0  3.5774   1   1
   2   3   6   6   2   0   0   0 -0.8283   1   1
   3   1   4   4   4   0   0   0 -3.5847   1   1
   3   1   4   4   6   0   0   0  0.5731   1   1
   3   1   4   5   4   0   0   0 -2.3613   1   1
   3   1   4   5   6   0   0   0 -0.8985   1   1
   3   1   4   6   4   0   0   0 -5.1280   1   1
   3   1   4   6   6   0   0   0  0.4676   1   1
   3   1   5   4   4   0   0   0  1.1627   1   1
   3   1   5   4   6   0   0   0 -0.7636   1   1
   3   1   5   5   4   0   0   0 -3.0916   1   1
   3   1   5   5   6   0   0   0 -1.0029   1   1
   3   1   5   6   4   0   0   0  3.7067   1   1
   3   1   6   4   4   0   0   0 -2.1116   1   1
   3   1   6   4   6   0   0   0  0.0768   1   1
   3   1   6   5   4   0   0   0 -3.1720   1   1
   3   2   4   4   2   0   0   0  0.2342   1   1
   3   2   4   4   4   0   0   0 -2.0703   1   1
   3   2   4   5   2   0   0   0 -0.0794   1   1
   3   2   4   5   4   0   0   0 -0.8772   1   1
   3   2   4   6   4   0   0   0 -3.5980   1   1
   3   2   5   4   2   0   0   0  0.8072   1   1
   3   2   5   4   4   0   0   0  2.0787   1   1
   3   2   5   5   2   0   0   0 -0.4310   1   1
   3   2   5   5   4   0   0   0 -1.6234   1   1
   3   2   5   6   2   0   0   0 -0.4907   1   1
   3   2   5   6   4   0   0   0  3.5774   1   1
   3   2   6   4   4   0   0   0 -3.0520   1   1
   3   2   6   5   2   0   0   0 -0.6546   1   1
   3   2   6   5   4   0   0   0 -0.8181   1   1
   3   2   6   6   2   0   0   0  0.8283   1   1
   3   3   4   4   0   0   0   0 -3.8468   1   1
   3   3   4   4   2   0   0   0  1.4289   1   1
   3   3   4   5   2   0   0   0 -1.0867   1   1
   3   3   5   4   2   0   0   0  1.0867   1   1
   3   3   5   5   0   0   0   0 -3.4566   1   1
   3   3   5   5   2   0   0   0 -1.1372   1   1
   3   3   5   6   2   0   0   0 -0.8527   1   1
   3   3   6   5   2   0   0   0  0.8527   1   1
   3   3   6   6   0   0   0   0 -4.3752   1   1
   3   3   6   6   2   0   0   0  1.1409   1   1
   4   4   1   1   0   0   0   0-10.5362   1   1
   4   4   1   1   2   0   0   0  5.0281   1   1
   4   4   1   1   4   0   0   0 -6.4326   1   1
   4   4   1   1   6   0   0   0  2.4706   1   1
   4   4   1   1   8   0   0   0 -2.0166   1   1
   4   4   1   1  10   0   0   0  0.3711   1   1
   4   4   1   2   2   0   0   0 -1.0266   1   1
   4   4   1   2   4   0   0   0 -4.3642   1   1
   4   4   1   2   6   0   0   0  0.2361   1   1
   4   4   1   2   8   0   0   0 -4.7871   1   1
   4   4   1   3   4   0   0   0 -3.5847   1   1
   4   4   1   3   6   0   0   0  0.5731   1   1
   4   4   2   1   2   0   0   0  1.0266   1   1
   4   4   2   1   4   0   0   0  4.3642   1   1
   4   4   2   1   6   0   0   0 -0.2361   1   1
   4   4   2   1   8   0   0   0  4.7871   1   1
   4   4   2   2   0   0   0   0 -8.8521   1   1
   4   4   2   2   2   0   0   0  0.1648   1   1
   4   4   2   2   4   0   0   0 -4.2961   1   1
   4   4   2   2   6   0   0   0  1.2804   1   1
   4   4   2   3   2   0   0   0 -0.2342   1   1
   4   4   2   3   4   0   0   0  2.0703   1   1
   4   4   3   1   4   0   0   0 -3.5847   1   1
   4   4   3   1   6   0   0   0  0.5731   1   1
   4   4   3   2   2   0   0   0  0.2342   1   1
   4   4   3   2   4   0   0   0 -2.0703   1   1
   4   4   3   3   0   0   0   0 -3.8468   1   1
   4   4   3   3   2   0   0   0  1.4289   1   1
   4   5   1   1   2   0   0   0 -1.0381   1   1
   4   5   1   1   4   0   0   0 -4.4876   1   1
   4   5   1   1   6   0   0   0  0.2786   1   1
   4   5   1   1   8   0   0   0 -4.9289   1   1
   4   5   1   2   2   0   0   0 -0.6552   1   1
   4   5   1   2   4   0   0   0 -0.9574   1   1
   4   5   1   2   6   0   0   0 -0.1957   1   1
   4   5   1   2   8   0   0   0 -4.6753   1   1
   4   5   1   3   4   0   0   0 -1.1627   1   1
   4   5   1   3   6   0   0   0  0.7636   1   1
   4   5   2   1   2   0   0   0 -3.8593   1   1
   4   5   2   1   4   0   0   0  1.7375   1   1
   4   5   2   1   6   0   0   0 -2.2805   1   1
   4   5   2   1   8   0   0   0  7.5743   1   1
   4   5   2   2   2   0   0   0  2.1189   1   1
   4   5   2   2   4   0   0   0 -2.7016   1   1
   4   5   2   2   6   0   0   0  1.5556   1   1
   4   5   2   3   2   0   0   0  0.8072   1   1
   4   5   2   3   4   0   0   0  2.0787   1   1
   4   5   3   1   4   0   0   0 -2.3613   1   1
   4   5   3   1   6   0   0   0 -0.8985   1   1
   4   5   3   2   2   0   0   0 -0.0794   1   1
   4   5   3   2   4   0   0   0 -0.8772   1   1
   4   5   3   3   2   0   0   0 -1.0867   1   1
   4   6   1   1   4   0   0   0 -3.7749   1   1
   4   6   1   1   6   0   0   0  0.6052   1   1
   4   6   1   2   4   0   0   0 -1.2376   1   1
   4   6   1   2   6   0   0   0  0.7607   1   1
   4   6   1   3   4   0   0   0 -2.1116   1   1
   4   6   1   3   6   0   0   0  0.0768   1   1
   4   6   2   1   4   0   0   0  2.4354   1   1
   4   6   2   1   6   0   0   0  0.9308   1   1
   4   6   2   2   4   0   0   0 -3.0785   1   1
   4   6   2   2   6   0   0   0 -0.9277   1   1
   4   6   2   3   4   0   0   0  3.0520   1   1
   4   6   3   1   4   0   0   0 -5.1280   1   1
   4   6   3   1   6   0   0   0  0.4676   1   1
   4   6   3   2   4   0   0   0 -3.5980   1   1
   5   4   1   1   2   0   0   0  1.0381   1   1
   5   4   1   1   4   0   0   0  4.4876   1   1
   5   4   1   1   6   0   0   0 -0.2786   1   1
   5   4   1   1   8   0   0   0  4.9289   1   1
   5   4   1   2   2   0   0   0 -3.8593   1   1
   5   4   1   2   4   0   0   0  1.7375   1   1
   5   4   1   2   6   0   0   0 -2.2805   1   1
   5   4   1   2   8   0   0   0  7.5743   1   1
   5   4   1   3   4   0   0   0  2.3613   1   1
   5   4   1   3   6   0   0   0  0.8985   1   1
   5   4   2   1   2   0   0   0 -0.6552   1   1
   5   4   2   1   4   0   0   0 -0.9574   1   1
   5   4   2   1   6   0   0   0 -0.1957   1   1
   5   4   2   1   8   0   0   0 -4.6753   1   1
   5   4   2   2   2   0   0   0 -2.1189   1   1
   5   4   2   2   4   0   0   0  2.7016   1   1
   5   4   2   2   6   0   0   0 -1.5556   1   1
   5   4   2   3   2   0   0   0 -0.0794   1   1
   5   4   2   3   4   0   0   0 -0.8772   1   1
   5   4   3   1   4   0   0   0  1.1627   1   1
   5   4   3   1   6   0   0   0 -0.7636   1   1
   5   4   3   2   2   0   0   0  0.8072   1   1
   5   4   3   2   4   0   0   0  2.0787   1   1
   5   4   3   3   2   0   0   0  1.0867   1   1
   5   5   1   1   0   0   0   0 -9.5244   1   1
   5   5   1   1   2   0   0   0  0.1079   1   1
   5   5   1   1   4   0   0   0 -4.5370   1   1
   5   5   1   1   6   0   0   0  1.2412   1   1
   5   5   1   2   2   0   0   0  2.2475   1   1
   5   5   1   2   4   0   0   0 -2.7843   1   1
   5   5   1   2   6   0   0   0  1.6414   1   1
   5   5   1   3   4   0   0   0 -3.0916   1   1
   5   5   1   3   6   0   0   0 -1.0029   1   1
   5   5   2   1   2   0   0   0 -2.2475   1   1
   5   5   2   1   4   0   0   0  2.7843   1   1
   5   5   2   1   6   0   0   0 -1.6414   1   1
   5   5   2   2   0   0   0   0 -5.6400   1   1
   5   5   2   2   2   0   0   0  4.0096   1   1
   5   5   2   2   4   0   0   0 -2.4028   1   1
   5   5   2   2   6   0   0   0  0.2324   1   1
   5   5   2   3   2   0   0   0  0.4310   1   1
   5   5   2   3   4   0   0   0  1.6234   1   1
   5   5   3   1   4   0   0   0 -3.0916   1   1
   5   5   3   1   6   0   0   0 -1.0029   1   1
   5   5   3   2   2   0   0   0 -0.4310   1   1
   5   5   3   2   4   0   0   0 -1.6234   1   1
   5   5   3   3   0   0   0   0 -3.4566   1   1
   5   5   3   3   2   0   0   0 -1.1372   1   1
   5   6   1   1   2   0   0   0 -0.2902   1   1
   5   6   1   1   4   0   0   0  2.2861   1   1
   5   6   1   2   2   0   0   0  0.8200   1   1
   5   6   1   2   4   0   0   0  2.1996   1   1
   5   6   1   3   4   0   0   0  3.1720   1   1
   5   6   2   1   2   0   0   0 -0.2170   1   1
   5   6   2   1   4   0   0   0 -0.9083   1   1
   5   6   2   2   2   0   0   0  0.4343   1   1
   5   6   2   2   4   0   0   0  1.6531   1   1
   5   6   2   3   2   0   0   0 -0.6546   1   1
   5   6   2   3   4   0   0   0 -0.8181   1   1
   5   6   3   1   4   0   0   0  3.7067   1   1
   5   6   3   2   2   0   0   0 -0.4907   1   1
   5   6   3   2   4   0   0   0  3.5774   1   1
   5   6   3   3   2   0   0   0 -0.8527   1   1
   6   4   1   1   4   0   0   0 -3.7749   1   1
   6   4   1   1   6   0   0   0  0.6052   1   1
   6   4   1   2   4   0   0   0 -2.4354   1   1
   6   4   1   2   6   0   0   0 -0.9308   1   1
   6   4   1   3   4   0   0   0 -5.1280   1   1
   6   4   1   3   6   0   0   0  0.4676   1   1
   6   4   2   1   4   0   0   0  1.2376   1   1
   6   4   2   1   6   0   0   0 -0.7607   1   1
   6   4   2   2   4   0   0   0 -3.0785   1   1
   6   4   2   2   6   0   0   0 -0.9277   1   1
   6   4   2   3   4   0   0   0  3.5980   1   1
   6   4   3   1   4   0   0   0 -2.1116   1   1
   6   4   3   1   6   0   0   0  0.0768   1   1
   6   4   3   2   4   0   0   0 -3.0520   1   1
   6   5   1   1   2   0   0   0  0.2902   1   1
   6   5   1   1   4   0   0   0 -2.2861   1   1
   6   5   1   2   2   0   0   0 -0.2170   1   1
   6   5   1   2   4   0   0   0 -0.9083   1   1
   6   5   1   3   4   0   0   0 -3.7067   1   1
   6   5   2   1   2   0   0   0  0.8200   1   1
   6   5   2   1   4   0   0   0  2.1996   1   1
   6   5   2   2   2   0   0   0 -0.4343   1   1
   6   5   2   2   4   0   0   0 -1.6531   1   1
   6   5   2   3   2   0   0   0 -0.4907   1   1
   6   5   2   3   4   0   0   0  3.5774   1   1
   6   5   3   1   4   0   0   0 -3.1720   1   1
   6   5   3   2   2   0   0   0 -0.6546   1   1
   6   5   3   2   4   0   0   0 -0.8181   1   1
   6   5   3   3   2   0   0   0  0.8527   1   1
   6   6   1   1   0   0   0   0 -4.2274   1   1
   6   6   1   1   2   0   0   0  1.5176   1   1
   6   6   1   2   2   0   0   0 -1.1082   1   1
   6   6   2   1   2   0   0   0  1.1082   1   1
   6   6   2   2   0   0   0   0 -3.5292   1   1
   6   6   2   2   2   0   0   0 -1.1475   1   1
   6   6   2   3   2   0   0   0 -0.8283   1   1
   6   6   3   2   2   0   0   0  0.8283   1   1
   6   6   3   3   0   0   0   0 -4.3752   1   1
   6   6   3   3   2   0   0   0  1.1409   1   1
