 ! Total Interaction
 256
   1   4   1   4     0     0   0.0000
   1   4   2   5     0     0   0.0000
   2   5   2   5     0     0   0.0000
   1   4   3   6     0     0   0.0000
   2   5   3   6     0     0   0.0000
   3   6   3   6     0     0   0.0000
   1   4   1   4     1     0  -1.7059
   1   4   2   4     1     0  -4.0861
   2   4   2   4     1     0  -5.7643
   1   5   2   4     1     0   6.5333
   1   4   1   5     1     0   4.1847
   1   5   1   5     1     0  -6.2610
   1   4   2   5     1     0   1.4094
   2   4   2   5     1     0  -0.1645
   1   5   2   5     1     0   0.2085
   2   5   2   5     1     0  -0.4977
   1   4   3   5     1     0  -0.0391
   2   4   3   5     1     0   2.2866
   1   5   3   5     1     0  -2.3454
   2   5   3   5     1     0   1.3239
   3   5   3   5     1     0  -3.4823
   2   6   3   5     1     0   3.8579
   1   4   2   6     1     0   0.0763
   2   4   2   6     1     0  -2.2588
   1   5   2   6     1     0   2.3901
   2   5   2   6     1     0  -1.3462
   2   6   2   6     1     0  -3.5431
   1   4   3   6     1     0  -0.9597
   2   4   3   6     1     0  -2.4919
   1   5   3   6     1     0   2.5899
   2   5   3   6     1     0  -0.0096
   3   5   3   6     1     0   0.6962
   2   6   3   6     1     0  -0.6763
   3   6   3   6     1     0  -2.5169
   1   4   1   4     2     0   0.0000
   1   4   2   4     2     0   0.0000
   2   4   2   4     2     0   0.0000
   1   5   2   4     2     0   0.0000
   1   6   2   4     2     0   0.0000
   1   4   3   4     2     0   0.0000
   2   4   3   4     2     0   0.0000
   3   4   3   4     2     0   0.0000
   1   5   3   4     2     0   0.0000
   2   5   3   4     2     0   0.0000
   1   6   3   4     2     0   0.0000
   2   6   3   4     2     0   0.0000
   1   4   1   5     2     0   0.0000
   1   5   1   5     2     0   0.0000
   1   4   2   5     2     0   0.0000
   2   4   2   5     2     0   0.0000
   1   5   2   5     2     0   0.0000
   2   5   2   5     2     0   0.0000
   1   6   2   5     2     0   0.0000
   1   4   3   5     2     0   0.0000
   2   4   3   5     2     0   0.0000
   3   4   3   5     2     0   0.0000
   1   5   3   5     2     0   0.0000
   2   5   3   5     2     0   0.0000
   3   5   3   5     2     0   0.0000
   1   6   3   5     2     0   0.0000
   2   6   3   5     2     0   0.0000
   1   4   1   6     2     0   0.0000
   1   5   1   6     2     0   0.0000
   1   6   1   6     2     0   0.0000
   1   4   2   6     2     0   0.0000
   2   4   2   6     2     0   0.0000
   1   5   2   6     2     0   0.0000
   2   5   2   6     2     0   0.0000
   1   6   2   6     2     0   0.0000
   2   6   2   6     2     0   0.0000
   1   4   1   4     3     0  -1.1971
   1   4   2   4     3     0  -1.7381
   2   4   2   4     3     0  -0.8673
   1   5   2   4     3     0   1.3456
   1   6   2   4     3     0  -1.5012
   1   4   3   4     3     0  -1.8126
   2   4   3   4     3     0  -1.0481
   3   4   3   4     3     0  -2.9182
   1   5   3   4     3     0   1.4565
   2   5   3   4     3     0   0.1261
   1   6   3   4     3     0  -3.8811
   1   4   1   5     3     0   1.7961
   1   5   1   5     3     0  -1.0275
   1   4   2   5     3     0   0.2955
   2   4   2   5     3     0  -1.9272
   1   5   2   5     3     0   2.0157
   2   5   2   5     3     0  -2.7248
   1   6   2   5     3     0   0.0631
   1   4   1   6     3     0  -1.9092
   1   5   1   6     3     0   1.1769
   1   6   1   6     3     0  -3.1812
   1   4   1   4     4     0   0.0000
   1   4   2   4     4     0   0.0000
   2   4   2   4     4     0   0.0000
   1   5   2   4     4     0   0.0000
   1   4   1   5     4     0   0.0000
   1   5   1   5     4     0   0.0000
   1   4   1   4     5     0  -3.8031
   1   1   1   1     0     1  -1.7721
   1   1   2   2     0     1  -3.3663
   2   2   2   2     0     1  -0.3838
   1   1   3   3     0     1  -1.1849
   2   2   3   3     0     1  -0.9456
   3   3   3   3     0     1  -0.7520
   1   4   1   4     0     1  -2.4156
   4   4   4   4     0     1  -2.3252
   1   4   2   5     0     1  -3.6373
   2   5   2   5     0     1  -0.8633
   4   4   5   5     0     1  -3.7175
   5   5   5   5     0     1  -0.7237
   1   4   3   6     0     1  -1.3044
   2   5   3   6     0     1  -1.0476
   3   6   3   6     0     1  -1.1995
   4   4   6   6     0     1  -1.3206
   5   5   6   6     0     1  -1.0377
   6   6   6   6     0     1  -1.1774
   1   2   1   2     1     1   0.5358
   1   2   2   3     1     1   0.0097
   2   3   2   3     1     1   0.4248
   1   4   1   4     1     1   0.0000
   1   4   2   4     1     1   0.0000
   2   4   2   4     1     1   0.0000
   1   5   2   4     1     1   0.0000
   1   4   1   5     1     1   0.0000
   1   5   1   5     1     1   0.0000
   1   4   2   5     1     1   0.0000
   2   4   2   5     1     1   0.0000
   1   5   2   5     1     1   0.0000
   2   5   2   5     1     1   0.0000
   1   4   3   5     1     1   0.0000
   2   4   3   5     1     1   0.0000
   1   5   3   5     1     1   0.0000
   2   5   3   5     1     1   0.0000
   3   5   3   5     1     1   0.0000
   2   6   3   5     1     1   0.0000
   4   5   4   5     1     1   0.2351
   1   4   2   6     1     1   0.0000
   2   4   2   6     1     1   0.0000
   1   5   2   6     1     1   0.0000
   2   5   2   6     1     1   0.0000
   2   6   2   6     1     1   0.0000
   1   4   3   6     1     1   0.0000
   2   4   3   6     1     1   0.0000
   1   5   3   6     1     1   0.0000
   2   5   3   6     1     1   0.0000
   3   5   3   6     1     1   0.0000
   2   6   3   6     1     1   0.0000
   3   6   3   6     1     1   0.0000
   4   5   5   6     1     1   0.0200
   5   6   5   6     1     1   0.1806
   1   1   1   1     2     1  -0.4567
   1   1   1   2     2     1  -0.2355
   1   2   1   2     2     1   0.4789
   1   1   2   2     2     1  -0.7609
   1   2   2   2     2     1  -0.6340
   2   2   2   2     2     1   0.1041
   1   3   2   2     2     1  -0.5198
   1   1   1   3     2     1  -0.7715
   1   2   1   3     2     1   0.0333
   1   3   1   3     2     1  -0.4145
   1   1   2   3     2     1   0.8270
   1   2   2   3     2     1   0.6092
   2   2   2   3     2     1   0.2353
   1   3   2   3     2     1   1.0507
   2   3   2   3     2     1   0.0277
   1   4   1   4     2     1  -0.9159
   1   4   2   4     2     1   0.2365
   2   4   2   4     2     1  -3.9996
   1   5   2   4     2     1  -4.3667
   1   6   2   4     2     1  -1.5110
   1   4   3   4     2     1  -0.8197
   2   4   3   4     2     1   1.3910
   3   4   3   4     2     1  -1.2449
   1   5   3   4     2     1   1.4617
   2   5   3   4     2     1  -0.5367
   1   6   3   4     2     1  -0.3521
   2   6   3   4     2     1   3.2181
   4   4   4   4     2     1  -0.9148
   1   4   1   5     2     1  -0.2552
   1   5   1   5     2     1  -4.2467
   1   4   2   5     2     1  -0.8297
   2   4   2   5     2     1   0.6837
   1   5   2   5     2     1  -0.6961
   2   5   2   5     2     1  -0.2261
   1   6   2   5     2     1  -0.5859
   1   4   3   5     2     1  -0.8792
   2   4   3   5     2     1  -0.9169
   3   4   3   5     2     1   0.9720
   1   5   3   5     2     1  -2.2695
   2   5   3   5     2     1  -0.2773
   3   5   3   5     2     1  -1.8214
   1   6   3   5     2     1  -3.3154
   2   6   3   5     2     1  -1.2249
   4   4   4   5     2     1  -0.2257
   4   5   4   5     2     1   0.1581
   4   4   5   5     2     1  -0.8381
   4   5   5   5     2     1  -0.7174
   5   5   5   5     2     1  -0.1770
   4   6   5   5     2     1  -0.5811
   1   4   1   6     2     1  -0.8622
   1   5   1   6     2     1  -1.5196
   1   6   1   6     2     1  -1.4040
   1   4   2   6     2     1   0.9169
   2   4   2   6     2     1  -2.2823
   1   5   2   6     2     1  -0.9904
   2   5   2   6     2     1   0.2849
   1   6   2   6     2     1  -0.9912
   2   6   2   6     2     1  -1.8670
   4   4   4   6     2     1  -0.8597
   4   5   4   6     2     1   0.0440
   4   6   4   6     2     1  -0.8251
   4   4   5   6     2     1   0.9299
   4   5   5   6     2     1   0.6896
   5   5   5   6     2     1   0.2545
   4   6   5   6     2     1   1.1857
   5   6   5   6     2     1  -0.2451
   1   2   1   2     3     1   0.4835
   1   2   1   3     3     1  -0.1495
   1   3   1   3     3     1   0.7143
   1   4   1   4     3     1   0.0000
   1   4   2   4     3     1   0.0000
   2   4   2   4     3     1   0.0000
   1   5   2   4     3     1   0.0000
   1   6   2   4     3     1   0.0000
   1   4   3   4     3     1   0.0000
   2   4   3   4     3     1   0.0000
   3   4   3   4     3     1   0.0000
   1   5   3   4     3     1   0.0000
   2   5   3   4     3     1   0.0000
   1   6   3   4     3     1   0.0000
   1   4   1   5     3     1   0.0000
   1   5   1   5     3     1   0.0000
   1   4   2   5     3     1   0.0000
   2   4   2   5     3     1   0.0000
   1   5   2   5     3     1   0.0000
   2   5   2   5     3     1   0.0000
   1   6   2   5     3     1   0.0000
   4   5   4   5     3     1   0.2066
   1   4   1   6     3     1   0.0000
   1   5   1   6     3     1   0.0000
   1   6   1   6     3     1   0.0000
   4   5   4   6     3     1  -0.1807
   4   6   4   6     3     1   0.4375
   1   1   1   1     4     1   0.3027
   1   1   1   2     4     1  -1.2133
   1   2   1   2     4     1  -0.5100
   1   4   1   4     4     1  -0.0990
   1   4   2   4     4     1   1.2749
   2   4   2   4     4     1  -4.8189
   1   5   2   4     4     1  -3.0889
   4   4   4   4     4     1  -0.0882
   1   4   1   5     4     1  -1.3221
   1   5   1   5     4     1  -5.1234
   4   4   4   5     4     1  -1.3328
   4   5   4   5     4     1  -0.9097
   1   4   1   4     5     1   0.0000
