# One and two body transition densities
#
# One-body basis:
# i   n   l   2j  2tz (proton=+1)
  0   0   2   5   1
  1   0   2   3   1
  2   1   0   1   1
  3   0   2   5  -1
  4   0   2   3  -1
  5   1   0   1  -1
# Two-body basis: 
# i   a   b   J
  0   0   0   0
  1   0   0   2
  2   0   0   4
  3   0   1   1
  4   0   1   2
  5   0   1   3
  6   0   1   4
  7   0   2   2
  8   0   2   3
  9   0   3   0
 10   0   3   1
 11   0   3   2
 12   0   3   3
 13   0   3   4
 14   0   3   5
 15   0   4   1
 16   0   4   2
 17   0   4   3
 18   0   4   4
 19   0   5   2
 20   0   5   3
 21   1   1   0
 22   1   1   2
 23   1   2   1
 24   1   2   2
 25   1   3   1
 26   1   3   2
 27   1   3   3
 28   1   3   4
 29   1   4   0
 30   1   4   1
 31   1   4   2
 32   1   4   3
 33   1   5   1
 34   1   5   2
 35   2   2   0
 36   2   3   2
 37   2   3   3
 38   2   4   1
 39   2   4   2
 40   2   5   0
 41   2   5   1
 42   3   3   0
 43   3   3   2
 44   3   3   4
 45   3   4   1
 46   3   4   2
 47   3   4   3
 48   3   4   4
 49   3   5   2
 50   3   5   3
 51   4   4   0
 52   4   4   2
 53   4   5   1
 54   4   5   2
 55   5   5   0

Jf nJf  Ji nJi  Lambda =   0 1      0 1      0
-------------- OBTD ---------------------
  3   0   0.48521589
  4   1   0.10517866
  5   2   0.01058980

-------------- TBTD ---------------------
  9   0   0.57124014
  9  21   0.19213786
  9  35   0.13277827
 10   3  -0.12286708
 10  23   0.02715397
 11   1   0.18325243
 11   4  -0.13595497
 11   7  -0.04205343
 11  22  -0.02445817
 11  24  -0.01351408
 12   5  -0.04339968
 12   8  -0.01764345
 13   2   0.35859795
 13   6   0.06328276
 15   3   0.04605861
 15  23  -0.00370203
 16   1  -0.07329878
 16   4   0.06983386
 16   7  -0.00755879
 16  22   0.00942967
 16  24  -0.00155025
 17   5   0.01356741
 17   8   0.03604142
 18   2   0.08972208
 18   6   0.06081513
 19   1  -0.03412609
 19   4   0.00362691
 19   7  -0.00960756
 19  22  -0.00432651
 19  24   0.00290811
 20   5  -0.00691128
 20   8   0.00592739
 25   3  -0.02032293
 25  23   0.00052739
 26   1   0.11901666
 26   4  -0.07463183
 26   7  -0.00378169
 26  22  -0.01521664
 26  24  -0.01431901
 27   5   0.02608529
 27   8  -0.00008235
 28   2  -0.00082775
 28   6  -0.03879929
 29   0   0.19581677
 29  21   0.07137764
 29  35   0.04931219
 30   3   0.00128888
 30  23  -0.00138712
 31   1  -0.02461906
 31   4   0.01773051
 31   7   0.00769067
 31  22   0.00943328
 31  24   0.00157595
 32   5   0.00495387
 32   8   0.00379711
 33   3  -0.00232267
 33  23  -0.00020559
 34   1   0.01899186
 34   4   0.00268192
 34   7   0.01119469
 34  22   0.00168041
 34  24  -0.00081892
 36   1  -0.02648238
 36   4  -0.00864339
 36   7   0.04959112
 36  22   0.01472535
 36  24   0.00845506
 37   5  -0.04259081
 37   8  -0.08649999
 38   3  -0.00088718
 38  23   0.00673222
 39   1   0.03791367
 39   4  -0.00973791
 39   7   0.00112515
 39  22  -0.00050047
 39  24  -0.01536941
 40   0   0.13492321
 40  21   0.04882216
 40  35   0.03741777
 41   3  -0.03354048
 41  23   0.00372760
 42   9  -0.18352999
 42  29  -0.06420747
 42  40  -0.07106410
 43  11   0.31097532
 43  16  -0.08922347
 43  19   0.04152300
 43  26   0.03920373
 43  31   0.01817202
 43  34  -0.06498483
 43  36   0.03388976
 43  39   0.00509166
 44  13   0.24135827
 44  18   0.01025133
 44  28  -0.09705066
 45  10   0.12226974
 45  15   0.00382747
 45  25   0.06905002
 45  30  -0.00115055
 45  33  -0.00522943
 45  38  -0.00664252
 45  41   0.03446780
 46  11  -0.09046237
 46  16   0.02670300
 46  19  -0.02573988
 46  26  -0.02082193
 46  31  -0.00598351
 46  34   0.01356305
 46  36  -0.01189150
 46  39  -0.00616206
 47  12   0.04355118
 47  17   0.03094605
 47  20   0.02988235
 47  27   0.01765342
 47  32  -0.00506828
 47  37   0.02096763
 48  13   0.07565222
 48  18   0.02796449
 48  28  -0.04891840
 49  11   0.05469856
 49  16  -0.01245227
 49  19   0.07639853
 49  26   0.02380690
 49  31   0.01727597
 49  34  -0.01603161
 49  36   0.01622773
 49  39   0.00329700
 50  12   0.01753120
 50  17  -0.01339745
 50  20   0.08552812
 50  27   0.02247729
 50  32  -0.00373375
 50  37  -0.00448067
 51   9  -0.06330455
 51  29  -0.01908267
 51  40  -0.02213572
 52  11   0.01842368
 52  16  -0.00102243
 52  19   0.02186535
 52  26   0.00689967
 52  31   0.00882017
 52  34  -0.00442669
 52  36   0.00259010
 52  39   0.00308126
 53  10  -0.02600128
 53  15  -0.00401063
 53  25  -0.00714063
 53  30   0.00139791
 53  33   0.00949083
 53  38   0.00197233
 53  41  -0.00343304
 54  11  -0.04962320
 54  16   0.01785072
 54  19  -0.00673086
 54  26  -0.00117158
 54  31  -0.00521749
 54  34   0.01956651
 54  36  -0.01258797
 54  39  -0.00266370
 55   9  -0.06825402
 55  29  -0.02165433
 55  40  -0.01948854

Jf nJf  Ji nJi  Lambda =   0 2      0 1      0
-------------- OBTD ---------------------
  3   0   0.11021030
  4   1   0.01567343
  5   2  -0.19586336

-------------- TBTD ---------------------
  9   0  -0.08910339
  9  21  -0.02992397
  9  35  -0.02464877
 10   3  -0.03010854
 10  23   0.01357704
 11   1   0.04688433
 11   4  -0.02856573
 11   7  -0.02609023
 11  22  -0.01354968
 11  24  -0.01456081
 12   5  -0.01176949
 12   8  -0.07314841
 13   2   0.11255997
 13   6   0.08133260
 15   3  -0.01016383
 15  23   0.00297739
 16   1  -0.02135251
 16   4   0.03019431
 16   7  -0.02626903
 16  22  -0.00116234
 16  24   0.00053809
 17   5   0.00771297
 17   8   0.02785554
 18   2   0.05807832
 18   6   0.00860410
 19   1  -0.03287166
 19   4   0.01351364
 19   7  -0.12348380
 19  22  -0.01829895
 19  24   0.01217984
 20   5  -0.02761162
 20   8  -0.10600368
 25   3   0.02106906
 25  23  -0.00755155
 26   1   0.06368757
 26   4  -0.03024880
 26   7  -0.02362682
 26  22  -0.01037361
 26  24  -0.00988140
 27   5  -0.01731645
 27   8  -0.02898718
 28   2  -0.04881098
 28   6  -0.01491260
 29   0  -0.03992971
 29  21  -0.01424628
 29  35  -0.00965688
 30   3  -0.00776293
 30  23   0.00147945
 31   1  -0.00342456
 31   4   0.00062478
 31   7   0.00313733
 31  22  -0.00006249
 31  24   0.00034657
 32   5   0.00486222
 32   8   0.00099885
 33   3   0.00441177
 33  23  -0.01782811
 34   1   0.03063858
 34   4   0.00318729
 34   7   0.00964326
 34  22   0.00201997
 34  24  -0.02426732
 36   1   0.10852095
 36   4   0.00171547
 36   7   0.03365675
 36  22   0.02204342
 36  24  -0.02834223
 37   5  -0.00977000
 37   8  -0.04980168
 38   3  -0.00345605
 38  23   0.00701977
 39   1   0.02817903
 39   4  -0.00489894
 39   7  -0.03670699
 39  22  -0.00569414
 39  24  -0.00272609
 40   0  -0.42377237
 40  21  -0.13520874
 40  35  -0.13382542
 41   3  -0.01473187
 41  23   0.00255742
 42   9   0.07860548
 42  29   0.02881667
 42  40   0.06517642
 43  11   0.09527947
 43  16  -0.03918738
 43  19   0.08537911
 43  26   0.03960002
 43  31   0.01196267
 43  34  -0.02480626
 43  36   0.00191571
 43  39   0.00461840
 44  13  -0.04451771
 44  18  -0.01947919
 44  28   0.00191435
 45  10   0.04603793
 45  15   0.00994515
 45  25   0.01110772
 45  30   0.00079330
 45  33  -0.00797623
 45  38  -0.00042033
 45  41   0.00346442
 46  11  -0.08749543
 46  16   0.01704667
 46  19   0.02511981
 46  26   0.00029145
 46  31  -0.00037694
 46  34   0.01702011
 46  36  -0.00726585
 46  39   0.00014579
 47  12   0.00307525
 47  17  -0.02130928
 47  20   0.00876970
 47  27   0.00193373
 47  32  -0.00272882
 47  37   0.00290729
 48  13   0.01509021
 48  18  -0.00203630
 48  28  -0.00031579
 49  11  -0.05382714
 49  16   0.02411868
 49  19   0.03725817
 49  26   0.03734229
 49  31  -0.00028077
 49  34   0.02726848
 49  36  -0.07772078
 49  39   0.00196153
 50  12   0.12085995
 50  17  -0.03214174
 50  20   0.09077146
 50  27   0.04396898
 50  32  -0.01052292
 50  37   0.11488279
 51   9   0.03164756
 51  29   0.01145985
 51  40   0.02520266
 52  11  -0.01682717
 52  16   0.00770966
 52  19   0.02428767
 52  26   0.00534892
 52  31   0.00202823
 52  34   0.00371307
 52  36  -0.00229202
 52  39   0.00331824
 53  10  -0.01950518
 53  15  -0.00917378
 53  25  -0.00956018
 53  30  -0.00025530
 53  33  -0.00095830
 53  38  -0.00966630
 53  41  -0.00359508
 54  11  -0.01785966
 54  16   0.01585963
 54  19  -0.03125528
 54  26  -0.01270849
 54  31  -0.00307003
 54  34   0.00763933
 54  36   0.00194446
 54  39   0.01624262
 55   9  -0.04959816
 55  29  -0.01511045
 55  40  -0.01639275

Jf nJf  Ji nJi  Lambda =   0 1      0 2      0
-------------- OBTD ---------------------
  3   0   0.10080370
  4   1   0.01406510
  5   2  -0.21112346

-------------- TBTD ---------------------
  9   0  -0.08918950
  9  21  -0.04219462
  9  35  -0.47001332
 10   3  -0.04362456
 10  23   0.01807977
 11   1   0.04628640
 11   4  -0.05948724
 11   7   0.05544363
 11  22  -0.00289082
 11  24   0.00266246
 12   5  -0.00345600
 12   8  -0.12454120
 13   2   0.10418544
 13   6   0.07297079
 15   3   0.00505488
 15  23   0.00001286
 16   1  -0.02100616
 16   4   0.02109225
 16   7  -0.02295899
 16  22  -0.00608752
 16  24   0.00328570
 17   5   0.00666826
 17   8   0.02726318
 18   2   0.06294061
 18   6   0.01185912
 19   1  -0.05543825
 19   4  -0.01636502
 19   7  -0.10756140
 19  22  -0.01041345
 19  24   0.04015076
 20   5  -0.00611839
 20   8  -0.14045111
 25   3   0.00483987
 25  23   0.00037490
 26   1   0.02130931
 26   4  -0.03666632
 26   7  -0.03904298
 26  22  -0.00634853
 26  24  -0.00579760
 27   5  -0.01613094
 27   8  -0.04774270
 28   2  -0.04578637
 28   6  -0.00965566
 29   0  -0.02971785
 29  21  -0.01516355
 29  35  -0.15290525
 30   3  -0.00068241
 30  23   0.00027021
 31   1  -0.01267769
 31   4   0.00643923
 31   7   0.00212461
 31  22  -0.00006187
 31  24   0.00540766
 32   5   0.00267824
 32   8   0.01044214
 33   3   0.00132563
 33  23  -0.01059324
 34   1  -0.00048974
 34   4  -0.00286948
 34   7  -0.02402120
 34  22  -0.00309186
 34  24  -0.02449425
 36   1   0.02251423
 36   4   0.01378048
 36   7   0.00884826
 36  22   0.01522948
 36  24   0.00582448
 37   5  -0.00586932
 37   8  -0.06880801
 38   3  -0.00558974
 38  23  -0.00160358
 39   1   0.01912081
 39   4  -0.01312643
 39   7  -0.00712057
 39  22  -0.00361782
 39  24   0.00014790
 40   0  -0.02287471
 40  21  -0.01011381
 40  35  -0.14883809
 41   3  -0.00248432
 41  23   0.00326983
 42   9   0.07477071
 42  29   0.03009876
 42  40  -0.04592793
 43  11   0.08748928
 43  16  -0.08115774
 43  19   0.02640464
 43  26   0.04278672
 43  31  -0.01737673
 43  34  -0.03922520
 43  36  -0.11335442
 43  39  -0.01810334
 44  13  -0.04050046
 44  18   0.00591888
 44  28  -0.01751549
 45  10   0.02848260
 45  15   0.02515853
 45  25  -0.00580849
 45  30   0.00766471
 45  33  -0.01353422
 45  38  -0.00445413
 45  41   0.01175217
 46  11  -0.05293094
 46  16   0.00681179
 46  19  -0.01168839
 46  26  -0.00886057
 46  31   0.00155560
 46  34   0.01535226
 46  36  -0.00098488
 46  39  -0.01280990
 47  12   0.01145197
 47  17  -0.02111959
 47  20   0.02311453
 47  27   0.00241503
 47  32  -0.00520893
 47  37   0.01095636
 48  13  -0.01269299
 48  18   0.00292866
 48  28   0.00380960
 49  11   0.05845896
 49  16   0.03150201
 49  19   0.05278072
 49  26   0.01698241
 49  31   0.01483785
 49  34   0.00025900
 49  36  -0.10784933
 49  39   0.02882667
 50  12   0.06943202
 50  17  -0.02395888
 50  20   0.05802489
 50  27   0.03080474
 50  32  -0.00160197
 50  37   0.09681411
 51   9   0.02773887
 51  29   0.01087885
 51  40  -0.01386465
 52  11   0.01125349
 52  16   0.00475794
 52  19   0.01846518
 52  26   0.00606190
 52  31   0.00183305
 52  34  -0.00002330
 52  36  -0.02188465
 52  39   0.00370675
 53  10  -0.01247996
 53  15  -0.00904124
 53  25   0.00131784
 53  30  -0.00126395
 53  33   0.00685221
 53  38  -0.01958843
 53  41  -0.00213395
 54  11  -0.01938194
 54  16   0.01290225
 54  19  -0.00725772
 54  26  -0.00421971
 54  31   0.00049777
 54  34   0.00827226
 54  36   0.03524738
 54  39   0.01964353
 55   9   0.06531194
 55  29   0.02484722
 55  40  -0.01554957

Jf nJf  Ji nJi  Lambda =   0 2      0 2      0
-------------- OBTD ---------------------
  3   0   0.30704796
  4   1   0.01199155
  5   2   0.44836394

-------------- TBTD ---------------------
  9   0   0.01799336
  9  21   0.00504426
  9  35   0.14317021
 10   3  -0.01640934
 10  23  -0.00054377
 11   1   0.18385840
 11   4   0.03175565
 11   7   0.01828630
 11  22  -0.00160558
 11  24  -0.04263898
 12   5   0.01743673
 12   8   0.13843479
 13   2   0.24537337
 13   6   0.02458987
 15   3  -0.00245162
 15  23   0.00631880
 16   1  -0.01876864
 16   4   0.00018967
 16   7  -0.01771040
 16  22  -0.01306990
 16  24   0.01108786
 17   5   0.00455446
 17   8   0.00265666
 18   2   0.03360702
 18   6   0.01467630
 19   1   0.00498134
 19   4  -0.01289790
 19   7   0.23259121
 19  22  -0.00601670
 19  24   0.00495797
 20   5   0.01984135
 20   8   0.21642039
 25   3   0.01192132
 25  23  -0.00338359
 26   1  -0.05703761
 26   4  -0.06307376
 26   7   0.00384852
 26  22  -0.00946803
 26  24   0.03580379
 27   5   0.03127426
 27   8   0.03492278
 28   2  -0.00210623
 28   6  -0.00822938
 29   0   0.00532116
 29  21   0.00237905
 29  35   0.04835451
 30   3  -0.00486443
 30  23   0.00098331
 31   1  -0.00107312
 31   4  -0.00181604
 31   7  -0.00116620
 31  22   0.00168806
 31  24   0.00042870
 32   5  -0.00044550
 32   8   0.00095230
 33   3   0.00953507
 33  23   0.05086279
 34   1  -0.05295342
 34   4  -0.03567156
 34   7  -0.02248736
 34  22  -0.00956741
 34  24   0.07577303
 36   1   0.01256058
 36   4  -0.00961042
 36   7   0.09229604
 36  22   0.00524877
 36  24  -0.01964423
 37   5  -0.01514848
 37   8  -0.05024880
 38   3  -0.00708527
 38  23   0.00479883
 39   1   0.00786617
 39   4  -0.01206309
 39   7  -0.00312097
 39  22  -0.01004342
 39  24  -0.00119774
 40   0   0.11851000
 40  21   0.04157746
 40  35   0.39034572
 41   3  -0.00051859
 41  23   0.00072358
 42   9   0.09551119
 42  29   0.03272930
 42  40   0.01204953
 43  11   0.12641537
 43  16   0.03982438
 43  19   0.04653822
 43  26   0.03155178
 43  31   0.00968875
 43  34  -0.01823908
 43  36   0.04256442
 43  39   0.06856530
 44  13   0.11888071
 44  18  -0.04137213
 44  28   0.01094412
 45  10   0.01610320
 45  15   0.01521818
 45  25   0.00061768
 45  30   0.00475494
 45  33  -0.00954926
 45  38   0.00851301
 45  41   0.00062118
 46  11   0.00799344
 46  16   0.06585794
 46  19   0.01001023
 46  26  -0.00423521
 46  31   0.01392015
 46  34   0.01485935
 46  36   0.00205662
 46  39   0.03551316
 47  12  -0.01807720
 47  17   0.03148899
 47  20   0.01135513
 47  27   0.00400380
 47  32   0.00056801
 47  37  -0.02021221
 48  13  -0.03544142
 48  18  -0.01707209
 48  28   0.01062055
 49  11   0.06299429
 49  16   0.01308726
 49  19   0.04037179
 49  26  -0.00064374
 49  31   0.01908779
 49  34   0.00895465
 49  36   0.17760841
 49  39   0.01637453
 50  12  -0.12753986
 50  17   0.02993451
 50  20   0.06388674
 50  27   0.00038407
 50  32   0.00038451
 50  37  -0.23471374
 51   9   0.03378834
 51  29   0.01201039
 51  40   0.00498613
 52  11   0.00978412
 52  16   0.02056394
 52  19   0.01825924
 52  26   0.00143972
 52  31   0.00886488
 52  34   0.00398096
 52  36   0.00686978
 52  39   0.01561511
 53  10  -0.00091136
 53  15  -0.00553317
 53  25   0.00348637
 53  30  -0.00174286
 53  33   0.00431832
 53  38   0.05124466
 53  41  -0.00074898
 54  11  -0.05771659
 54  16  -0.03009738
 54  19  -0.01331290
 54  26  -0.01267871
 54  31  -0.00813074
 54  34   0.00277126
 54  36   0.01149436
 54  39  -0.07947912
 55   9   0.02158427
 55  29   0.00844815
 55  40  -0.01163404

Jf nJf  Ji nJi  Lambda =   1 1      1 1      0
-------------- OBTD ---------------------
  3   0  -0.00930813
  4   1   0.01640332
  5   2  -0.00816592

-------------- TBTD ---------------------
  9   0   0.01390097
  9  21   0.02125980
  9  35   0.02617309
 10   3  -0.00540586
 10  23   0.00666463
 11   1  -0.05678204
 11   4  -0.00394655
 11   7  -0.04571244
 11  22  -0.00814335
 11  24   0.01809393
 12   5  -0.01557589
 12   8  -0.03446706
 13   2   0.02988481
 13   6   0.00142453
 15   3   0.00893146
 15  23  -0.00227992
 16   1  -0.01748866
 16   4   0.00711131
 16   7   0.02332646
 16  22   0.00510338
 16  24  -0.00862841
 17   5   0.00696898
 17   8  -0.00477377
 18   2   0.02981288
 18   6   0.01311843
 19   1  -0.06280740
 19   4   0.00418127
 19   7  -0.00846150
 19  22  -0.00137574
 19  24   0.00492975
 20   5  -0.00752519
 20   8  -0.00734224
 25   3  -0.01237224
 25  23   0.00280637
 26   1  -0.03311623
 26   4   0.00717145
 26   7  -0.00559765
 26  22   0.00041297
 26  24   0.00305143
 27   5  -0.00243134
 27   8   0.00610324
 28   2   0.00187271
 28   6  -0.00366224
 29   0   0.00830180
 29  21   0.01045301
 29  35   0.01302105
 30   3   0.00528266
 30  23  -0.00082943
 31   1  -0.00951538
 31   4  -0.00109379
 31   7   0.00354528
 31  22  -0.00074233
 31  24   0.00030334
 32   5   0.00223211
 32   8   0.00436444
 33   3  -0.00148661
 33  23  -0.00102333
 34   1   0.00591207
 34   4   0.00667058
 34   7   0.00769688
 34  22   0.00301973
 34  24  -0.00454902
 36   1   0.01617532
 36   4  -0.00460928
 36   7  -0.00548471
 36  22  -0.00328854
 36  24   0.00420388
 37   5  -0.00576837
 37   8  -0.00373655
 38   3   0.00436630
 38  23   0.00122227
 39   1  -0.02328946
 39   4   0.00856322
 39   7  -0.01123089
 39  22   0.00028649
 39  24   0.00236892
 40   0   0.00729920
 40  21   0.00962170
 40  35   0.01106308
 41   3  -0.00998128
 41  23   0.00001768
 42   9   0.01439231
 42  29   0.02160508
 42  40   0.02658541
 43  11  -0.05643946
 43  16  -0.00568080
 43  19  -0.03529600
 43  26   0.00007882
 43  31  -0.00831811
 43  34   0.00775710
 43  36  -0.03055528
 43  39  -0.01813237
 44  13   0.02987135
 44  18  -0.00314089
 44  28  -0.00561031
 45  10  -0.00860867
 45  15  -0.01059351
 45  25   0.00697746
 45  30   0.00184708
 45  33   0.00967280
 45  38  -0.00911199
 45  41   0.00113251
 46  11   0.01120677
 46  16  -0.01140113
 46  19   0.01037860
 46  26  -0.01119546
 46  31   0.00335460
 46  34  -0.01140753
 46  36   0.01874076
 46  39   0.00047353
 47  12   0.00913566
 47  17   0.00448645
 47  20   0.00755120
 47  27   0.00000539
 47  32   0.00090838
 47  37   0.00630384
 48  13   0.01940576
 48  18   0.00874648
 48  28  -0.00804174
 49  11  -0.03254771
 49  16  -0.00782702
 49  19  -0.00691776
 49  26  -0.00666103
 49  31  -0.00344229
 49  34  -0.00068451
 49  36  -0.00762400
 49  39  -0.00963760
 50  12  -0.00065436
 50  17   0.00407367
 50  20   0.00264236
 50  27  -0.00578588
 50  32   0.00051400
 50  37   0.00565947
 51   9   0.00856622
 51  29   0.01065881
 51  40   0.01329291
 52  11  -0.00910248
 52  16  -0.00888257
 52  19  -0.00161901
 52  26  -0.00704828
 52  31  -0.00077601
 52  34  -0.00482466
 52  36   0.00646861
 52  39  -0.00518531
 53  10   0.00460894
 53  15   0.00377292
 53  25  -0.00096063
 53  30  -0.00051102
 53  33  -0.00267821
 53  38   0.00284580
 53  41   0.00057806
 54  11   0.02080484
 54  16   0.00068210
 54  19   0.01057501
 54  26   0.00229624
 54  31   0.00201442
 54  34  -0.00162177
 54  36   0.00886014
 54  39   0.00537652
 55   9   0.00767550
 55  29   0.00980935
 55  40   0.01132630

Jf nJf  Ji nJi  Lambda =   1 2      1 1      0
-------------- OBTD ---------------------
  3   0  -0.07147024
  4   1   0.02211138
  5   2   0.08820228

-------------- TBTD ---------------------
  9   0  -0.01215292
  9  21  -0.01382776
  9  35  -0.02564187
 10   3   0.00651907
 10  23   0.01895337
 11   1  -0.02854750
 11   4  -0.00368702
 11   7   0.01102927
 11  22  -0.00304381
 11  24   0.00304620
 12   5   0.01411565
 12   8   0.00068802
 13   2  -0.04630185
 13   6  -0.00433329
 15   3   0.01580010
 15  23  -0.02070288
 16   1   0.07714304
 16   4   0.00000860
 16   7   0.07157259
 16  22   0.01059501
 16  24  -0.01691641
 17   5   0.01384997
 17   8  -0.09059599
 18   2  -0.06277615
 18   6   0.02802423
 19   1  -0.05425847
 19   4   0.00210462
 19   7   0.06856620
 19  22   0.00580496
 19  24  -0.01631141
 20   5  -0.00326336
 20   8   0.06105716
 25   3   0.00607344
 25  23   0.01663804
 26   1   0.00070285
 26   4  -0.00242555
 26   7  -0.00312778
 26  22  -0.00265257
 26  24   0.00072107
 27   5  -0.01674645
 27   8   0.01674638
 28   2   0.02885501
 28   6   0.02232075
 29   0  -0.00112669
 29  21   0.00751665
 29  35   0.00997739
 30   3   0.01529764
 30  23  -0.00176284
 31   1   0.00362675
 31   4  -0.00034976
 31   7  -0.01110261
 31  22  -0.00237871
 31  24  -0.00774806
 32   5  -0.02508030
 32   8  -0.00223881
 33   3   0.00687378
 33  23   0.00942211
 34   1  -0.01732674
 34   4  -0.00556937
 34   7   0.00360716
 34  22  -0.00297165
 34  24   0.01289660
 36   1   0.07000797
 36   4   0.01936073
 36   7  -0.02925535
 36  22   0.00186154
 36  24   0.00356426
 37   5   0.00208628
 37   8   0.02288569
 38   3   0.01384084
 38  23  -0.01581014
 39   1  -0.06667139
 39   4   0.03703503
 39   7   0.04285549
 39  22   0.00692093
 39  24  -0.00395432
 40   0  -0.00209021
 40  21   0.00662232
 40  35   0.01003568
 41   3  -0.00808085
 41  23   0.01138774
 42   9  -0.01234077
 42  29  -0.01397466
 42  40  -0.02561335
 43  11  -0.02734467
 43  16   0.00064634
 43  19   0.01226848
 43  26   0.00540809
 43  31  -0.00302033
 43  34  -0.00198440
 43  36   0.00353171
 43  39  -0.00649944
 44  13  -0.04684417
 44  18   0.00274789
 44  28   0.00955680
 45  10  -0.02682816
 45  15  -0.00188475
 45  25   0.02338829
 45  30  -0.00281540
 45  33   0.00338660
 45  38  -0.00772145
 45  41   0.03568070
 46  11   0.05340126
 46  16  -0.01371944
 46  19   0.02572979
 46  26  -0.01642909
 46  31   0.00955064
 46  34  -0.02985664
 46  36   0.04914235
 46  39  -0.01220268
 47  12  -0.01306935
 47  17   0.01041886
 47  20  -0.05593811
 47  27  -0.01263080
 47  32   0.00004036
 47  37   0.01874040
 48  13  -0.06376724
 48  18   0.00174899
 48  28  -0.00404106
 49  11   0.00807722
 49  16   0.00152502
 49  19  -0.01266382
 49  26  -0.01983495
 49  31   0.00549172
 49  34  -0.02404881
 49  36   0.05318839
 49  39  -0.01133250
 50  12   0.00737717
 50  17  -0.00518838
 50  20  -0.00681007
 50  27  -0.00061303
 50  32   0.00675647
 50  37  -0.04521826
 51   9  -0.00106291
 51  29   0.00754403
 51  40   0.01009669
 52  11   0.00232243
 52  16  -0.01570582
 52  19  -0.03745079
 52  26  -0.01490682
 52  31  -0.00246246
 52  34  -0.01362394
 52  36   0.02200087
 52  39  -0.00267253
 53  10   0.04416919
 53  15   0.00448200
 53  25   0.01637253
 53  30   0.00458435
 53  33  -0.00008508
 53  38  -0.00626547
 53  41   0.00664420
 54  11   0.03594696
 54  16  -0.02155867
 54  19   0.00248681
 54  26   0.02099875
 54  31  -0.00700598
 54  34   0.01330885
 54  36  -0.04210181
 54  39  -0.00340655
 55   9  -0.00207931
 55  29   0.00656874
 55  40   0.00999808

Jf nJf  Ji nJi  Lambda =   1 1      1 2      0
-------------- OBTD ---------------------
  3   0   0.04241142
  4   1  -0.01622379
  5   2  -0.05100313

-------------- TBTD ---------------------
  9   0   0.03365009
  9  21  -0.00237517
  9  35  -0.04852845
 10   3   0.00273563
 10  23   0.02324363
 11   1  -0.00312315
 11   4   0.00276958
 11   7   0.01843691
 11  22   0.00217312
 11  24   0.00849295
 12   5  -0.01346486
 12   8  -0.01436790
 13   2   0.02531617
 13   6   0.01244165
 15   3  -0.01257940
 15  23  -0.00598752
 16   1  -0.00127032
 16   4  -0.01171365
 16   7  -0.02924321
 16  22  -0.00445709
 16  24   0.00514606
 17   5  -0.00172706
 17   8   0.01387491
 18   2   0.00915891
 18   6  -0.00855044
 19   1  -0.01335789
 19   4  -0.01561320
 19   7  -0.02867036
 19  22  -0.00638047
 19  24   0.01238153
 20   5  -0.00443514
 20   8  -0.04097971
 25   3   0.01272344
 25  23   0.01476701
 26   1   0.00085995
 26   4  -0.00304362
 26   7  -0.01325571
 26  22  -0.00050633
 26  24   0.00518801
 27   5   0.00395560
 27   8  -0.02484988
 28   2   0.00149164
 28   6  -0.00579962
 29   0   0.01362029
 29  21  -0.00127872
 29  35  -0.02306188
 30   3  -0.00429034
 30  23  -0.00264566
 31   1  -0.01217321
 31   4  -0.00548101
 31   7  -0.00766648
 31  22  -0.00365344
 31  24   0.00139175
 32   5   0.00312953
 32   8  -0.00132961
 33   3   0.00393033
 33  23  -0.00254748
 34   1   0.00138113
 34   4  -0.00299508
 34   7  -0.00829021
 34  22  -0.00248958
 34  24  -0.00304405
 36   1  -0.01292839
 36   4   0.00094040
 36   7   0.02133556
 36  22   0.00004138
 36  24  -0.00678085
 37   5  -0.00375213
 37   8  -0.02348064
 38   3  -0.00240097
 38  23  -0.00025148
 39   1   0.00262339
 39   4  -0.00202208
 39   7  -0.00402834
 39  22  -0.00077357
 39  24   0.00239002
 40   0   0.01425062
 40  21  -0.00097797
 40  35  -0.02307847
 41   3   0.01076850
 41  23   0.00725913
 42   9   0.03324855
 42  29  -0.00217296
 42  40  -0.04746642
 43  11  -0.00287741
 43  16   0.00963705
 43  19   0.01171561
 43  26   0.00605096
 43  31   0.00201299
 43  34   0.00858859
 43  36   0.01351975
 43  39  -0.00358169
 44  13   0.02524074
 44  18   0.02117169
 44  28   0.00385062
 45  10  -0.01030891
 45  15   0.00779505
 45  25  -0.00792055
 45  30   0.00107546
 45  33  -0.00262711
 45  38   0.01134241
 45  41  -0.00471240
 46  11  -0.00159198
 46  16  -0.00933564
 46  19   0.00509774
 46  26  -0.00119583
 46  31  -0.00270723
 46  34  -0.00167791
 46  36  -0.02072421
 46  39  -0.00178950
 47  12   0.00292646
 47  17   0.00541589
 47  20  -0.00358169
 47  27  -0.00330929
 47  32  -0.00038225
 47  37   0.00695500
 48  13   0.00533894
 48  18   0.00729068
 48  28   0.01001424
 49  11  -0.01861043
 49  16  -0.01226992
 49  19   0.01567787
 49  26   0.00190954
 49  31  -0.00454607
 49  34   0.00686276
 49  36  -0.02347509
 49  39   0.00049497
 50  12  -0.00810708
 50  17  -0.00105805
 50  20  -0.00042343
 50  27   0.00067510
 50  32   0.00544600
 50  37   0.01662289
 51   9   0.01343752
 51  29  -0.00119554
 51  40  -0.02265827
 52  11  -0.01210332
 52  16  -0.00974444
 52  19   0.00122816
 52  26  -0.00221582
 52  31  -0.00367935
 52  34   0.00090830
 52  36  -0.01201577
 52  39  -0.00131533
 53  10   0.00965479
 53  15  -0.00558771
 53  25   0.00725775
 53  30   0.00022340
 53  33   0.00146334
 53  38  -0.00420168
 53  41   0.00136711
 54  11  -0.00104342
 54  16  -0.00209829
 54  19  -0.00813100
 54  26  -0.00122045
 54  31  -0.00118476
 54  34  -0.00190546
 54  36   0.00395379
 54  39   0.00376604
 55   9   0.01409722
 55  29  -0.00096685
 55  40  -0.02268969

Jf nJf  Ji nJi  Lambda =   1 2      1 2      0
-------------- OBTD ---------------------
  3   0   0.04253123
  4   1  -0.00726020
  5   2  -0.05577050

-------------- TBTD ---------------------
  9   0  -0.07348327
  9  21  -0.01892995
  9  35   0.04969386
 10   3   0.00815488
 10  23  -0.03504233
 11   1   0.07286158
 11   4  -0.04631236
 11   7   0.02558648
 11  22   0.00010277
 11  24  -0.03497079
 12   5  -0.00610180
 12   8   0.06307352
 13   2   0.02577712
 13   6   0.01222804
 15   3  -0.05586893
 15  23   0.04938513
 16   1   0.00396836
 16   4  -0.00406669
 16   7  -0.05031922
 16  22  -0.00059533
 16  24  -0.01599001
 17   5  -0.00707339
 17   8   0.05850020
 18   2   0.04684918
 18   6   0.00378045
 19   1   0.01416404
 19   4  -0.00524018
 19   7  -0.06597139
 19  22   0.00442074
 19  24  -0.00938825
 20   5   0.00034597
 20   8  -0.01872658
 25   3   0.03905324
 25  23  -0.03891233
 26   1   0.02307133
 26   4  -0.00241612
 26   7   0.00318646
 26  22  -0.00338796
 26  24   0.00210483
 27   5   0.00303440
 27   8  -0.00012551
 28   2   0.05592721
 28   6   0.00879340
 29   0   0.01180794
 29  21  -0.00147917
 29  35  -0.01839455
 30   3  -0.01242997
 30  23  -0.00659643
 31   1   0.01783719
 31   4  -0.00107024
 31   7  -0.01316334
 31  22  -0.00029585
 31  24   0.00310625
 32   5   0.00040784
 32   8  -0.00708791
 33   3   0.00454021
 33  23  -0.01993809
 34   1  -0.02431360
 34   4  -0.00193629
 34   7  -0.02273270
 34  22  -0.00385396
 34  24   0.00063105
 36   1   0.04461656
 36   4   0.00086833
 36   7   0.05923515
 36  22   0.01605762
 36  24  -0.03989877
 37   5  -0.01332766
 37   8   0.04174912
 38   3  -0.01063288
 38  23   0.03210832
 39   1   0.00827123
 39   4  -0.00771932
 39   7  -0.07183695
 39  22  -0.00134222
 39  24  -0.00764165
 40   0   0.01575449
 40  21   0.00698445
 40  35  -0.00454607
 41   3   0.02295338
 41  23  -0.02134736
 42   9  -0.07390312
 42  29  -0.01898538
 42  40   0.04938758
 43  11   0.07391457
 43  16  -0.05431304
 43  19   0.00006123
 43  26   0.01035046
 43  31   0.00031260
 43  34  -0.03998384
 43  36   0.03768502
 43  39   0.01027180
 44  13   0.02395099
 44  18   0.00653130
 44  28  -0.01039075
 45  10   0.06144865
 45  15  -0.03156080
 45  25   0.01483543
 45  30   0.00001537
 45  33  -0.00332614
 45  38   0.01397215
 45  41  -0.07303465
 46  11  -0.01362787
 46  16  -0.00530204
 46  19   0.00276696
 46  26  -0.00364347
 46  31   0.00176917
 46  34   0.00621438
 46  36  -0.05815948
 46  39   0.02349445
 47  12   0.03374618
 47  17  -0.00300885
 47  20   0.01582160
 47  27  -0.00087623
 47  32  -0.00138785
 47  37  -0.04368201
 48  13  -0.00517878
 48  18   0.01756557
 48  28   0.02280775
 49  11   0.04167409
 49  16  -0.01982310
 49  19   0.01121029
 49  26  -0.01500632
 49  31   0.01433802
 49  34  -0.03384961
 49  36  -0.02017514
 49  39   0.01394867
 50  12  -0.01685313
 50  17   0.00469096
 50  20  -0.00973704
 50  27   0.00875052
 50  32  -0.00872414
 50  37   0.05110134
 51   9   0.01133853
 51  29  -0.00132128
 51  40  -0.01781120
 52  11   0.01779512
 52  16  -0.00229279
 52  19   0.00345068
 52  26  -0.00051168
 52  31  -0.00031484
 52  34  -0.00462993
 52  36  -0.02234411
 52  39  -0.00940828
 53  10  -0.00174428
 53  15   0.00013560
 53  25  -0.00628234
 53  30  -0.00292246
 53  33  -0.00622504
 53  38   0.01837493
 53  41   0.00084522
 54  11  -0.02283789
 54  16   0.01011438
 54  19  -0.00367343
 54  26   0.00410742
 54  31  -0.00175956
 54  34   0.00961698
 54  36   0.05391623
 54  39   0.00165740
 55   9   0.01586690
 55  29   0.00739231
 55  40  -0.00392347
