############################################################################################################
# initial vector basename: na220
# final   vector basename: na220
# Operator file: VCoul.int
# Zero body term: 14.3073
# Jf  nJf     Ji  nJi      Ei          Ef         <Op1b>          <Op2b>         <Op1b+2b>     <Op0b+1b+2b>
###########################################################################################################
 0.0   1     0.0   1    -48.900     -48.900    9.772652e+00    1.853640e+00    1.162629e+01    2.593359e+01
 0.0   1     0.0   2    -48.900     -42.190    3.504565e-04    5.728886e-02    5.763932e-02    5.763932e-02
 0.0   2     0.0   1    -42.190     -48.900    0.000000e+00    0.000000e+00    0.000000e+00    0.000000e+00
 0.0   2     0.0   2    -42.190     -42.190    9.581394e+00    1.688811e+00    1.127020e+01    2.557750e+01
 1.0   1     1.0   1    -49.593     -49.593    9.676282e+00    1.875091e+00    1.155137e+01    2.585867e+01
 1.0   1     1.0   2    -49.593     -48.552   -8.492533e-02   -1.736769e-02   -1.022930e-01   -1.022930e-01
 1.0   2     1.0   1    -48.552     -49.593    0.000000e+00    0.000000e+00    0.000000e+00    0.000000e+00
 1.0   2     1.0   2    -48.552     -48.552    9.474104e+00    1.771135e+00    1.124524e+01    2.555254e+01
