############################################################################################################
# initial vector basename: ne220
# final   vector basename: ne220
# Operator file: Rn2.int
# Zero body term: 4.36214
# Jf  nJf     Ji  nJi      Ei          Ef         <Op1b>          <Op2b>         <Op1b+2b>     <Op0b+1b+2b>
###########################################################################################################
 0.0   1     0.0   1    -53.131     -53.131    4.218328e+00   -3.788080e-01    3.839520e+00    8.201660e+00
 0.0   1     0.0   2    -53.131     -46.437    6.286921e-02    1.348036e-02    7.634956e-02    7.634956e-02
 0.0   2     0.0   1    -46.437     -53.131    0.000000e+00    0.000000e+00    0.000000e+00    0.000000e+00
 0.0   2     0.0   2    -46.437     -46.437    4.515730e+00   -3.340899e-01    4.181640e+00    8.543780e+00
 1.0   1     1.0   1    -46.811     -46.811    4.252487e+00   -3.099171e-01    3.942569e+00    8.304709e+00
 1.0   1     1.0   2    -46.811     -45.400   -8.988980e-02   -1.714114e-02   -1.070309e-01   -1.070309e-01
 1.0   2     1.0   1    -45.400     -46.811    0.000000e+00    0.000000e+00    0.000000e+00    0.000000e+00
 1.0   2     1.0   2    -45.400     -45.400    4.422236e+00   -3.449000e-01    4.077337e+00    8.439477e+00
