############################################################################################################
# initial vector basename: ne220
# final   vector basename: ne220
# Operator file: Rp2.int
# Zero body term: 4.43488
# Jf  nJf     Ji  nJi      Ei          Ef         <Op1b>          <Op2b>         <Op1b+2b>     <Op0b+1b+2b>
###########################################################################################################
 0.0   1     0.0   1    -53.131     -53.131    2.349945e+00   -3.732064e-01    1.976739e+00    6.411619e+00
 0.0   1     0.0   2    -53.131     -46.437   -8.928556e-02    1.730964e-02   -7.197592e-02   -7.197592e-02
 0.0   2     0.0   1    -46.437     -53.131    0.000000e+00    0.000000e+00    0.000000e+00    0.000000e+00
 0.0   2     0.0   2    -46.437     -46.437    2.449194e+00   -3.721014e-01    2.077092e+00    6.511972e+00
 1.0   1     1.0   1    -46.811     -46.811    2.424654e+00   -3.773511e-01    2.047303e+00    6.482183e+00
 1.0   1     1.0   2    -46.811     -45.400   -2.609844e-03    8.418228e-03    5.808384e-03    5.808384e-03
 1.0   2     1.0   1    -45.400     -46.811    0.000000e+00    0.000000e+00    0.000000e+00    0.000000e+00
 1.0   2     1.0   2    -45.400     -45.400    2.567421e+00   -3.739074e-01    2.193514e+00    6.628394e+00
