############################################################################################################
# initial vector basename: na220
# final   vector basename: na220
# Operator file: Rp2.int
# Zero body term: 4.43488
# Jf  nJf     Ji  nJi      Ei          Ef         <Op1b>          <Op2b>         <Op1b+2b>     <Op0b+1b+2b>
###########################################################################################################
 0.0   1     0.0   1    -48.900     -48.900    3.421524e+00   -4.320091e-01    2.989514e+00    7.424394e+00
 0.0   1     0.0   2    -48.900     -42.190    2.954827e-03   -1.451922e-02   -1.156439e-02   -1.156439e-02
 0.0   2     0.0   1    -42.190     -48.900    0.000000e+00    0.000000e+00    0.000000e+00    0.000000e+00
 0.0   2     0.0   2    -42.190     -42.190    3.645479e+00   -3.969739e-01    3.248505e+00    7.683385e+00
 1.0   1     1.0   1    -49.593     -49.593    3.520138e+00   -4.663686e-01    3.053769e+00    7.488649e+00
 1.0   1     1.0   2    -49.593     -48.552    7.532676e-02   -9.033656e-03    6.629310e-02    6.629310e-02
 1.0   2     1.0   1    -48.552     -49.593    0.000000e+00    0.000000e+00    0.000000e+00    0.000000e+00
 1.0   2     1.0   2    -48.552     -48.552    3.709960e+00   -4.673625e-01    3.242598e+00    7.677478e+00
