############################################################################################################
# initial vector basename: ne220
# final   vector basename: ne220
# Operator file: Iso2.int
# Zero body term: 0.00199165
# Jf  nJf     Ji  nJi      Ei          Ef         <Op1b>          <Op2b>         <Op1b+2b>     <Op0b+1b+2b>
###########################################################################################################
 0.0   1     0.0   1    -53.131     -53.131    4.497452e+00   -2.498036e+00    1.999416e+00    2.001407e+00
 0.0   1     0.0   2    -53.131     -46.437   -1.752821e-03   -1.183240e-03   -2.936061e-03   -2.936061e-03
 0.0   2     0.0   1    -46.437     -53.131    0.000000e+00    0.000000e+00    0.000000e+00    0.000000e+00
 0.0   2     0.0   2    -46.437     -46.437    4.494732e+00   -2.497000e+00    1.997732e+00    1.999724e+00
 1.0   1     1.0   1    -46.811     -46.811    4.497838e+00   -2.495552e+00    2.002286e+00    2.004278e+00
 1.0   1     1.0   2    -46.811     -45.400    1.134871e-03   -1.198881e-03   -6.400991e-05   -6.400991e-05
 1.0   2     1.0   1    -45.400     -46.811    0.000000e+00    0.000000e+00    0.000000e+00    0.000000e+00
 1.0   2     1.0   2    -45.400     -45.400    4.497225e+00   -2.495548e+00    2.001677e+00    2.003669e+00
