############################################################################################################
# initial vector basename: mg220
# final   vector basename: mg220
# Operator file: Rn2.int
# Zero body term: 4.36214
# Jf  nJf     Ji  nJi      Ei          Ef         <Op1b>          <Op2b>         <Op1b+2b>     <Op0b+1b+2b>
###########################################################################################################
 0.0   1     0.0   1    -43.893     -43.893    2.295301e+00   -2.781443e-01    2.017156e+00    6.379296e+00
 0.0   1     0.0   2    -43.893     -37.508    7.477489e-02   -8.653043e-03    6.612185e-02    6.612185e-02
 0.0   2     0.0   1    -37.508     -43.893    0.000000e+00    0.000000e+00    0.000000e+00    0.000000e+00
 0.0   2     0.0   2    -37.508     -37.508    2.356485e+00   -2.772842e-01    2.079201e+00    6.441341e+00
 1.0   1     1.0   1    -37.884     -37.884    2.358029e+00   -2.853059e-01    2.072723e+00    6.434863e+00
 1.0   1     1.0   2    -37.884     -36.618    4.283783e-03    9.057652e-03    1.334144e-02    1.334144e-02
 1.0   2     1.0   1    -36.618     -37.884    0.000000e+00    0.000000e+00    0.000000e+00    0.000000e+00
 1.0   2     1.0   2    -36.618     -36.618    2.423029e+00   -2.835405e-01    2.139489e+00    6.501629e+00
