      1      4      1      4          10           0  0.254681893532949     
      1      4      1      4           8           0  -1.95033770238095     
      1      4      1      4           6           0   2.30120035683221     
      1      4      1      4           4           0  -5.56736468574481     
      1      4      1      4           2           0   4.63527762699512     
      1      4      1      4           0           0  -8.95414150000000     
      1      4      1      5           8           0  -5.12494704312195     
      1      4      1      5           6           0  0.201581873178810     
      1      4      1      5           4           0  -4.39091357792094     
      1      4      1      5           2           0 -0.978506278523238     
      1      4      1      6           6           0  0.513963752336178     
      1      4      1      6           4           0  -3.62008863204494     
      1      4      2      4           8           0  -5.16500602026009     
      1      4      2      4           6           0  0.143506760997011     
      1      4      2      4           4           0  -4.26063479789972     
      1      4      2      4           2           0  -1.03710397530733     
      1      4      2      5           8           0  -5.53353250024383     
      1      4      2      5           6           0 -0.358779851360456     
      1      4      2      5           4           0  -1.08403628177546     
      1      4      2      5           2           0  -1.13304911282629     
      1      4      2      6           6           0  0.931031704495824     
      1      4      2      6           4           0  -1.28311413302153     
      1      4      3      4           6           0  0.543355729613257     
      1      4      3      4           4           0  -3.62916958341271     
      1      4      3      5           6           0   1.00700238041165     
      1      4      3      5           4           0  -1.25791733876327     
      1      4      3      6           6           0 -5.546149303602865E-003
      1      4      3      6           4           0  -2.22641090348208     
      1      5      1      4           8           0   5.12494704312195     
      1      5      1      4           6           0 -0.201581873178810     
      1      5      1      4           4           0   4.39091357792094     
      1      5      1      4           2           0  0.978506278523239     
      1      5      1      5           6           0   1.23590618147866     
      1      5      1      5           4           0  -4.22650884045155     
      1      5      1      5           2           0 -0.299853271475190     
      1      5      1      5           0           0  -8.37267376212703     
      1      5      1      6           4           0   2.03641190291064     
      1      5      1      6           2           0 -0.369407050862425     
      1      5      2      4           8           0   8.62058391964286     
      1      5      2      4           6           0  -2.40083735481955     
      1      5      2      4           4           0   1.41519635974710     
      1      5      2      4           2           0  -4.09937853380069     
      1      5      2      5           6           0   1.82680620546916     
      1      5      2      5           4           0  -2.86001925820848     
      1      5      2      5           2           0   2.38142056011260     
      1      5      2      6           4           0   2.09336795189836     
      1      5      2      6           2           0   1.28835806928542     
      1      5      3      4           6           0  0.900044037784434     
      1      5      3      4           4           0   2.50997923532207     
      1      5      3      5           6           0  -1.20204718508491     
      1      5      3      5           4           0  -2.93924965696455     
      1      5      3      6           4           0   3.16006957073638     
      1      6      1      4           6           0  0.513963752336177     
      1      6      1      4           4           0  -3.62008863204494     
      1      6      1      5           4           0  -2.03641190291064     
      1      6      1      5           2           0  0.369407050862424     
      1      6      1      6           2           0   1.56182230358372     
      1      6      1      6           0           0  -3.73576815513981     
      1      6      2      4           6           0 -0.995819367127407     
      1      6      2      4           4           0  -2.63765363257635     
      1      6      2      5           4           0 -0.842506862057555     
      1      6      2      5           2           0 -0.203563662124241     
      1      6      2      6           2           0  -1.24389666503341     
      1      6      3      4           6           0  0.310491924630709     
      1      6      3      4           4           0  -5.38183865804879     
      1      6      3      5           4           0  -4.21071053954615     
      2      4      1      4           8           0   5.16500602026009     
      2      4      1      4           6           0 -0.143506760997011     
      2      4      1      4           4           0   4.26063479789972     
      2      4      1      4           2           0   1.03710397530733     
      2      4      1      5           8           0   8.62058391964286     
      2      4      1      5           6           0  -2.40083735481955     
      2      4      1      5           4           0   1.41519635974710     
      2      4      1      5           2           0  -4.09937853380069     
      2      4      1      6           6           0  0.995819367127407     
      2      4      1      6           4           0   2.63765363257635     
      2      4      2      4           6           0   1.38012962886173     
      2      4      2      4           4           0  -4.10104865191715     
      2      4      2      4           2           0 -0.224290149482004     
      2      4      2      4           0           0  -7.82772598109108     
      2      4      2      5           6           0   1.84760515724521     
      2      4      2      5           4           0  -2.81615186328444     
      2      4      2      5           2           0   2.41145402189436     
      2      4      2      6           6           0  -1.19235276073204     
      2      4      2      6           4           0  -2.97421410239796     
      2      4      3      4           4           0   1.89609999902205     
      2      4      3      4           2           0 -0.345734744460033     
      2      4      3      5           4           0   2.03363744508459     
      2      4      3      5           2           0   1.41584038983427     
      2      4      3      6           4           0   3.06719839188363     
      2      5      1      4           8           0  -5.53353250024383     
      2      5      1      4           6           0 -0.358779851360457     
      2      5      1      4           4           0  -1.08403628177546     
      2      5      1      4           2           0  -1.13304911282629     
      2      5      1      5           6           0  -1.82680620546916     
      2      5      1      5           4           0   2.86001925820848     
      2      5      1      5           2           0  -2.38142056011260     
      2      5      1      6           4           0 -0.842506862057555     
      2      5      1      6           2           0 -0.203563662124241     
      2      5      2      4           6           0  -1.84760515724521     
      2      5      2      4           4           0   2.81615186328444     
      2      5      2      4           2           0  -2.41145402189436     
      2      5      2      5           6           0 -0.431761479328286     
      2      5      2      5           4           0  -1.80385951616284     
      2      5      2      5           2           0   4.46384047524111     
      2      5      2      5           0           0  -3.59585650000000     
      2      5      2      6           4           0   1.16995418146302     
      2      5      2      6           2           0  0.284056216079143     
      2      5      3      4           4           0 -0.801806715085504     
      2      5      3      4           2           0 -0.136090452522552     
      2      5      3      5           4           0   1.14181455637782     
      2      5      3      5           2           0  0.315264478343554     
      2      5      3      6           4           0 -0.475580055011851     
      2      5      3      6           2           0  -1.16330342872826     
      2      6      1      4           6           0 -0.931031704495824     
      2      6      1      4           4           0   1.28311413302153     
      2      6      1      5           4           0   2.09336795189836     
      2      6      1      5           2           0   1.28835806928542     
      2      6      1      6           2           0   1.24389666503341     
      2      6      2      4           6           0  -1.19235276073204     
      2      6      2      4           4           0  -2.97421410239797     
      2      6      2      5           4           0  -1.16995418146302     
      2      6      2      5           2           0 -0.284056216079143     
      2      6      2      6           2           0  -1.13314759725620     
      2      6      2      6           0           0  -2.59388192674696     
      2      6      3      4           4           0   4.13283388205977     
      2      6      3      5           4           0   3.36405582285153     
      2      6      3      5           2           0 -0.669814358176017     
      2      6      3      6           2           0  -1.41163359029672     
      3      4      1      4           6           0  0.543355729613256     
      3      4      1      4           4           0  -3.62916958341271     
      3      4      1      5           6           0 -0.900044037784434     
      3      4      1      5           4           0  -2.50997923532207     
      3      4      1      6           6           0  0.310491924630709     
      3      4      1      6           4           0  -5.38183865804879     
      3      4      2      4           4           0  -1.89609999902205     
      3      4      2      4           2           0  0.345734744460033     
      3      4      2      5           4           0 -0.801806715085504     
      3      4      2      5           2           0 -0.136090452522552     
      3      4      2      6           4           0  -4.13283388205977     
      3      4      3      4           2           0   1.59801026412627     
      3      4      3      4           0           0  -3.38514579039959     
      3      4      3      5           2           0  -1.22360211206963     
      3      5      1      4           6           0  -1.00700238041165     
      3      5      1      4           4           0   1.25791733876327     
      3      5      1      5           6           0  -1.20204718508491     
      3      5      1      5           4           0  -2.93924965696455     
      3      5      1      6           4           0   4.21071053954615     
      3      5      2      4           4           0   2.03363744508459     
      3      5      2      4           2           0   1.41584038983427     
      3      5      2      5           4           0  -1.14181455637782     
      3      5      2      5           2           0 -0.315264478343554     
      3      5      2      6           4           0   3.36405582285153     
      3      5      2      6           2           0 -0.669814358176017     
      3      5      3      4           2           0   1.22360211206963     
      3      5      3      5           2           0  -1.12496530690027     
      3      5      3      5           0           0  -2.54446559256704     
      3      5      3      6           2           0  -1.46157623666232     
      3      6      1      4           6           0 -5.546149303602643E-003
      3      6      1      4           4           0  -2.22641090348208     
      3      6      1      5           4           0  -3.16006957073638     
      3      6      2      4           4           0  -3.06719839188363     
      3      6      2      5           4           0 -0.475580055011851     
      3      6      2      5           2           0  -1.16330342872826     
      3      6      2      6           2           0   1.41163359029672     
      3      6      3      5           2           0   1.46157623666232     
      3      6      3      6           2           0   1.33972917529887     
      3      6      3      6           0           0  -4.98835300000000     
      4      1      4      1          10           0  0.254681893532949     
      4      1      4      1           8           0  -1.95033770238095     
      4      1      4      1           6           0   2.30120035683221     
      4      1      4      1           4           0  -5.56736468574481     
      4      1      4      1           2           0   4.63527762699512     
      4      1      4      1           0           0  -8.95414150000000     
      4      1      4      2           8           0  -5.16500602026009     
      4      1      4      2           6           0  0.143506760997011     
      4      1      4      2           4           0  -4.26063479789972     
      4      1      4      2           2           0  -1.03710397530733     
      4      1      4      3           6           0  0.543355729613257     
      4      1      4      3           4           0  -3.62916958341271     
      4      1      5      1           8           0  -5.12494704312195     
      4      1      5      1           6           0  0.201581873178809     
      4      1      5      1           4           0  -4.39091357792094     
      4      1      5      1           2           0 -0.978506278523238     
      4      1      5      2           8           0  -5.53353250024383     
      4      1      5      2           6           0 -0.358779851360456     
      4      1      5      2           4           0  -1.08403628177546     
      4      1      5      2           2           0  -1.13304911282629     
      4      1      5      3           6           0   1.00700238041165     
      4      1      5      3           4           0  -1.25791733876327     
      4      1      6      1           6           0  0.513963752336178     
      4      1      6      1           4           0  -3.62008863204494     
      4      1      6      2           6           0  0.931031704495824     
      4      1      6      2           4           0  -1.28311413302153     
      4      1      6      3           6           0 -5.546149303602865E-003
      4      1      6      3           4           0  -2.22641090348208     
      4      2      4      1           8           0   5.16500602026009     
      4      2      4      1           6           0 -0.143506760997011     
      4      2      4      1           4           0   4.26063479789972     
      4      2      4      1           2           0   1.03710397530733     
      4      2      4      2           6           0   1.38012962886173     
      4      2      4      2           4           0  -4.10104865191715     
      4      2      4      2           2           0 -0.224290149482003     
      4      2      4      2           0           0  -7.82772598109108     
      4      2      4      3           4           0   1.89609999902205     
      4      2      4      3           2           0 -0.345734744460033     
      4      2      5      1           8           0   8.62058391964286     
      4      2      5      1           6           0  -2.40083735481955     
      4      2      5      1           4           0   1.41519635974710     
      4      2      5      1           2           0  -4.09937853380069     
      4      2      5      2           6           0   1.84760515724521     
      4      2      5      2           4           0  -2.81615186328444     
      4      2      5      2           2           0   2.41145402189436     
      4      2      5      3           4           0   2.03363744508459     
      4      2      5      3           2           0   1.41584038983427     
      4      2      6      1           6           0  0.995819367127407     
      4      2      6      1           4           0   2.63765363257635     
      4      2      6      2           6           0  -1.19235276073204     
      4      2      6      2           4           0  -2.97421410239796     
      4      2      6      3           4           0   3.06719839188363     
      4      3      4      1           6           0  0.543355729613256     
      4      3      4      1           4           0  -3.62916958341271     
      4      3      4      2           4           0  -1.89609999902205     
      4      3      4      2           2           0  0.345734744460033     
      4      3      4      3           2           0   1.59801026412627     
      4      3      4      3           0           0  -3.38514579039959     
      4      3      5      1           6           0 -0.900044037784434     
      4      3      5      1           4           0  -2.50997923532207     
      4      3      5      2           4           0 -0.801806715085504     
      4      3      5      2           2           0 -0.136090452522552     
      4      3      5      3           2           0  -1.22360211206963     
      4      3      6      1           6           0  0.310491924630709     
      4      3      6      1           4           0  -5.38183865804879     
      4      3      6      2           4           0  -4.13283388205977     
      5      1      4      1           8           0   5.12494704312195     
      5      1      4      1           6           0 -0.201581873178810     
      5      1      4      1           4           0   4.39091357792094     
      5      1      4      1           2           0  0.978506278523239     
      5      1      4      2           8           0   8.62058391964286     
      5      1      4      2           6           0  -2.40083735481955     
      5      1      4      2           4           0   1.41519635974710     
      5      1      4      2           2           0  -4.09937853380069     
      5      1      4      3           6           0  0.900044037784434     
      5      1      4      3           4           0   2.50997923532207     
      5      1      5      1           6           0   1.23590618147866     
      5      1      5      1           4           0  -4.22650884045155     
      5      1      5      1           2           0 -0.299853271475190     
      5      1      5      1           0           0  -8.37267376212703     
      5      1      5      2           6           0   1.82680620546916     
      5      1      5      2           4           0  -2.86001925820848     
      5      1      5      2           2           0   2.38142056011260     
      5      1      5      3           6           0  -1.20204718508491     
      5      1      5      3           4           0  -2.93924965696455     
      5      1      6      1           4           0   2.03641190291064     
      5      1      6      1           2           0 -0.369407050862425     
      5      1      6      2           4           0   2.09336795189836     
      5      1      6      2           2           0   1.28835806928542     
      5      1      6      3           4           0   3.16006957073638     
      5      2      4      1           8           0  -5.53353250024383     
      5      2      4      1           6           0 -0.358779851360457     
      5      2      4      1           4           0  -1.08403628177546     
      5      2      4      1           2           0  -1.13304911282629     
      5      2      4      2           6           0  -1.84760515724521     
      5      2      4      2           4           0   2.81615186328444     
      5      2      4      2           2           0  -2.41145402189436     
      5      2      4      3           4           0 -0.801806715085504     
      5      2      4      3           2           0 -0.136090452522552     
      5      2      5      1           6           0  -1.82680620546916     
      5      2      5      1           4           0   2.86001925820848     
      5      2      5      1           2           0  -2.38142056011260     
      5      2      5      2           6           0 -0.431761479328286     
      5      2      5      2           4           0  -1.80385951616284     
      5      2      5      2           2           0   4.46384047524111     
      5      2      5      2           0           0  -3.59585650000000     
      5      2      5      3           4           0   1.14181455637782     
      5      2      5      3           2           0  0.315264478343554     
      5      2      6      1           4           0 -0.842506862057555     
      5      2      6      1           2           0 -0.203563662124241     
      5      2      6      2           4           0   1.16995418146302     
      5      2      6      2           2           0  0.284056216079143     
      5      2      6      3           4           0 -0.475580055011851     
      5      2      6      3           2           0  -1.16330342872826     
      5      3      4      1           6           0  -1.00700238041165     
      5      3      4      1           4           0   1.25791733876327     
      5      3      4      2           4           0   2.03363744508459     
      5      3      4      2           2           0   1.41584038983427     
      5      3      4      3           2           0   1.22360211206963     
      5      3      5      1           6           0  -1.20204718508491     
      5      3      5      1           4           0  -2.93924965696455     
      5      3      5      2           4           0  -1.14181455637782     
      5      3      5      2           2           0 -0.315264478343554     
      5      3      5      3           2           0  -1.12496530690027     
      5      3      5      3           0           0  -2.54446559256704     
      5      3      6      1           4           0   4.21071053954615     
      5      3      6      2           4           0   3.36405582285153     
      5      3      6      2           2           0 -0.669814358176017     
      5      3      6      3           2           0  -1.46157623666232     
      6      1      4      1           6           0  0.513963752336177     
      6      1      4      1           4           0  -3.62008863204494     
      6      1      4      2           6           0 -0.995819367127407     
      6      1      4      2           4           0  -2.63765363257635     
      6      1      4      3           6           0  0.310491924630709     
      6      1      4      3           4           0  -5.38183865804879     
      6      1      5      1           4           0  -2.03641190291064     
      6      1      5      1           2           0  0.369407050862424     
      6      1      5      2           4           0 -0.842506862057555     
      6      1      5      2           2           0 -0.203563662124241     
      6      1      5      3           4           0  -4.21071053954615     
      6      1      6      1           2           0   1.56182230358372     
      6      1      6      1           0           0  -3.73576815513981     
      6      1      6      2           2           0  -1.24389666503341     
      6      2      4      1           6           0 -0.931031704495824     
      6      2      4      1           4           0   1.28311413302153     
      6      2      4      2           6           0  -1.19235276073204     
      6      2      4      2           4           0  -2.97421410239797     
      6      2      4      3           4           0   4.13283388205977     
      6      2      5      1           4           0   2.09336795189836     
      6      2      5      1           2           0   1.28835806928542     
      6      2      5      2           4           0  -1.16995418146302     
      6      2      5      2           2           0 -0.284056216079143     
      6      2      5      3           4           0   3.36405582285153     
      6      2      5      3           2           0 -0.669814358176017     
      6      2      6      1           2           0   1.24389666503341     
      6      2      6      2           2           0  -1.13314759725620     
      6      2      6      2           0           0  -2.59388192674696     
      6      2      6      3           2           0  -1.41163359029672     
      6      3      4      1           6           0 -5.546149303602643E-003
      6      3      4      1           4           0  -2.22641090348208     
      6      3      4      2           4           0  -3.06719839188363     
      6      3      5      1           4           0  -3.16006957073638     
      6      3      5      2           4           0 -0.475580055011851     
      6      3      5      2           2           0  -1.16330342872826     
      6      3      5      3           2           0   1.46157623666232     
      6      3      6      2           2           0   1.41163359029672     
      6      3      6      3           2           0   1.33972917529887     
      6      3      6      3           0           0  -4.98835300000000     
         336          10
   1   1   4   4   0   0   0   0 -8.9541   1   1
   1   1   4   4   2   0   0   0  4.6353   1   1
   1   1   4   4   4   0   0   0 -5.5674   1   1
   1   1   4   4   6   0   0   0  2.3012   1   1
   1   1   4   4   8   0   0   0 -1.9503   1   1
   1   1   4   4  10   0   0   0  0.2547   1   1
   1   1   4   5   2   0   0   0 -0.9785   1   1
   1   1   4   5   4   0   0   0 -4.3909   1   1
   1   1   4   5   6   0   0   0  0.2016   1   1
   1   1   4   5   8   0   0   0 -5.1249   1   1
   1   1   4   6   4   0   0   0 -3.6201   1   1
   1   1   4   6   6   0   0   0  0.5140   1   1
   1   1   5   4   2   0   0   0  0.9785   1   1
   1   1   5   4   4   0   0   0  4.3909   1   1
   1   1   5   4   6   0   0   0 -0.2016   1   1
   1   1   5   4   8   0   0   0  5.1249   1   1
   1   1   5   5   0   0   0   0 -8.3727   1   1
   1   1   5   5   2   0   0   0 -0.2999   1   1
   1   1   5   5   4   0   0   0 -4.2265   1   1
   1   1   5   5   6   0   0   0  1.2359   1   1
   1   1   5   6   2   0   0   0 -0.3694   1   1
   1   1   5   6   4   0   0   0  2.0364   1   1
   1   1   6   4   4   0   0   0 -3.6201   1   1
   1   1   6   4   6   0   0   0  0.5140   1   1
   1   1   6   5   2   0   0   0  0.3694   1   1
   1   1   6   5   4   0   0   0 -2.0364   1   1
   1   1   6   6   0   0   0   0 -3.7358   1   1
   1   1   6   6   2   0   0   0  1.5618   1   1
   1   2   4   4   2   0   0   0 -1.0371   1   1
   1   2   4   4   4   0   0   0 -4.2606   1   1
   1   2   4   4   6   0   0   0  0.1435   1   1
   1   2   4   4   8   0   0   0 -5.1650   1   1
   1   2   4   5   2   0   0   0 -1.1330   1   1
   1   2   4   5   4   0   0   0 -1.0840   1   1
   1   2   4   5   6   0   0   0 -0.3588   1   1
   1   2   4   5   8   0   0   0 -5.5335   1   1
   1   2   4   6   4   0   0   0 -1.2831   1   1
   1   2   4   6   6   0   0   0  0.9310   1   1
   1   2   5   4   2   0   0   0 -4.0994   1   1
   1   2   5   4   4   0   0   0  1.4152   1   1
   1   2   5   4   6   0   0   0 -2.4008   1   1
   1   2   5   4   8   0   0   0  8.6206   1   1
   1   2   5   5   2   0   0   0  2.3814   1   1
   1   2   5   5   4   0   0   0 -2.8600   1   1
   1   2   5   5   6   0   0   0  1.8268   1   1
   1   2   5   6   2   0   0   0  1.2884   1   1
   1   2   5   6   4   0   0   0  2.0934   1   1
   1   2   6   4   4   0   0   0 -2.6377   1   1
   1   2   6   4   6   0   0   0 -0.9958   1   1
   1   2   6   5   2   0   0   0 -0.2036   1   1
   1   2   6   5   4   0   0   0 -0.8425   1   1
   1   2   6   6   2   0   0   0 -1.2439   1   1
   1   3   4   4   4   0   0   0 -3.6292   1   1
   1   3   4   4   6   0   0   0  0.5434   1   1
   1   3   4   5   4   0   0   0 -1.2579   1   1
   1   3   4   5   6   0   0   0  1.0070   1   1
   1   3   4   6   4   0   0   0 -2.2264   1   1
   1   3   4   6   6   0   0   0 -0.0055   1   1
   1   3   5   4   4   0   0   0  2.5100   1   1
   1   3   5   4   6   0   0   0  0.9000   1   1
   1   3   5   5   4   0   0   0 -2.9392   1   1
   1   3   5   5   6   0   0   0 -1.2020   1   1
   1   3   5   6   4   0   0   0  3.1601   1   1
   1   3   6   4   4   0   0   0 -5.3818   1   1
   1   3   6   4   6   0   0   0  0.3105   1   1
   1   3   6   5   4   0   0   0 -4.2107   1   1
   2   1   4   4   2   0   0   0  1.0371   1   1
   2   1   4   4   4   0   0   0  4.2606   1   1
   2   1   4   4   6   0   0   0 -0.1435   1   1
   2   1   4   4   8   0   0   0  5.1650   1   1
   2   1   4   5   2   0   0   0 -4.0994   1   1
   2   1   4   5   4   0   0   0  1.4152   1   1
   2   1   4   5   6   0   0   0 -2.4008   1   1
   2   1   4   5   8   0   0   0  8.6206   1   1
   2   1   4   6   4   0   0   0  2.6377   1   1
   2   1   4   6   6   0   0   0  0.9958   1   1
   2   1   5   4   2   0   0   0 -1.1330   1   1
   2   1   5   4   4   0   0   0 -1.0840   1   1
   2   1   5   4   6   0   0   0 -0.3588   1   1
   2   1   5   4   8   0   0   0 -5.5335   1   1
   2   1   5   5   2   0   0   0 -2.3814   1   1
   2   1   5   5   4   0   0   0  2.8600   1   1
   2   1   5   5   6   0   0   0 -1.8268   1   1
   2   1   5   6   2   0   0   0 -0.2036   1   1
   2   1   5   6   4   0   0   0 -0.8425   1   1
   2   1   6   4   4   0   0   0  1.2831   1   1
   2   1   6   4   6   0   0   0 -0.9310   1   1
   2   1   6   5   2   0   0   0  1.2884   1   1
   2   1   6   5   4   0   0   0  2.0934   1   1
   2   1   6   6   2   0   0   0  1.2439   1   1
   2   2   4   4   0   0   0   0 -7.8277   1   1
   2   2   4   4   2   0   0   0 -0.2243   1   1
   2   2   4   4   4   0   0   0 -4.1010   1   1
   2   2   4   4   6   0   0   0  1.3801   1   1
   2   2   4   5   2   0   0   0  2.4115   1   1
   2   2   4   5   4   0   0   0 -2.8162   1   1
   2   2   4   5   6   0   0   0  1.8476   1   1
   2   2   4   6   4   0   0   0 -2.9742   1   1
   2   2   4   6   6   0   0   0 -1.1924   1   1
   2   2   5   4   2   0   0   0 -2.4115   1   1
   2   2   5   4   4   0   0   0  2.8162   1   1
   2   2   5   4   6   0   0   0 -1.8476   1   1
   2   2   5   5   0   0   0   0 -3.5959   1   1
   2   2   5   5   2   0   0   0  4.4638   1   1
   2   2   5   5   4   0   0   0 -1.8039   1   1
   2   2   5   5   6   0   0   0 -0.4318   1   1
   2   2   5   6   2   0   0   0  0.2841   1   1
   2   2   5   6   4   0   0   0  1.1700   1   1
   2   2   6   4   4   0   0   0 -2.9742   1   1
   2   2   6   4   6   0   0   0 -1.1924   1   1
   2   2   6   5   2   0   0   0 -0.2841   1   1
   2   2   6   5   4   0   0   0 -1.1700   1   1
   2   2   6   6   0   0   0   0 -2.5939   1   1
   2   2   6   6   2   0   0   0 -1.1331   1   1
   2   3   4   4   2   0   0   0 -0.3457   1   1
   2   3   4   4   4   0   0   0  1.8961   1   1
   2   3   4   5   2   0   0   0  1.4158   1   1
   2   3   4   5   4   0   0   0  2.0336   1   1
   2   3   4   6   4   0   0   0  3.0672   1   1
   2   3   5   4   2   0   0   0 -0.1361   1   1
   2   3   5   4   4   0   0   0 -0.8018   1   1
   2   3   5   5   2   0   0   0  0.3153   1   1
   2   3   5   5   4   0   0   0  1.1418   1   1
   2   3   5   6   2   0   0   0 -1.1633   1   1
   2   3   5   6   4   0   0   0 -0.4756   1   1
   2   3   6   4   4   0   0   0  4.1328   1   1
   2   3   6   5   2   0   0   0 -0.6698   1   1
   2   3   6   5   4   0   0   0  3.3641   1   1
   2   3   6   6   2   0   0   0 -1.4116   1   1
   3   1   4   4   4   0   0   0 -3.6292   1   1
   3   1   4   4   6   0   0   0  0.5434   1   1
   3   1   4   5   4   0   0   0 -2.5100   1   1
   3   1   4   5   6   0   0   0 -0.9000   1   1
   3   1   4   6   4   0   0   0 -5.3818   1   1
   3   1   4   6   6   0   0   0  0.3105   1   1
   3   1   5   4   4   0   0   0  1.2579   1   1
   3   1   5   4   6   0   0   0 -1.0070   1   1
   3   1   5   5   4   0   0   0 -2.9392   1   1
   3   1   5   5   6   0   0   0 -1.2020   1   1
   3   1   5   6   4   0   0   0  4.2107   1   1
   3   1   6   4   4   0   0   0 -2.2264   1   1
   3   1   6   4   6   0   0   0 -0.0055   1   1
   3   1   6   5   4   0   0   0 -3.1601   1   1
   3   2   4   4   2   0   0   0  0.3457   1   1
   3   2   4   4   4   0   0   0 -1.8961   1   1
   3   2   4   5   2   0   0   0 -0.1361   1   1
   3   2   4   5   4   0   0   0 -0.8018   1   1
   3   2   4   6   4   0   0   0 -4.1328   1   1
   3   2   5   4   2   0   0   0  1.4158   1   1
   3   2   5   4   4   0   0   0  2.0336   1   1
   3   2   5   5   2   0   0   0 -0.3153   1   1
   3   2   5   5   4   0   0   0 -1.1418   1   1
   3   2   5   6   2   0   0   0 -0.6698   1   1
   3   2   5   6   4   0   0   0  3.3641   1   1
   3   2   6   4   4   0   0   0 -3.0672   1   1
   3   2   6   5   2   0   0   0 -1.1633   1   1
   3   2   6   5   4   0   0   0 -0.4756   1   1
   3   2   6   6   2   0   0   0  1.4116   1   1
   3   3   4   4   0   0   0   0 -3.3851   1   1
   3   3   4   4   2   0   0   0  1.5980   1   1
   3   3   4   5   2   0   0   0 -1.2236   1   1
   3   3   5   4   2   0   0   0  1.2236   1   1
   3   3   5   5   0   0   0   0 -2.5445   1   1
   3   3   5   5   2   0   0   0 -1.1250   1   1
   3   3   5   6   2   0   0   0 -1.4616   1   1
   3   3   6   5   2   0   0   0  1.4616   1   1
   3   3   6   6   0   0   0   0 -4.9884   1   1
   3   3   6   6   2   0   0   0  1.3397   1   1
   4   4   1   1   0   0   0   0 -8.9541   1   1
   4   4   1   1   2   0   0   0  4.6353   1   1
   4   4   1   1   4   0   0   0 -5.5674   1   1
   4   4   1   1   6   0   0   0  2.3012   1   1
   4   4   1   1   8   0   0   0 -1.9503   1   1
   4   4   1   1  10   0   0   0  0.2547   1   1
   4   4   1   2   2   0   0   0 -1.0371   1   1
   4   4   1   2   4   0   0   0 -4.2606   1   1
   4   4   1   2   6   0   0   0  0.1435   1   1
   4   4   1   2   8   0   0   0 -5.1650   1   1
   4   4   1   3   4   0   0   0 -3.6292   1   1
   4   4   1   3   6   0   0   0  0.5434   1   1
   4   4   2   1   2   0   0   0  1.0371   1   1
   4   4   2   1   4   0   0   0  4.2606   1   1
   4   4   2   1   6   0   0   0 -0.1435   1   1
   4   4   2   1   8   0   0   0  5.1650   1   1
   4   4   2   2   0   0   0   0 -7.8277   1   1
   4   4   2   2   2   0   0   0 -0.2243   1   1
   4   4   2   2   4   0   0   0 -4.1010   1   1
   4   4   2   2   6   0   0   0  1.3801   1   1
   4   4   2   3   2   0   0   0 -0.3457   1   1
   4   4   2   3   4   0   0   0  1.8961   1   1
   4   4   3   1   4   0   0   0 -3.6292   1   1
   4   4   3   1   6   0   0   0  0.5434   1   1
   4   4   3   2   2   0   0   0  0.3457   1   1
   4   4   3   2   4   0   0   0 -1.8961   1   1
   4   4   3   3   0   0   0   0 -3.3851   1   1
   4   4   3   3   2   0   0   0  1.5980   1   1
   4   5   1   1   2   0   0   0 -0.9785   1   1
   4   5   1   1   4   0   0   0 -4.3909   1   1
   4   5   1   1   6   0   0   0  0.2016   1   1
   4   5   1   1   8   0   0   0 -5.1249   1   1
   4   5   1   2   2   0   0   0 -1.1330   1   1
   4   5   1   2   4   0   0   0 -1.0840   1   1
   4   5   1   2   6   0   0   0 -0.3588   1   1
   4   5   1   2   8   0   0   0 -5.5335   1   1
   4   5   1   3   4   0   0   0 -1.2579   1   1
   4   5   1   3   6   0   0   0  1.0070   1   1
   4   5   2   1   2   0   0   0 -4.0994   1   1
   4   5   2   1   4   0   0   0  1.4152   1   1
   4   5   2   1   6   0   0   0 -2.4008   1   1
   4   5   2   1   8   0   0   0  8.6206   1   1
   4   5   2   2   2   0   0   0  2.4115   1   1
   4   5   2   2   4   0   0   0 -2.8162   1   1
   4   5   2   2   6   0   0   0  1.8476   1   1
   4   5   2   3   2   0   0   0  1.4158   1   1
   4   5   2   3   4   0   0   0  2.0336   1   1
   4   5   3   1   4   0   0   0 -2.5100   1   1
   4   5   3   1   6   0   0   0 -0.9000   1   1
   4   5   3   2   2   0   0   0 -0.1361   1   1
   4   5   3   2   4   0   0   0 -0.8018   1   1
   4   5   3   3   2   0   0   0 -1.2236   1   1
   4   6   1   1   4   0   0   0 -3.6201   1   1
   4   6   1   1   6   0   0   0  0.5140   1   1
   4   6   1   2   4   0   0   0 -1.2831   1   1
   4   6   1   2   6   0   0   0  0.9310   1   1
   4   6   1   3   4   0   0   0 -2.2264   1   1
   4   6   1   3   6   0   0   0 -0.0055   1   1
   4   6   2   1   4   0   0   0  2.6377   1   1
   4   6   2   1   6   0   0   0  0.9958   1   1
   4   6   2   2   4   0   0   0 -2.9742   1   1
   4   6   2   2   6   0   0   0 -1.1924   1   1
   4   6   2   3   4   0   0   0  3.0672   1   1
   4   6   3   1   4   0   0   0 -5.3818   1   1
   4   6   3   1   6   0   0   0  0.3105   1   1
   4   6   3   2   4   0   0   0 -4.1328   1   1
   5   4   1   1   2   0   0   0  0.9785   1   1
   5   4   1   1   4   0   0   0  4.3909   1   1
   5   4   1   1   6   0   0   0 -0.2016   1   1
   5   4   1   1   8   0   0   0  5.1249   1   1
   5   4   1   2   2   0   0   0 -4.0994   1   1
   5   4   1   2   4   0   0   0  1.4152   1   1
   5   4   1   2   6   0   0   0 -2.4008   1   1
   5   4   1   2   8   0   0   0  8.6206   1   1
   5   4   1   3   4   0   0   0  2.5100   1   1
   5   4   1   3   6   0   0   0  0.9000   1   1
   5   4   2   1   2   0   0   0 -1.1330   1   1
   5   4   2   1   4   0   0   0 -1.0840   1   1
   5   4   2   1   6   0   0   0 -0.3588   1   1
   5   4   2   1   8   0   0   0 -5.5335   1   1
   5   4   2   2   2   0   0   0 -2.4115   1   1
   5   4   2   2   4   0   0   0  2.8162   1   1
   5   4   2   2   6   0   0   0 -1.8476   1   1
   5   4   2   3   2   0   0   0 -0.1361   1   1
   5   4   2   3   4   0   0   0 -0.8018   1   1
   5   4   3   1   4   0   0   0  1.2579   1   1
   5   4   3   1   6   0   0   0 -1.0070   1   1
   5   4   3   2   2   0   0   0  1.4158   1   1
   5   4   3   2   4   0   0   0  2.0336   1   1
   5   4   3   3   2   0   0   0  1.2236   1   1
   5   5   1   1   0   0   0   0 -8.3727   1   1
   5   5   1   1   2   0   0   0 -0.2999   1   1
   5   5   1   1   4   0   0   0 -4.2265   1   1
   5   5   1   1   6   0   0   0  1.2359   1   1
   5   5   1   2   2   0   0   0  2.3814   1   1
   5   5   1   2   4   0   0   0 -2.8600   1   1
   5   5   1   2   6   0   0   0  1.8268   1   1
   5   5   1   3   4   0   0   0 -2.9392   1   1
   5   5   1   3   6   0   0   0 -1.2020   1   1
   5   5   2   1   2   0   0   0 -2.3814   1   1
   5   5   2   1   4   0   0   0  2.8600   1   1
   5   5   2   1   6   0   0   0 -1.8268   1   1
   5   5   2   2   0   0   0   0 -3.5959   1   1
   5   5   2   2   2   0   0   0  4.4638   1   1
   5   5   2   2   4   0   0   0 -1.8039   1   1
   5   5   2   2   6   0   0   0 -0.4318   1   1
   5   5   2   3   2   0   0   0  0.3153   1   1
   5   5   2   3   4   0   0   0  1.1418   1   1
   5   5   3   1   4   0   0   0 -2.9392   1   1
   5   5   3   1   6   0   0   0 -1.2020   1   1
   5   5   3   2   2   0   0   0 -0.3153   1   1
   5   5   3   2   4   0   0   0 -1.1418   1   1
   5   5   3   3   0   0   0   0 -2.5445   1   1
   5   5   3   3   2   0   0   0 -1.1250   1   1
   5   6   1   1   2   0   0   0 -0.3694   1   1
   5   6   1   1   4   0   0   0  2.0364   1   1
   5   6   1   2   2   0   0   0  1.2884   1   1
   5   6   1   2   4   0   0   0  2.0934   1   1
   5   6   1   3   4   0   0   0  3.1601   1   1
   5   6   2   1   2   0   0   0 -0.2036   1   1
   5   6   2   1   4   0   0   0 -0.8425   1   1
   5   6   2   2   2   0   0   0  0.2841   1   1
   5   6   2   2   4   0   0   0  1.1700   1   1
   5   6   2   3   2   0   0   0 -1.1633   1   1
   5   6   2   3   4   0   0   0 -0.4756   1   1
   5   6   3   1   4   0   0   0  4.2107   1   1
   5   6   3   2   2   0   0   0 -0.6698   1   1
   5   6   3   2   4   0   0   0  3.3641   1   1
   5   6   3   3   2   0   0   0 -1.4616   1   1
   6   4   1   1   4   0   0   0 -3.6201   1   1
   6   4   1   1   6   0   0   0  0.5140   1   1
   6   4   1   2   4   0   0   0 -2.6377   1   1
   6   4   1   2   6   0   0   0 -0.9958   1   1
   6   4   1   3   4   0   0   0 -5.3818   1   1
   6   4   1   3   6   0   0   0  0.3105   1   1
   6   4   2   1   4   0   0   0  1.2831   1   1
   6   4   2   1   6   0   0   0 -0.9310   1   1
   6   4   2   2   4   0   0   0 -2.9742   1   1
   6   4   2   2   6   0   0   0 -1.1924   1   1
   6   4   2   3   4   0   0   0  4.1328   1   1
   6   4   3   1   4   0   0   0 -2.2264   1   1
   6   4   3   1   6   0   0   0 -0.0055   1   1
   6   4   3   2   4   0   0   0 -3.0672   1   1
   6   5   1   1   2   0   0   0  0.3694   1   1
   6   5   1   1   4   0   0   0 -2.0364   1   1
   6   5   1   2   2   0   0   0 -0.2036   1   1
   6   5   1   2   4   0   0   0 -0.8425   1   1
   6   5   1   3   4   0   0   0 -4.2107   1   1
   6   5   2   1   2   0   0   0  1.2884   1   1
   6   5   2   1   4   0   0   0  2.0934   1   1
   6   5   2   2   2   0   0   0 -0.2841   1   1
   6   5   2   2   4   0   0   0 -1.1700   1   1
   6   5   2   3   2   0   0   0 -0.6698   1   1
   6   5   2   3   4   0   0   0  3.3641   1   1
   6   5   3   1   4   0   0   0 -3.1601   1   1
   6   5   3   2   2   0   0   0 -1.1633   1   1
   6   5   3   2   4   0   0   0 -0.4756   1   1
   6   5   3   3   2   0   0   0  1.4616   1   1
   6   6   1   1   0   0   0   0 -3.7358   1   1
   6   6   1   1   2   0   0   0  1.5618   1   1
   6   6   1   2   2   0   0   0 -1.2439   1   1
   6   6   2   1   2   0   0   0  1.2439   1   1
   6   6   2   2   0   0   0   0 -2.5939   1   1
   6   6   2   2   2   0   0   0 -1.1331   1   1
   6   6   2   3   2   0   0   0 -1.4116   1   1
   6   6   3   2   2   0   0   0  1.4116   1   1
   6   6   3   3   0   0   0   0 -4.9884   1   1
   6   6   3   3   2   0   0   0  1.3397   1   1
