############################################################################################################
# initial vector basename: cl340
# final   vector basename: cl340
# Operator file: Rn2.int
# Zero body term: 3.09093
# Jf  nJf     Ji  nJi      Ei          Ef         <Op1b>          <Op2b>         <Op1b+2b>     <Op0b+1b+2b>
###########################################################################################################
 0.0   1     0.0   1   -185.670    -185.670    6.971359e+00   -4.248914e-01    6.546468e+00    9.637398e+00
 0.0   1     0.0   2   -185.670    -180.725    2.257187e-02    2.255092e-02    4.512280e-02    4.512280e-02
 0.0   2     0.0   1   -180.725    -185.670    0.000000e+00    0.000000e+00    0.000000e+00    0.000000e+00
 0.0   2     0.0   2   -180.725    -180.725    6.961084e+00   -3.988781e-01    6.562206e+00    9.653136e+00
 1.0   1     1.0   1   -185.870    -185.870    7.037589e+00   -4.108033e-01    6.626786e+00    9.717716e+00
 1.0   1     1.0   2   -185.870    -184.173   -2.412138e-02   -1.496189e-03   -2.561757e-02   -2.561757e-02
 1.0   2     1.0   1   -184.173    -185.870    0.000000e+00    0.000000e+00    0.000000e+00    0.000000e+00
 1.0   2     1.0   2   -184.173    -184.173    6.968137e+00   -4.209489e-01    6.547188e+00    9.638118e+00
