############################################################################################################
# initial vector basename: ar340
# final   vector basename: ar340
# Operator file: Rp2.int
# Zero body term: 2.81421
# Jf  nJf     Ji  nJi      Ei          Ef         <Op1b>          <Op2b>         <Op1b+2b>     <Op0b+1b+2b>
###########################################################################################################
 0.0   1     0.0   1   -178.820    -178.820    7.347324e+00   -4.845298e-01    6.862794e+00    9.677004e+00
 0.0   1     0.0   2   -178.820    -173.911   -2.585350e-02   -6.309290e-03   -3.216278e-02   -3.216278e-02
 0.0   2     0.0   1   -173.911    -178.820    0.000000e+00    0.000000e+00    0.000000e+00    0.000000e+00
 0.0   2     0.0   2   -173.911    -173.911    7.363852e+00   -4.754938e-01    6.888358e+00    9.702568e+00
 1.0   1     1.0   1   -174.485    -174.485    7.352282e+00   -4.784356e-01    6.873846e+00    9.688056e+00
 1.0   1     1.0   2   -174.485    -172.356   -1.264568e-02    3.090930e-04   -1.233658e-02   -1.233658e-02
 1.0   2     1.0   1   -172.356    -174.485    0.000000e+00    0.000000e+00    0.000000e+00    0.000000e+00
 1.0   2     1.0   2   -172.356    -172.356    7.261214e+00   -4.479547e-01    6.813260e+00    9.627470e+00
