############################################################################################################
# initial vector basename: s_340
# final   vector basename: s_340
# Operator file: VCoul.int
# Zero body term: 14.6911
# Jf  nJf     Ji  nJi      Ei          Ef         <Op1b>          <Op2b>         <Op1b+2b>     <Op0b+1b+2b>
###########################################################################################################
 0.0   1     0.0   1   -191.725    -191.725    2.433013e+01    1.304388e+01    3.737401e+01    5.206511e+01
 0.0   1     0.0   2   -191.725    -186.996   -7.828582e-02   -1.332672e-01   -2.115530e-01   -2.115530e-01
 0.0   2     0.0   1   -186.996    -191.725    0.000000e+00    0.000000e+00    0.000000e+00    0.000000e+00
 0.0   2     0.0   2   -186.996    -186.996    2.433309e+01    1.270172e+01    3.703482e+01    5.172592e+01
 1.0   1     1.0   1   -187.764    -187.764    2.435384e+01    1.278199e+01    3.713582e+01    5.182692e+01
 1.0   1     1.0   2   -187.764    -185.006   -1.959303e-02    4.099666e-02    2.140364e-02    2.140364e-02
 1.0   2     1.0   1   -185.006    -187.764    0.000000e+00    0.000000e+00    0.000000e+00    0.000000e+00
 1.0   2     1.0   2   -185.006    -185.006    2.437398e+01    1.300492e+01    3.737890e+01    5.207000e+01
