############################################################################################################
# initial vector basename: ar340
# final   vector basename: ar340
# Operator file: Rn2.int
# Zero body term: 3.09093
# Jf  nJf     Ji  nJi      Ei          Ef         <Op1b>          <Op2b>         <Op1b+2b>     <Op0b+1b+2b>
###########################################################################################################
 0.0   1     0.0   1   -178.820    -178.820    6.189368e+00   -5.242416e-01    5.665127e+00    8.756057e+00
 0.0   1     0.0   2   -178.820    -173.911   -3.278097e-02   -3.893646e-02   -7.171743e-02   -7.171743e-02
 0.0   2     0.0   1   -173.911    -178.820    0.000000e+00    0.000000e+00    0.000000e+00    0.000000e+00
 0.0   2     0.0   2   -173.911    -173.911    6.152996e+00   -4.701622e-01    5.682834e+00    8.773764e+00
 1.0   1     1.0   1   -174.485    -174.485    6.152553e+00   -4.877804e-01    5.664773e+00    8.755703e+00
 1.0   1     1.0   2   -174.485    -172.356   -4.519000e-03    8.177662e-03    3.658662e-03    3.658662e-03
 1.0   2     1.0   1   -172.356    -174.485    0.000000e+00    0.000000e+00    0.000000e+00    0.000000e+00
 1.0   2     1.0   2   -172.356    -172.356    6.128676e+00   -5.315446e-01    5.597132e+00    8.688062e+00
