############################################################################################################
# initial vector basename: cl340
# final   vector basename: cl340
# Operator file: VCoul.int
# Zero body term: 14.6911
# Jf  nJf     Ji  nJi      Ei          Ef         <Op1b>          <Op2b>         <Op1b+2b>     <Op0b+1b+2b>
###########################################################################################################
 0.0   1     0.0   1   -185.670    -185.670    2.743062e+01    1.541042e+01    4.284104e+01    5.753214e+01
 0.0   1     0.0   2   -185.670    -180.725    5.547995e-02    1.181351e-01    1.736150e-01    1.736150e-01
 0.0   2     0.0   1   -180.725    -185.670    0.000000e+00    0.000000e+00    0.000000e+00    0.000000e+00
 0.0   2     0.0   2   -180.725    -180.725    2.741751e+01    1.525737e+01    4.267488e+01    5.736598e+01
 1.0   1     1.0   1   -185.871    -185.871    2.732616e+01    1.526091e+01    4.258707e+01    5.727817e+01
 1.0   1     1.0   2   -185.871    -184.173   -2.452142e-02    9.604877e-03   -1.491655e-02   -1.491655e-02
 1.0   2     1.0   1   -184.173    -185.871    0.000000e+00    0.000000e+00    0.000000e+00    0.000000e+00
 1.0   2     1.0   2   -184.173    -184.173    2.742716e+01    1.539859e+01    4.282575e+01    5.751685e+01
