############################################################################################################
# initial vector basename: ar340
# final   vector basename: ar340
# Operator file: VCoul.int
# Zero body term: 14.6911
# Jf  nJf     Ji  nJi      Ei          Ef         <Op1b>          <Op2b>         <Op1b+2b>     <Op0b+1b+2b>
###########################################################################################################
 0.0   1     0.0   1   -178.820    -178.820    3.055135e+01    1.821656e+01    4.876791e+01    6.345901e+01
 0.0   1     0.0   2   -178.820    -173.911    2.331074e-02    5.468635e-02    7.799709e-02    7.799709e-02
 0.0   2     0.0   1   -173.911    -178.820    0.000000e+00    0.000000e+00    0.000000e+00    0.000000e+00
 0.0   2     0.0   2   -173.911    -173.911    3.049577e+01    1.816859e+01    4.866436e+01    6.335546e+01
 1.0   1     1.0   1   -174.485    -174.485    3.051274e+01    1.818938e+01    4.870212e+01    6.339322e+01
 1.0   1     1.0   2   -174.485    -172.356   -1.227757e-02    1.290014e-02    6.225743e-04    6.225743e-04
 1.0   2     1.0   1   -172.356    -174.485    0.000000e+00    0.000000e+00    0.000000e+00    0.000000e+00
 1.0   2     1.0   2   -172.356    -172.356    3.065250e+01    1.805006e+01    4.870255e+01    6.339365e+01
