############################################################################################################
# initial vector basename: cl340
# final   vector basename: cl340
# Operator file: Rp2.int
# Zero body term: 2.81421
# Jf  nJf     Ji  nJi      Ei          Ef         <Op1b>          <Op2b>         <Op1b+2b>     <Op0b+1b+2b>
###########################################################################################################
 0.0   1     0.0   1   -185.670    -185.670    6.584188e+00   -6.076783e-01    5.976510e+00    8.790720e+00
 0.0   1     0.0   2   -185.670    -180.725    2.301735e-02    1.646446e-02    3.948180e-02    3.948180e-02
 0.0   2     0.0   1   -180.725    -185.670    0.000000e+00    0.000000e+00    0.000000e+00    0.000000e+00
 0.0   2     0.0   2   -180.725    -180.725    6.570783e+00   -5.662359e-01    6.004547e+00    8.818757e+00
 1.0   1     1.0   1   -185.870    -185.870    6.650215e+00   -6.149004e-01    6.035315e+00    8.849525e+00
 1.0   1     1.0   2   -185.870    -184.173   -2.528503e-02    4.106726e-03   -2.117831e-02   -2.117831e-02
 1.0   2     1.0   1   -184.173    -185.870    0.000000e+00    0.000000e+00    0.000000e+00    0.000000e+00
 1.0   2     1.0   2   -184.173    -184.173    6.579439e+00   -6.015240e-01    5.977916e+00    8.792126e+00
