############################################################################################################
# initial vector basename: s_340
# final   vector basename: s_340
# Operator file: Rn2.int
# Zero body term: 3.09093
# Jf  nJf     Ji  nJi      Ei          Ef         <Op1b>          <Op2b>         <Op1b+2b>     <Op0b+1b+2b>
###########################################################################################################
 0.0   1     0.0   1   -191.725    -191.725    7.757752e+00   -3.250627e-01    7.432689e+00    1.052362e+01
 0.0   1     0.0   2   -191.725    -186.996    1.255879e-02    6.947051e-03    1.950584e-02    1.950584e-02
 0.0   2     0.0   1   -186.996    -191.725    0.000000e+00    0.000000e+00    0.000000e+00    0.000000e+00
 0.0   2     0.0   2   -186.996    -186.996    7.772792e+00   -3.252570e-01    7.447535e+00    1.053847e+01
 1.0   1     1.0   1   -187.764    -187.764    7.764489e+00   -3.254019e-01    7.439087e+00    1.053002e+01
 1.0   1     1.0   2   -187.764    -185.006   -1.231653e-02    5.245893e-03   -7.070641e-03   -7.070641e-03
 1.0   2     1.0   1   -185.006    -187.764    0.000000e+00    0.000000e+00    0.000000e+00    0.000000e+00
 1.0   2     1.0   2   -185.006    -185.006    7.670402e+00   -3.127673e-01    7.357634e+00    1.044856e+01
