 ! Total Interaction
 256
   1   4   1   4     0     0   0.0000
   1   4   2   5     0     0   0.0000
   2   5   2   5     0     0   0.0000
   1   4   3   6     0     0   0.0000
   2   5   3   6     0     0   0.0000
   3   6   3   6     0     0   0.0000
   1   4   1   4     1     0  -1.3130
   1   4   2   4     1     0  -4.3002
   2   4   2   4     1     0  -5.4123
   1   5   2   4     1     0   7.4299
   1   4   1   5     1     0   4.2848
   1   5   1   5     1     0  -5.8457
   1   4   2   5     1     0   1.5620
   2   4   2   5     1     0  -0.3593
   1   5   2   5     1     0   0.3180
   2   5   2   5     1     0   0.4882
   1   4   3   5     1     0   0.0783
   2   4   3   5     1     0   2.7794
   1   5   3   5     1     0  -2.4983
   2   5   3   5     1     0   0.9361
   3   5   3   5     1     0  -2.8262
   2   6   3   5     1     0   3.5678
   1   4   2   6     1     0  -0.0158
   2   4   2   6     1     0  -2.5021
   1   5   2   6     1     0   2.7146
   2   5   2   6     1     0  -0.9432
   2   6   2   6     1     0  -2.8686
   1   4   3   6     1     0  -0.9797
   2   4   3   6     1     0  -2.5044
   1   5   3   6     1     0   2.5802
   2   5   3   6     1     0  -0.3628
   3   5   3   6     1     0   1.1934
   2   6   3   6     1     0  -1.1526
   3   6   3   6     1     0  -2.8809
   1   4   1   4     2     0   0.0000
   1   4   2   4     2     0   0.0000
   2   4   2   4     2     0   0.0000
   1   5   2   4     2     0   0.0000
   1   6   2   4     2     0   0.0000
   1   4   3   4     2     0   0.0000
   2   4   3   4     2     0   0.0000
   3   4   3   4     2     0   0.0000
   1   5   3   4     2     0   0.0000
   2   5   3   4     2     0   0.0000
   1   6   3   4     2     0   0.0000
   2   6   3   4     2     0   0.0000
   1   4   1   5     2     0   0.0000
   1   5   1   5     2     0   0.0000
   1   4   2   5     2     0   0.0000
   2   4   2   5     2     0   0.0000
   1   5   2   5     2     0   0.0000
   2   5   2   5     2     0   0.0000
   1   6   2   5     2     0   0.0000
   1   4   3   5     2     0   0.0000
   2   4   3   5     2     0   0.0000
   3   4   3   5     2     0   0.0000
   1   5   3   5     2     0   0.0000
   2   5   3   5     2     0   0.0000
   3   5   3   5     2     0   0.0000
   1   6   3   5     2     0   0.0000
   2   6   3   5     2     0   0.0000
   1   4   1   6     2     0   0.0000
   1   5   1   6     2     0   0.0000
   1   6   1   6     2     0   0.0000
   1   4   2   6     2     0   0.0000
   2   4   2   6     2     0   0.0000
   1   5   2   6     2     0   0.0000
   2   5   2   6     2     0   0.0000
   1   6   2   6     2     0   0.0000
   2   6   2   6     2     0   0.0000
   1   4   1   4     3     0  -1.0519
   1   4   2   4     3     0  -1.7615
   2   4   2   4     3     0  -0.5319
   1   5   2   4     3     0   1.2705
   1   6   2   4     3     0  -1.6289
   1   4   3   4     3     0  -1.8252
   2   4   3   4     3     0  -1.0409
   3   4   3   4     3     0  -2.7342
   1   5   3   4     3     0   1.5621
   2   5   3   4     3     0   0.0835
   1   6   3   4     3     0  -4.0505
   1   4   1   5     3     0   1.7718
   1   5   1   5     3     0  -0.7384
   1   4   2   5     3     0   0.2520
   2   4   2   5     3     0  -2.1141
   1   5   2   5     3     0   2.1147
   2   5   2   5     3     0  -2.2522
   1   6   2   5     3     0   0.0574
   1   4   1   6     3     0  -1.8131
   1   5   1   6     3     0   1.1168
   1   6   1   6     3     0  -2.9189
   1   4   1   4     4     0   0.0000
   1   4   2   4     4     0   0.0000
   2   4   2   4     4     0   0.0000
   1   5   2   4     4     0   0.0000
   1   4   1   5     4     0   0.0000
   1   5   1   5     4     0   0.0000
   1   4   1   4     5     0  -3.3335
   1   1   1   1     0     1  -1.3112
   1   1   2   2     0     1  -4.2034
   2   2   2   2     0     1   0.2854
   1   1   3   3     0     1  -1.2888
   2   2   3   3     0     1  -0.9753
   3   3   3   3     0     1  -0.8357
   1   4   1   4     0     1  -2.0488
   4   4   4   4     0     1  -2.1227
   1   4   2   5     0     1  -4.4777
   2   5   2   5     0     1  -0.2600
   4   4   5   5     0     1  -4.5640
   5   5   5   5     0     1  -0.1227
   1   4   3   6     0     1  -1.4414
   2   5   3   6     0     1  -1.0884
   3   6   3   6     0     1  -1.3339
   4   4   6   6     0     1  -1.4885
   5   5   6   6     0     1  -1.0921
   6   6   6   6     0     1  -1.3099
   1   2   1   2     1     1   1.1163
   1   2   2   3     1     1   0.0886
   2   3   2   3     1     1   0.5805
   1   4   1   4     1     1   0.0000
   1   4   2   4     1     1   0.0000
   2   4   2   4     1     1   0.0000
   1   5   2   4     1     1   0.0000
   1   4   1   5     1     1   0.0000
   1   5   1   5     1     1   0.0000
   1   4   2   5     1     1   0.0000
   2   4   2   5     1     1   0.0000
   1   5   2   5     1     1   0.0000
   2   5   2   5     1     1   0.0000
   1   4   3   5     1     1   0.0000
   2   4   3   5     1     1   0.0000
   1   5   3   5     1     1   0.0000
   2   5   3   5     1     1   0.0000
   3   5   3   5     1     1   0.0000
   2   6   3   5     1     1   0.0000
   4   5   4   5     1     1   0.9133
   1   4   2   6     1     1   0.0000
   2   4   2   6     1     1   0.0000
   1   5   2   6     1     1   0.0000
   2   5   2   6     1     1   0.0000
   2   6   2   6     1     1   0.0000
   1   4   3   6     1     1   0.0000
   2   4   3   6     1     1   0.0000
   1   5   3   6     1     1   0.0000
   2   5   3   6     1     1   0.0000
   3   5   3   6     1     1   0.0000
   2   6   3   6     1     1   0.0000
   3   6   3   6     1     1   0.0000
   4   5   5   6     1     1   0.1565
   5   6   5   6     1     1   0.3943
   1   1   1   1     2     1  -0.2362
   1   1   1   2     2     1  -0.3893
   1   2   1   2     2     1   0.9301
   1   1   2   2     2     1  -0.9703
   1   2   2   2     2     1  -0.7147
   2   2   2   2     2     1   0.3729
   1   3   2   2     2     1  -0.5100
   1   1   1   3     2     1  -0.7424
   1   2   1   3     2     1   0.1589
   1   3   1   3     2     1  -0.3149
   1   1   2   3     2     1   0.9355
   1   2   2   3     2     1   0.7081
   2   2   2   3     2     1   0.1518
   1   3   2   3     2     1   1.2511
   2   3   2   3     2     1   0.3915
   1   4   1   4     2     1  -0.7031
   1   4   2   4     2     1   0.4210
   2   4   2   4     2     1  -3.8244
   1   5   2   4     2     1  -5.0877
   1   6   2   4     2     1  -1.6261
   1   4   3   4     2     1  -0.8500
   2   4   3   4     2     1   1.2062
   3   4   3   4     2     1  -0.8628
   1   5   3   4     2     1   1.5073
   2   5   3   4     2     1  -0.5048
   1   6   3   4     2     1  -0.5284
   2   6   3   4     2     1   3.6965
   4   4   4   4     2     1  -0.7547
   1   4   1   5     2     1  -0.3797
   1   5   1   5     2     1  -3.9668
   1   4   2   5     2     1  -1.0386
   2   4   2   5     2     1   0.7273
   1   5   2   5     2     1  -0.7441
   2   5   2   5     2     1   0.0355
   1   6   2   5     2     1  -0.5440
   1   4   3   5     2     1  -1.0173
   2   4   3   5     2     1  -0.5266
   3   4   3   5     2     1   1.0944
   1   5   3   5     2     1  -2.0790
   2   5   3   5     2     1  -0.1884
   3   5   3   5     2     1  -1.1830
   1   6   3   5     2     1  -3.7662
   2   6   3   5     2     1  -1.3323
   4   4   4   5     2     1  -0.3810
   4   5   4   5     2     1   0.6664
   4   4   5   5     2     1  -1.0396
   4   5   5   5     2     1  -0.7277
   5   5   5   5     2     1   0.0989
   4   6   5   5     2     1  -0.5264
   1   4   1   6     2     1  -0.8633
   1   5   1   6     2     1  -1.2964
   1   6   1   6     2     1  -1.0899
   1   4   2   6     2     1   1.0026
   2   4   2   6     2     1  -2.1114
   1   5   2   6     2     1  -0.6421
   2   5   2   6     2     1   0.2144
   1   6   2   6     2     1  -1.1126
   2   6   2   6     2     1  -1.2135
   4   4   4   6     2     1  -0.9332
   4   5   4   6     2     1   0.1983
   4   6   4   6     2     1  -0.7597
   4   4   5   6     2     1   1.0540
   4   5   5   6     2     1   0.7860
   5   5   5   6     2     1   0.1832
   4   6   5   6     2     1   1.3517
   5   6   5   6     2     1   0.1677
   1   2   1   2     3     1   0.5669
   1   2   1   3     3     1  -0.2150
   1   3   1   3     3     1   0.8971
   1   4   1   4     3     1   0.0000
   1   4   2   4     3     1   0.0000
   2   4   2   4     3     1   0.0000
   1   5   2   4     3     1   0.0000
   1   6   2   4     3     1   0.0000
   1   4   3   4     3     1   0.0000
   2   4   3   4     3     1   0.0000
   3   4   3   4     3     1   0.0000
   1   5   3   4     3     1   0.0000
   2   5   3   4     3     1   0.0000
   1   6   3   4     3     1   0.0000
   1   4   1   5     3     1   0.0000
   1   5   1   5     3     1   0.0000
   1   4   2   5     3     1   0.0000
   2   4   2   5     3     1   0.0000
   1   5   2   5     3     1   0.0000
   2   5   2   5     3     1   0.0000
   1   6   2   5     3     1   0.0000
   4   5   4   5     3     1   0.3416
   1   4   1   6     3     1   0.0000
   1   5   1   6     3     1   0.0000
   1   6   1   6     3     1   0.0000
   4   5   4   6     3     1  -0.2658
   4   6   4   6     3     1   0.6432
   1   1   1   1     4     1   0.3879
   1   1   1   2     4     1  -1.1745
   1   2   1   2     4     1  -0.1964
   1   4   1   4     4     1  -0.0212
   1   4   2   4     4     1   1.2370
   2   4   2   4     4     1  -4.1793
   1   5   2   4     4     1  -3.1483
   4   4   4   4     4     1  -0.0548
   1   4   1   5     4     1  -1.3043
   1   5   1   5     4     1  -4.3883
   4   4   4   5     4     1  -1.3251
   4   5   4   5     4     1  -0.4742
   1   4   1   4     5     1   0.0000
